equipment_type,cntry_army,flag,system,status,image_link,total_equipment_type_oryx,total_system_oryx,total_destroyed_oryx,total_abandoned_oryx,total_captured_oryx,total_damaged_oryx,timestamp
Tanks,Russia,https://upload.wikimedia.org/wikipedia/commons/thumb/a/a9/Flag_of_the_Soviet_Union.svg/23px-Flag_of_the_Soviet_Union.svg.png,T-62M,destroyed,https://twitter.com/UAWeapons/status/1544797070883684353,12,1262,729,53,430,50,2022-10-04T21:08:09Z
Tanks,Russia,https://upload.wikimedia.org/wikipedia/commons/thumb/a/a9/Flag_of_the_Soviet_Union.svg/23px-Flag_of_the_Soviet_Union.svg.png,T-62M,destroyed,https://twitter.com/UAWeapons/status/1570762479357276162,12,1262,729,53,430,50,2022-10-04T21:08:09Z
Tanks,Russia,https://upload.wikimedia.org/wikipedia/commons/thumb/a/a9/Flag_of_the_Soviet_Union.svg/23px-Flag_of_the_Soviet_Union.svg.png,T-62M,destroyed,https://twitter.com/UAWeapons/status/1572672235726573568,12,1262,729,53,430,50,2022-10-04T21:08:09Z
Tanks,Russia,https://upload.wikimedia.org/wikipedia/commons/thumb/a/a9/Flag_of_the_Soviet_Union.svg/23px-Flag_of_the_Soviet_Union.svg.png,T-62M,destroyed,https://i.postimg.cc/1RgLFDPB/1000-t-62-M-destr.jpg,12,1262,729,53,430,50,2022-10-04T21:08:09Z
Tanks,Russia,https://upload.wikimedia.org/wikipedia/commons/thumb/a/a9/Flag_of_the_Soviet_Union.svg/23px-Flag_of_the_Soviet_Union.svg.png,T-62M,abandoned,https://twitter.com/Blue_Sauron/status/1572563299576975361,12,1262,729,53,430,50,2022-10-04T21:08:09Z
Tanks,Russia,https://upload.wikimedia.org/wikipedia/commons/thumb/a/a9/Flag_of_the_Soviet_Union.svg/23px-Flag_of_the_Soviet_Union.svg.png,T-62M,abandoned,https://i.postimg.cc/FHvqwqSC/1007-t62m-dam-aban.jpg,12,1262,729,53,430,50,2022-10-04T21:08:09Z
Tanks,Russia,https://upload.wikimedia.org/wikipedia/commons/thumb/a/a9/Flag_of_the_Soviet_Union.svg/23px-Flag_of_the_Soviet_Union.svg.png,T-62M,captured,https://twitter.com/UAWeapons/status/1570054722563997698,12,1262,729,53,430,50,2022-10-04T21:08:09Z
Tanks,Russia,https://upload.wikimedia.org/wikipedia/commons/thumb/a/a9/Flag_of_the_Soviet_Union.svg/23px-Flag_of_the_Soviet_Union.svg.png,T-62M,captured,https://twitter.com/UAWeapons/status/1576910090447179777,12,1262,729,53,430,50,2022-10-04T21:08:09Z
Tanks,Russia,https://upload.wikimedia.org/wikipedia/commons/thumb/a/a9/Flag_of_the_Soviet_Union.svg/23px-Flag_of_the_Soviet_Union.svg.png,T-62M,captured,https://twitter.com/UAWeapons/status/1577227267226599424,12,1262,729,53,430,50,2022-10-04T21:08:09Z
Tanks,Russia,https://upload.wikimedia.org/wikipedia/commons/thumb/a/a9/Flag_of_the_Soviet_Union.svg/23px-Flag_of_the_Soviet_Union.svg.png,T-62M,captured,https://twitter.com/UAWeapons/status/1577227267226599424,12,1262,729,53,430,50,2022-10-04T21:08:09Z
Tanks,Russia,https://upload.wikimedia.org/wikipedia/commons/thumb/a/a9/Flag_of_the_Soviet_Union.svg/23px-Flag_of_the_Soviet_Union.svg.png,T-62M,captured,https://twitter.com/UAWeapons/status/1577323803478265856,12,1262,729,53,430,50,2022-10-04T21:08:09Z
Tanks,Russia,https://upload.wikimedia.org/wikipedia/commons/thumb/a/a9/Flag_of_the_Soviet_Union.svg/23px-Flag_of_the_Soviet_Union.svg.png,T-62M,captured,https://twitter.com/UAWeapons/status/1577189784057163778,12,1262,729,53,430,50,2022-10-04T21:08:09Z
Tanks,Russia,https://upload.wikimedia.org/wikipedia/commons/thumb/a/a9/Flag_of_the_Soviet_Union.svg/23px-Flag_of_the_Soviet_Union.svg.png,T-62MV,damaged,https://twitter.com/UAWeapons/status/1577189346587082752,1,1262,729,53,430,50,2022-10-04T21:08:09Z
Tanks,Russia,https://upload.wikimedia.org/wikipedia/commons/thumb/a/a9/Flag_of_the_Soviet_Union.svg/23px-Flag_of_the_Soviet_Union.svg.png,T-64A,destroyed,https://i.postimg.cc/fRWSdTBn/d32.png,2,1262,729,53,430,50,2022-10-04T21:08:09Z
Tanks,Russia,https://upload.wikimedia.org/wikipedia/commons/thumb/a/a9/Flag_of_the_Soviet_Union.svg/23px-Flag_of_the_Soviet_Union.svg.png,T-64A,destroyed,https://twitter.com/UAWeapons/status/1561363838481666050,2,1262,729,53,430,50,2022-10-04T21:08:09Z
Tanks,Russia,https://upload.wikimedia.org/wikipedia/commons/thumb/a/a9/Flag_of_the_Soviet_Union.svg/23px-Flag_of_the_Soviet_Union.svg.png,T-64BV,destroyed,https://i.postimg.cc/B63LSk6q/431v.png,39,1262,729,53,430,50,2022-10-04T21:08:09Z
Tanks,Russia,https://upload.wikimedia.org/wikipedia/commons/thumb/a/a9/Flag_of_the_Soviet_Union.svg/23px-Flag_of_the_Soviet_Union.svg.png,T-64BV,destroyed,https://i.postimg.cc/zDKNSv0P/4431.png,39,1262,729,53,430,50,2022-10-04T21:08:09Z
Tanks,Russia,https://upload.wikimedia.org/wikipedia/commons/thumb/a/a9/Flag_of_the_Soviet_Union.svg/23px-Flag_of_the_Soviet_Union.svg.png,T-64BV,destroyed,https://i.postimg.cc/vTVpDRV2/4fhh.png,39,1262,729,53,430,50,2022-10-04T21:08:09Z
Tanks,Russia,https://upload.wikimedia.org/wikipedia/commons/thumb/a/a9/Flag_of_the_Soviet_Union.svg/23px-Flag_of_the_Soviet_Union.svg.png,T-64BV,destroyed,https://i.postimg.cc/nLkXCgJk/5gk.png,39,1262,729,53,430,50,2022-10-04T21:08:09Z
Tanks,Russia,https://upload.wikimedia.org/wikipedia/commons/thumb/a/a9/Flag_of_the_Soviet_Union.svg/23px-Flag_of_the_Soviet_Union.svg.png,T-64BV,destroyed,https://i.postimg.cc/13SPjpnQ/325.png,39,1262,729,53,430,50,2022-10-04T21:08:09Z
Tanks,Russia,https://upload.wikimedia.org/wikipedia/commons/thumb/a/a9/Flag_of_the_Soviet_Union.svg/23px-Flag_of_the_Soviet_Union.svg.png,T-64BV,destroyed,https://i.postimg.cc/Dm38Wx0v/669.png,39,1262,729,53,430,50,2022-10-04T21:08:09Z
Tanks,Russia,https://upload.wikimedia.org/wikipedia/commons/thumb/a/a9/Flag_of_the_Soviet_Union.svg/23px-Flag_of_the_Soviet_Union.svg.png,T-64BV,destroyed,https://i.postimg.cc/cJd3fT2C/1001.jpg,39,1262,729,53,430,50,2022-10-04T21:08:09Z
Tanks,Russia,https://upload.wikimedia.org/wikipedia/commons/thumb/a/a9/Flag_of_the_Soviet_Union.svg/23px-Flag_of_the_Soviet_Union.svg.png,T-64BV,destroyed,https://i.postimg.cc/1581jxkd/b5.png,39,1262,729,53,430,50,2022-10-04T21:08:09Z
Tanks,Russia,https://upload.wikimedia.org/wikipedia/commons/thumb/a/a9/Flag_of_the_Soviet_Union.svg/23px-Flag_of_the_Soviet_Union.svg.png,T-64BV,destroyed,https://i.postimg.cc/6q8wYjYT/1007-t64bv.jpg,39,1262,729,53,430,50,2022-10-04T21:08:09Z
Tanks,Russia,https://upload.wikimedia.org/wikipedia/commons/thumb/a/a9/Flag_of_the_Soviet_Union.svg/23px-Flag_of_the_Soviet_Union.svg.png,T-64BV,destroyed,https://i.postimg.cc/Tw0Bjx5w/768.jpg,39,1262,729,53,430,50,2022-10-04T21:08:09Z
Tanks,Russia,https://upload.wikimedia.org/wikipedia/commons/thumb/a/a9/Flag_of_the_Soviet_Union.svg/23px-Flag_of_the_Soviet_Union.svg.png,T-64BV,destroyed,https://i.postimg.cc/3JVy55q6/d7.png,39,1262,729,53,430,50,2022-10-04T21:08:09Z
Tanks,Russia,https://upload.wikimedia.org/wikipedia/commons/thumb/a/a9/Flag_of_the_Soviet_Union.svg/23px-Flag_of_the_Soviet_Union.svg.png,T-64BV,destroyed,https://i.postimg.cc/MTWR5mFW/3dd2.png,39,1262,729,53,430,50,2022-10-04T21:08:09Z
Tanks,Russia,https://upload.wikimedia.org/wikipedia/commons/thumb/a/a9/Flag_of_the_Soviet_Union.svg/23px-Flag_of_the_Soviet_Union.svg.png,T-64BV,destroyed,https://i.postimg.cc/HnjRpt75/f2gh.jpg,39,1262,729,53,430,50,2022-10-04T21:08:09Z
Tanks,Russia,https://upload.wikimedia.org/wikipedia/commons/thumb/a/a9/Flag_of_the_Soviet_Union.svg/23px-Flag_of_the_Soviet_Union.svg.png,T-64BV,destroyed,https://i.postimg.cc/pTfSkjxd/23.jpg,39,1262,729,53,430,50,2022-10-04T21:08:09Z
Tanks,Russia,https://upload.wikimedia.org/wikipedia/commons/thumb/a/a9/Flag_of_the_Soviet_Union.svg/23px-Flag_of_the_Soviet_Union.svg.png,T-64BV,destroyed,https://i.postimg.cc/brCYNNH4/46.jpg,39,1262,729,53,430,50,2022-10-04T21:08:09Z
Tanks,Russia,https://upload.wikimedia.org/wikipedia/commons/thumb/a/a9/Flag_of_the_Soviet_Union.svg/23px-Flag_of_the_Soviet_Union.svg.png,T-64BV,destroyed,https://twitter.com/UAWeapons/status/1561363838481666050,39,1262,729,53,430,50,2022-10-04T21:08:09Z
Tanks,Russia,https://upload.wikimedia.org/wikipedia/commons/thumb/a/a9/Flag_of_the_Soviet_Union.svg/23px-Flag_of_the_Soviet_Union.svg.png,T-64BV,destroyed,https://twitter.com/UAWeapons/status/1531973654313152515,39,1262,729,53,430,50,2022-10-04T21:08:09Z
Tanks,Russia,https://upload.wikimedia.org/wikipedia/commons/thumb/a/a9/Flag_of_the_Soviet_Union.svg/23px-Flag_of_the_Soviet_Union.svg.png,T-64BV,destroyed,https://i.postimg.cc/x1Ldg955/g55.jpg,39,1262,729,53,430,50,2022-10-04T21:08:09Z
Tanks,Russia,https://upload.wikimedia.org/wikipedia/commons/thumb/a/a9/Flag_of_the_Soviet_Union.svg/23px-Flag_of_the_Soviet_Union.svg.png,T-64BV,destroyed,https://twitter.com/UAWeapons/status/1534939583821107200,39,1262,729,53,430,50,2022-10-04T21:08:09Z
Tanks,Russia,https://upload.wikimedia.org/wikipedia/commons/thumb/a/a9/Flag_of_the_Soviet_Union.svg/23px-Flag_of_the_Soviet_Union.svg.png,T-64BV,destroyed,https://i.postimg.cc/W3f6ZSkK/3dg.png,39,1262,729,53,430,50,2022-10-04T21:08:09Z
Tanks,Russia,https://upload.wikimedia.org/wikipedia/commons/thumb/a/a9/Flag_of_the_Soviet_Union.svg/23px-Flag_of_the_Soviet_Union.svg.png,T-64BV,destroyed,https://twitter.com/UAWeapons/status/1539939158944358401,39,1262,729,53,430,50,2022-10-04T21:08:09Z
Tanks,Russia,https://upload.wikimedia.org/wikipedia/commons/thumb/a/a9/Flag_of_the_Soviet_Union.svg/23px-Flag_of_the_Soviet_Union.svg.png,T-64BV,destroyed,https://twitter.com/UAWeapons/status/1541049828288905218,39,1262,729,53,430,50,2022-10-04T21:08:09Z
Tanks,Russia,https://upload.wikimedia.org/wikipedia/commons/thumb/a/a9/Flag_of_the_Soviet_Union.svg/23px-Flag_of_the_Soviet_Union.svg.png,T-64BV,destroyed,https://twitter.com/UAWeapons/status/1546565537895006209,39,1262,729,53,430,50,2022-10-04T21:08:09Z
Tanks,Russia,https://upload.wikimedia.org/wikipedia/commons/thumb/a/a9/Flag_of_the_Soviet_Union.svg/23px-Flag_of_the_Soviet_Union.svg.png,T-64BV,destroyed,https://i.postimg.cc/t4vTP4WB/1001.jpg,39,1262,729,53,430,50,2022-10-04T21:08:09Z
Tanks,Russia,https://upload.wikimedia.org/wikipedia/commons/thumb/a/a9/Flag_of_the_Soviet_Union.svg/23px-Flag_of_the_Soviet_Union.svg.png,T-64BV,destroyed,https://i.postimg.cc/BvnT06jT/1002-t64bv.jpg,39,1262,729,53,430,50,2022-10-04T21:08:09Z
Tanks,Russia,https://upload.wikimedia.org/wikipedia/commons/thumb/a/a9/Flag_of_the_Soviet_Union.svg/23px-Flag_of_the_Soviet_Union.svg.png,T-64BV,destroyed,https://i.postimg.cc/rmv7hXSY/1000-t64bv.jpg,39,1262,729,53,430,50,2022-10-04T21:08:09Z
Tanks,Russia,https://upload.wikimedia.org/wikipedia/commons/thumb/a/a9/Flag_of_the_Soviet_Union.svg/23px-Flag_of_the_Soviet_Union.svg.png,T-64BV,destroyed,https://postlmg.cc/NL1NP1jq,39,1262,729,53,430,50,2022-10-04T21:08:09Z
Tanks,Russia,https://upload.wikimedia.org/wikipedia/commons/thumb/a/a9/Flag_of_the_Soviet_Union.svg/23px-Flag_of_the_Soviet_Union.svg.png,T-64BV,destroyed,https://i.postimg.cc/y6bmyjgM/1016-t64bv.jpg,39,1262,729,53,430,50,2022-10-04T21:08:09Z
Tanks,Russia,https://upload.wikimedia.org/wikipedia/commons/thumb/a/a9/Flag_of_the_Soviet_Union.svg/23px-Flag_of_the_Soviet_Union.svg.png,T-64BV,destroyed,https://i.postimg.cc/8k7tNFWS/1000-t72b.jpg,39,1262,729,53,430,50,2022-10-04T21:08:09Z
Tanks,Russia,https://upload.wikimedia.org/wikipedia/commons/thumb/a/a9/Flag_of_the_Soviet_Union.svg/23px-Flag_of_the_Soviet_Union.svg.png,T-64BV,destroyed,https://i.postimg.cc/rwVpBPxz/1002-t64bv-destr.jpg,39,1262,729,53,430,50,2022-10-04T21:08:09Z
Tanks,Russia,https://upload.wikimedia.org/wikipedia/commons/thumb/a/a9/Flag_of_the_Soviet_Union.svg/23px-Flag_of_the_Soviet_Union.svg.png,T-64BV,damaged,https://postimg.cc/RqK9zGbg,39,1262,729,53,430,50,2022-10-04T21:08:09Z
Tanks,Russia,https://upload.wikimedia.org/wikipedia/commons/thumb/a/a9/Flag_of_the_Soviet_Union.svg/23px-Flag_of_the_Soviet_Union.svg.png,T-64BV,damaged,https://i.postimg.cc/SQYyjpnT/887.jpg,39,1262,729,53,430,50,2022-10-04T21:08:09Z
Tanks,Russia,https://upload.wikimedia.org/wikipedia/commons/thumb/a/a9/Flag_of_the_Soviet_Union.svg/23px-Flag_of_the_Soviet_Union.svg.png,T-64BV,abandoned,https://i.postimg.cc/2SxhnNXW/545.jpg,39,1262,729,53,430,50,2022-10-04T21:08:09Z
Tanks,Russia,https://upload.wikimedia.org/wikipedia/commons/thumb/a/a9/Flag_of_the_Soviet_Union.svg/23px-Flag_of_the_Soviet_Union.svg.png,T-64BV,abandoned,https://twitter.com/Osinttechnical/status/1543835821123534849,39,1262,729,53,430,50,2022-10-04T21:08:09Z
Tanks,Russia,https://upload.wikimedia.org/wikipedia/commons/thumb/a/a9/Flag_of_the_Soviet_Union.svg/23px-Flag_of_the_Soviet_Union.svg.png,T-64BV,captured,https://i.postimg.cc/rydk48wh/n0.png,39,1262,729,53,430,50,2022-10-04T21:08:09Z
Tanks,Russia,https://upload.wikimedia.org/wikipedia/commons/thumb/a/a9/Flag_of_the_Soviet_Union.svg/23px-Flag_of_the_Soviet_Union.svg.png,T-64BV,captured,https://i.postimg.cc/VL4dSdk8/32133.png,39,1262,729,53,430,50,2022-10-04T21:08:09Z
Tanks,Russia,https://upload.wikimedia.org/wikipedia/commons/thumb/a/a9/Flag_of_the_Soviet_Union.svg/23px-Flag_of_the_Soviet_Union.svg.png,T-64BV,damaged,https://i.postimg.cc/Gmh6ZzQv/31d.png,39,1262,729,53,430,50,2022-10-04T21:08:09Z
Tanks,Russia,https://upload.wikimedia.org/wikipedia/commons/thumb/a/a9/Flag_of_the_Soviet_Union.svg/23px-Flag_of_the_Soviet_Union.svg.png,T-64BV,captured,https://i.postimg.cc/W4kWxSLT/7769.jpg,39,1262,729,53,430,50,2022-10-04T21:08:09Z
Tanks,Russia,https://upload.wikimedia.org/wikipedia/commons/thumb/a/a9/Flag_of_the_Soviet_Union.svg/23px-Flag_of_the_Soviet_Union.svg.png,T-64BV,captured,https://i.postimg.cc/v8J9YFfJ/1007.jpg,39,1262,729,53,430,50,2022-10-04T21:08:09Z
Tanks,Russia,https://upload.wikimedia.org/wikipedia/commons/thumb/a/a9/Flag_of_the_Soviet_Union.svg/23px-Flag_of_the_Soviet_Union.svg.png,T-72A,destroyed,https://i.postimg.cc/Prr1LXqZ/58.png,32,1262,729,53,430,50,2022-10-04T21:08:09Z
Tanks,Russia,https://upload.wikimedia.org/wikipedia/commons/thumb/a/a9/Flag_of_the_Soviet_Union.svg/23px-Flag_of_the_Soviet_Union.svg.png,T-72A,destroyed,https://i.postimg.cc/mrQPXJDB/e1.png,32,1262,729,53,430,50,2022-10-04T21:08:09Z
Tanks,Russia,https://upload.wikimedia.org/wikipedia/commons/thumb/a/a9/Flag_of_the_Soviet_Union.svg/23px-Flag_of_the_Soviet_Union.svg.png,T-72A,destroyed,https://i.postimg.cc/zBPksXf8/1000-t-72a.jpg,32,1262,729,53,430,50,2022-10-04T21:08:09Z
Tanks,Russia,https://upload.wikimedia.org/wikipedia/commons/thumb/a/a9/Flag_of_the_Soviet_Union.svg/23px-Flag_of_the_Soviet_Union.svg.png,T-72A,destroyed,https://i.postimg.cc/ZnhCrpqR/28.png,32,1262,729,53,430,50,2022-10-04T21:08:09Z
Tanks,Russia,https://upload.wikimedia.org/wikipedia/commons/thumb/a/a9/Flag_of_the_Soviet_Union.svg/23px-Flag_of_the_Soviet_Union.svg.png,T-72A,destroyed,https://i.postimg.cc/kX7BT8yc/65.jpg,32,1262,729,53,430,50,2022-10-04T21:08:09Z
Tanks,Russia,https://upload.wikimedia.org/wikipedia/commons/thumb/a/a9/Flag_of_the_Soviet_Union.svg/23px-Flag_of_the_Soviet_Union.svg.png,T-72A,destroyed,https://i.postimg.cc/Dy6Y8N89/g7.jpg,32,1262,729,53,430,50,2022-10-04T21:08:09Z
Tanks,Russia,https://upload.wikimedia.org/wikipedia/commons/thumb/a/a9/Flag_of_the_Soviet_Union.svg/23px-Flag_of_the_Soviet_Union.svg.png,T-72A,destroyed,https://i.postimg.cc/tg0SKYHf/2216.jpg,32,1262,729,53,430,50,2022-10-04T21:08:09Z
Tanks,Russia,https://upload.wikimedia.org/wikipedia/commons/thumb/a/a9/Flag_of_the_Soviet_Union.svg/23px-Flag_of_the_Soviet_Union.svg.png,T-72A,destroyed,https://i.postimg.cc/MG3NKhKh/1003.jpg,32,1262,729,53,430,50,2022-10-04T21:08:09Z
Tanks,Russia,https://upload.wikimedia.org/wikipedia/commons/thumb/a/a9/Flag_of_the_Soviet_Union.svg/23px-Flag_of_the_Soviet_Union.svg.png,T-72A,destroyed,https://i.postimg.cc/rwLTCjMW/554.jpg,32,1262,729,53,430,50,2022-10-04T21:08:09Z
Tanks,Russia,https://upload.wikimedia.org/wikipedia/commons/thumb/a/a9/Flag_of_the_Soviet_Union.svg/23px-Flag_of_the_Soviet_Union.svg.png,T-72A,destroyed,https://i.postimg.cc/bvVFDzy9/326.png,32,1262,729,53,430,50,2022-10-04T21:08:09Z
Tanks,Russia,https://upload.wikimedia.org/wikipedia/commons/thumb/a/a9/Flag_of_the_Soviet_Union.svg/23px-Flag_of_the_Soviet_Union.svg.png,T-72A,destroyed,https://twitter.com/UAWeapons/status/1545074010299547650,32,1262,729,53,430,50,2022-10-04T21:08:09Z
Tanks,Russia,https://upload.wikimedia.org/wikipedia/commons/thumb/a/a9/Flag_of_the_Soviet_Union.svg/23px-Flag_of_the_Soviet_Union.svg.png,T-72A,destroyed,https://twitter.com/UAWeapons/status/1545074010299547650,32,1262,729,53,430,50,2022-10-04T21:08:09Z
Tanks,Russia,https://upload.wikimedia.org/wikipedia/commons/thumb/a/a9/Flag_of_the_Soviet_Union.svg/23px-Flag_of_the_Soviet_Union.svg.png,T-72A,destroyed,https://i.postimg.cc/rw2xrW1L/1000-t72a.jpg,32,1262,729,53,430,50,2022-10-04T21:08:09Z
Tanks,Russia,https://upload.wikimedia.org/wikipedia/commons/thumb/a/a9/Flag_of_the_Soviet_Union.svg/23px-Flag_of_the_Soviet_Union.svg.png,T-72A,destroyed,https://i.postimg.cc/qB9j1Ns1/1001-t72a.jpg,32,1262,729,53,430,50,2022-10-04T21:08:09Z
Tanks,Russia,https://upload.wikimedia.org/wikipedia/commons/thumb/a/a9/Flag_of_the_Soviet_Union.svg/23px-Flag_of_the_Soviet_Union.svg.png,T-72A,destroyed,https://i.postimg.cc/2617wYVp/1021-t72a.jpg,32,1262,729,53,430,50,2022-10-04T21:08:09Z
Tanks,Russia,https://upload.wikimedia.org/wikipedia/commons/thumb/a/a9/Flag_of_the_Soviet_Union.svg/23px-Flag_of_the_Soviet_Union.svg.png,T-72A,damaged,https://i.postimg.cc/0jTSbC5M/1012.jpg,32,1262,729,53,430,50,2022-10-04T21:08:09Z
Tanks,Russia,https://upload.wikimedia.org/wikipedia/commons/thumb/a/a9/Flag_of_the_Soviet_Union.svg/23px-Flag_of_the_Soviet_Union.svg.png,T-72A,abandoned,https://i.postimg.cc/q7Pd3TMR/5g4.jpg,32,1262,729,53,430,50,2022-10-04T21:08:09Z
Tanks,Russia,https://upload.wikimedia.org/wikipedia/commons/thumb/a/a9/Flag_of_the_Soviet_Union.svg/23px-Flag_of_the_Soviet_Union.svg.png,T-72A,captured,https://i.postimg.cc/DfBZsDkg/558.png,32,1262,729,53,430,50,2022-10-04T21:08:09Z
Tanks,Russia,https://upload.wikimedia.org/wikipedia/commons/thumb/a/a9/Flag_of_the_Soviet_Union.svg/23px-Flag_of_the_Soviet_Union.svg.png,T-72A,captured,https://i.postimg.cc/tTk2850K/1d4.jpg,32,1262,729,53,430,50,2022-10-04T21:08:09Z
Tanks,Russia,https://upload.wikimedia.org/wikipedia/commons/thumb/a/a9/Flag_of_the_Soviet_Union.svg/23px-Flag_of_the_Soviet_Union.svg.png,T-72A,captured,https://i.postimg.cc/j283Hqqn/3d1d.png,32,1262,729,53,430,50,2022-10-04T21:08:09Z
Tanks,Russia,https://upload.wikimedia.org/wikipedia/commons/thumb/a/a9/Flag_of_the_Soviet_Union.svg/23px-Flag_of_the_Soviet_Union.svg.png,T-72A,captured,https://i.postimg.cc/pLZK95pC/6652.jpg,32,1262,729,53,430,50,2022-10-04T21:08:09Z
Tanks,Russia,https://upload.wikimedia.org/wikipedia/commons/thumb/a/a9/Flag_of_the_Soviet_Union.svg/23px-Flag_of_the_Soviet_Union.svg.png,T-72A,captured,https://i.postimg.cc/8zcL9Jbz/40.png,32,1262,729,53,430,50,2022-10-04T21:08:09Z
Tanks,Russia,https://upload.wikimedia.org/wikipedia/commons/thumb/a/a9/Flag_of_the_Soviet_Union.svg/23px-Flag_of_the_Soviet_Union.svg.png,T-72A,captured,https://i.postimg.cc/wMVfmqq2/499.png,32,1262,729,53,430,50,2022-10-04T21:08:09Z
Tanks,Russia,https://upload.wikimedia.org/wikipedia/commons/thumb/a/a9/Flag_of_the_Soviet_Union.svg/23px-Flag_of_the_Soviet_Union.svg.png,T-72A,captured,https://i.postimg.cc/gkg20f3r/ty.png,32,1262,729,53,430,50,2022-10-04T21:08:09Z
Tanks,Russia,https://upload.wikimedia.org/wikipedia/commons/thumb/a/a9/Flag_of_the_Soviet_Union.svg/23px-Flag_of_the_Soviet_Union.svg.png,T-72A,captured,https://i.postimg.cc/wB7PKkxS/f9.jpg,32,1262,729,53,430,50,2022-10-04T21:08:09Z
Tanks,Russia,https://upload.wikimedia.org/wikipedia/commons/thumb/a/a9/Flag_of_the_Soviet_Union.svg/23px-Flag_of_the_Soviet_Union.svg.png,T-72A,captured,https://i.postimg.cc/VkHjZR9j/266.png,32,1262,729,53,430,50,2022-10-04T21:08:09Z
Tanks,Russia,https://upload.wikimedia.org/wikipedia/commons/thumb/a/a9/Flag_of_the_Soviet_Union.svg/23px-Flag_of_the_Soviet_Union.svg.png,T-72A,captured,https://i.postimg.cc/BbJTW4Xw/44h.png,32,1262,729,53,430,50,2022-10-04T21:08:09Z
Tanks,Russia,https://upload.wikimedia.org/wikipedia/commons/thumb/a/a9/Flag_of_the_Soviet_Union.svg/23px-Flag_of_the_Soviet_Union.svg.png,T-72A,captured,https://i.postimg.cc/d18cYRk7/4f.jpg,32,1262,729,53,430,50,2022-10-04T21:08:09Z
Tanks,Russia,https://upload.wikimedia.org/wikipedia/commons/thumb/a/a9/Flag_of_the_Soviet_Union.svg/23px-Flag_of_the_Soviet_Union.svg.png,T-72A,captured,https://i.postimg.cc/HkMqRm4q/7j6.png,32,1262,729,53,430,50,2022-10-04T21:08:09Z
Tanks,Russia,https://upload.wikimedia.org/wikipedia/commons/thumb/a/a9/Flag_of_the_Soviet_Union.svg/23px-Flag_of_the_Soviet_Union.svg.png,T-72A,captured,https://i.postimg.cc/52nb5fqk/3222.jpg,32,1262,729,53,430,50,2022-10-04T21:08:09Z
Tanks,Russia,https://upload.wikimedia.org/wikipedia/commons/thumb/a/a9/Flag_of_the_Soviet_Union.svg/23px-Flag_of_the_Soviet_Union.svg.png,T-72A,captured,https://i.postimg.cc/JhJ6G2t4/5422.png,32,1262,729,53,430,50,2022-10-04T21:08:09Z
Tanks,Russia,https://upload.wikimedia.org/wikipedia/commons/thumb/a/a9/Flag_of_the_Soviet_Union.svg/23px-Flag_of_the_Soviet_Union.svg.png,T-72A,captured,https://twitter.com/UAWeapons/status/1576661554321567744,32,1262,729,53,430,50,2022-10-04T21:08:09Z
Tanks,Russia,https://upload.wikimedia.org/wikipedia/commons/thumb/a/a9/Flag_of_the_Soviet_Union.svg/23px-Flag_of_the_Soviet_Union.svg.png,T-72AV,destroyed,https://i.postimg.cc/Dz9N71pg/f5j.png,8,1262,729,53,430,50,2022-10-04T21:08:09Z
Tanks,Russia,https://upload.wikimedia.org/wikipedia/commons/thumb/a/a9/Flag_of_the_Soviet_Union.svg/23px-Flag_of_the_Soviet_Union.svg.png,T-72AV,destroyed,https://i.postimg.cc/nrvf8dH7/75.jpg,8,1262,729,53,430,50,2022-10-04T21:08:09Z
Tanks,Russia,https://upload.wikimedia.org/wikipedia/commons/thumb/a/a9/Flag_of_the_Soviet_Union.svg/23px-Flag_of_the_Soviet_Union.svg.png,T-72AV,destroyed,https://i.postimg.cc/3RNv9FcH/5547.jpg,8,1262,729,53,430,50,2022-10-04T21:08:09Z
Tanks,Russia,https://upload.wikimedia.org/wikipedia/commons/thumb/a/a9/Flag_of_the_Soviet_Union.svg/23px-Flag_of_the_Soviet_Union.svg.png,T-72AV,destroyed,https://i.postimg.cc/9XD3rDZP/1001-t-72av.jpg,8,1262,729,53,430,50,2022-10-04T21:08:09Z
Tanks,Russia,https://upload.wikimedia.org/wikipedia/commons/thumb/a/a9/Flag_of_the_Soviet_Union.svg/23px-Flag_of_the_Soviet_Union.svg.png,T-72AV,destroyed,https://i.postimg.cc/L5qn0rpP/1003-t72av.jpg,8,1262,729,53,430,50,2022-10-04T21:08:09Z
Tanks,Russia,https://upload.wikimedia.org/wikipedia/commons/thumb/a/a9/Flag_of_the_Soviet_Union.svg/23px-Flag_of_the_Soviet_Union.svg.png,T-72AV,damaged,https://i.postimg.cc/1RJLbc6f/689.png,8,1262,729,53,430,50,2022-10-04T21:08:09Z
Tanks,Russia,https://upload.wikimedia.org/wikipedia/commons/thumb/a/a9/Flag_of_the_Soviet_Union.svg/23px-Flag_of_the_Soviet_Union.svg.png,T-72AV,captured,https://i.postimg.cc/Y0ZfvWm2/d67.png,8,1262,729,53,430,50,2022-10-04T21:08:09Z
Tanks,Russia,https://upload.wikimedia.org/wikipedia/commons/thumb/a/a9/Flag_of_the_Soviet_Union.svg/23px-Flag_of_the_Soviet_Union.svg.png,T-72AV,captured,https://i.postimg.cc/HLP22qvC/4880.png,8,1262,729,53,430,50,2022-10-04T21:08:09Z
Tanks,Russia,https://upload.wikimedia.org/wikipedia/commons/thumb/a/a9/Flag_of_the_Soviet_Union.svg/23px-Flag_of_the_Soviet_Union.svg.png,T-72B,destroyed,https://i.postimg.cc/1XwLVN2J/1366.png,181,1262,729,53,430,50,2022-10-04T21:08:09Z
Tanks,Russia,https://upload.wikimedia.org/wikipedia/commons/thumb/a/a9/Flag_of_the_Soviet_Union.svg/23px-Flag_of_the_Soviet_Union.svg.png,T-72B,destroyed,https://i.postimg.cc/PJyDTMvz/3f.png,181,1262,729,53,430,50,2022-10-04T21:08:09Z
Tanks,Russia,https://upload.wikimedia.org/wikipedia/commons/thumb/a/a9/Flag_of_the_Soviet_Union.svg/23px-Flag_of_the_Soviet_Union.svg.png,T-72B,destroyed,https://i.postimg.cc/nVC3Hb5N/v90.png,181,1262,729,53,430,50,2022-10-04T21:08:09Z
Tanks,Russia,https://upload.wikimedia.org/wikipedia/commons/thumb/a/a9/Flag_of_the_Soviet_Union.svg/23px-Flag_of_the_Soviet_Union.svg.png,T-72B,destroyed,https://i.postimg.cc/1z0hr1Ck/5gg.png,181,1262,729,53,430,50,2022-10-04T21:08:09Z
Tanks,Russia,https://upload.wikimedia.org/wikipedia/commons/thumb/a/a9/Flag_of_the_Soviet_Union.svg/23px-Flag_of_the_Soviet_Union.svg.png,T-72B,destroyed,https://i.postimg.cc/T1X85D34/443fp.png,181,1262,729,53,430,50,2022-10-04T21:08:09Z
Tanks,Russia,https://upload.wikimedia.org/wikipedia/commons/thumb/a/a9/Flag_of_the_Soviet_Union.svg/23px-Flag_of_the_Soviet_Union.svg.png,T-72B,destroyed,https://i.postimg.cc/q78RX85k/v43.png,181,1262,729,53,430,50,2022-10-04T21:08:09Z
Tanks,Russia,https://upload.wikimedia.org/wikipedia/commons/thumb/a/a9/Flag_of_the_Soviet_Union.svg/23px-Flag_of_the_Soviet_Union.svg.png,T-72B,destroyed,https://i.postimg.cc/7LsDvrGm/b900.png,181,1262,729,53,430,50,2022-10-04T21:08:09Z
Tanks,Russia,https://upload.wikimedia.org/wikipedia/commons/thumb/a/a9/Flag_of_the_Soviet_Union.svg/23px-Flag_of_the_Soviet_Union.svg.png,T-72B,destroyed,https://i.postimg.cc/258nmcdH/443l.png,181,1262,729,53,430,50,2022-10-04T21:08:09Z
Tanks,Russia,https://upload.wikimedia.org/wikipedia/commons/thumb/a/a9/Flag_of_the_Soviet_Union.svg/23px-Flag_of_the_Soviet_Union.svg.png,T-72B,destroyed,https://i.postimg.cc/PJ6wWFCG/360.png,181,1262,729,53,430,50,2022-10-04T21:08:09Z
Tanks,Russia,https://upload.wikimedia.org/wikipedia/commons/thumb/a/a9/Flag_of_the_Soviet_Union.svg/23px-Flag_of_the_Soviet_Union.svg.png,T-72B,destroyed,https://i.postimg.cc/1z9rmbky/6r.png,181,1262,729,53,430,50,2022-10-04T21:08:09Z
Tanks,Russia,https://upload.wikimedia.org/wikipedia/commons/thumb/a/a9/Flag_of_the_Soviet_Union.svg/23px-Flag_of_the_Soviet_Union.svg.png,T-72B,destroyed,https://i.postimg.cc/13Sh2Bf1/581.png,181,1262,729,53,430,50,2022-10-04T21:08:09Z
Tanks,Russia,https://upload.wikimedia.org/wikipedia/commons/thumb/a/a9/Flag_of_the_Soviet_Union.svg/23px-Flag_of_the_Soviet_Union.svg.png,T-72B,destroyed,https://i.postimg.cc/NfHfvHzc/4678.png,181,1262,729,53,430,50,2022-10-04T21:08:09Z
Tanks,Russia,https://upload.wikimedia.org/wikipedia/commons/thumb/a/a9/Flag_of_the_Soviet_Union.svg/23px-Flag_of_the_Soviet_Union.svg.png,T-72B,destroyed,https://i.postimg.cc/NfHfvHzc/4678.png,181,1262,729,53,430,50,2022-10-04T21:08:09Z
Tanks,Russia,https://upload.wikimedia.org/wikipedia/commons/thumb/a/a9/Flag_of_the_Soviet_Union.svg/23px-Flag_of_the_Soviet_Union.svg.png,T-72B,destroyed,https://i.postimg.cc/4y1bhVKK/3588.png,181,1262,729,53,430,50,2022-10-04T21:08:09Z
Tanks,Russia,https://upload.wikimedia.org/wikipedia/commons/thumb/a/a9/Flag_of_the_Soviet_Union.svg/23px-Flag_of_the_Soviet_Union.svg.png,T-72B,destroyed,https://i.postimg.cc/LhdGMJ7x/7j0.jpg,181,1262,729,53,430,50,2022-10-04T21:08:09Z
Tanks,Russia,https://upload.wikimedia.org/wikipedia/commons/thumb/a/a9/Flag_of_the_Soviet_Union.svg/23px-Flag_of_the_Soviet_Union.svg.png,T-72B,destroyed,https://i.postimg.cc/VLnqCPFH/bt.png,181,1262,729,53,430,50,2022-10-04T21:08:09Z
Tanks,Russia,https://upload.wikimedia.org/wikipedia/commons/thumb/a/a9/Flag_of_the_Soviet_Union.svg/23px-Flag_of_the_Soviet_Union.svg.png,T-72B,destroyed,https://i.postimg.cc/QCRJKWZ1/4399.png,181,1262,729,53,430,50,2022-10-04T21:08:09Z
Tanks,Russia,https://upload.wikimedia.org/wikipedia/commons/thumb/a/a9/Flag_of_the_Soviet_Union.svg/23px-Flag_of_the_Soviet_Union.svg.png,T-72B,destroyed,https://i.postimg.cc/63jq82dV/467.png,181,1262,729,53,430,50,2022-10-04T21:08:09Z
Tanks,Russia,https://upload.wikimedia.org/wikipedia/commons/thumb/a/a9/Flag_of_the_Soviet_Union.svg/23px-Flag_of_the_Soviet_Union.svg.png,T-72B,destroyed,https://i.postimg.cc/PJVQs9nb/3380.png,181,1262,729,53,430,50,2022-10-04T21:08:09Z
Tanks,Russia,https://upload.wikimedia.org/wikipedia/commons/thumb/a/a9/Flag_of_the_Soviet_Union.svg/23px-Flag_of_the_Soviet_Union.svg.png,T-72B,destroyed,https://i.postimg.cc/YCF8cM3t/1002-t72b.jpg,181,1262,729,53,430,50,2022-10-04T21:08:09Z
Tanks,Russia,https://upload.wikimedia.org/wikipedia/commons/thumb/a/a9/Flag_of_the_Soviet_Union.svg/23px-Flag_of_the_Soviet_Union.svg.png,T-72B,destroyed,https://i.postimg.cc/PxGCwgBx/h0.jpg,181,1262,729,53,430,50,2022-10-04T21:08:09Z
Tanks,Russia,https://upload.wikimedia.org/wikipedia/commons/thumb/a/a9/Flag_of_the_Soviet_Union.svg/23px-Flag_of_the_Soviet_Union.svg.png,T-72B,destroyed,https://i.postimg.cc/Px2P9QYR/t11.png,181,1262,729,53,430,50,2022-10-04T21:08:09Z
Tanks,Russia,https://upload.wikimedia.org/wikipedia/commons/thumb/a/a9/Flag_of_the_Soviet_Union.svg/23px-Flag_of_the_Soviet_Union.svg.png,T-72B,destroyed,https://i.postimg.cc/QCzVxN6g/t12.png,181,1262,729,53,430,50,2022-10-04T21:08:09Z
Tanks,Russia,https://upload.wikimedia.org/wikipedia/commons/thumb/a/a9/Flag_of_the_Soviet_Union.svg/23px-Flag_of_the_Soviet_Union.svg.png,T-72B,destroyed,https://i.postimg.cc/0NMP51C0/d2.jpg,181,1262,729,53,430,50,2022-10-04T21:08:09Z
Tanks,Russia,https://upload.wikimedia.org/wikipedia/commons/thumb/a/a9/Flag_of_the_Soviet_Union.svg/23px-Flag_of_the_Soviet_Union.svg.png,T-72B,destroyed,https://i.postimg.cc/SsqWB6TF/54.jpg,181,1262,729,53,430,50,2022-10-04T21:08:09Z
Tanks,Russia,https://upload.wikimedia.org/wikipedia/commons/thumb/a/a9/Flag_of_the_Soviet_Union.svg/23px-Flag_of_the_Soviet_Union.svg.png,T-72B,destroyed,https://i.postimg.cc/MK7H2bYN/64.png,181,1262,729,53,430,50,2022-10-04T21:08:09Z
Tanks,Russia,https://upload.wikimedia.org/wikipedia/commons/thumb/a/a9/Flag_of_the_Soviet_Union.svg/23px-Flag_of_the_Soviet_Union.svg.png,T-72B,destroyed,https://i.postimg.cc/5ys6c7Ky/653.png,181,1262,729,53,430,50,2022-10-04T21:08:09Z
Tanks,Russia,https://upload.wikimedia.org/wikipedia/commons/thumb/a/a9/Flag_of_the_Soviet_Union.svg/23px-Flag_of_the_Soviet_Union.svg.png,T-72B,destroyed,https://i.postimg.cc/kXhmxnxZ/g65.jpg,181,1262,729,53,430,50,2022-10-04T21:08:09Z
Tanks,Russia,https://upload.wikimedia.org/wikipedia/commons/thumb/a/a9/Flag_of_the_Soviet_Union.svg/23px-Flag_of_the_Soviet_Union.svg.png,T-72B,destroyed,https://i.postimg.cc/dV04yqpr/d8.jpg,181,1262,729,53,430,50,2022-10-04T21:08:09Z
Tanks,Russia,https://upload.wikimedia.org/wikipedia/commons/thumb/a/a9/Flag_of_the_Soviet_Union.svg/23px-Flag_of_the_Soviet_Union.svg.png,T-72B,destroyed,https://i.postimg.cc/FHnGbMXq/13.jpg,181,1262,729,53,430,50,2022-10-04T21:08:09Z
Tanks,Russia,https://upload.wikimedia.org/wikipedia/commons/thumb/a/a9/Flag_of_the_Soviet_Union.svg/23px-Flag_of_the_Soviet_Union.svg.png,T-72B,destroyed,https://i.postimg.cc/ZnVfz5bh/sx.jpg,181,1262,729,53,430,50,2022-10-04T21:08:09Z
Tanks,Russia,https://upload.wikimedia.org/wikipedia/commons/thumb/a/a9/Flag_of_the_Soviet_Union.svg/23px-Flag_of_the_Soviet_Union.svg.png,T-72B,destroyed,https://i.postimg.cc/bwLgHcHD/d6.jpg,181,1262,729,53,430,50,2022-10-04T21:08:09Z
Tanks,Russia,https://upload.wikimedia.org/wikipedia/commons/thumb/a/a9/Flag_of_the_Soviet_Union.svg/23px-Flag_of_the_Soviet_Union.svg.png,T-72B,destroyed,https://i.postimg.cc/d0p84q71/85g.png,181,1262,729,53,430,50,2022-10-04T21:08:09Z
Tanks,Russia,https://upload.wikimedia.org/wikipedia/commons/thumb/a/a9/Flag_of_the_Soviet_Union.svg/23px-Flag_of_the_Soviet_Union.svg.png,T-72B,destroyed,https://postimg.cc/ZCqpTFYY,181,1262,729,53,430,50,2022-10-04T21:08:09Z
Tanks,Russia,https://upload.wikimedia.org/wikipedia/commons/thumb/a/a9/Flag_of_the_Soviet_Union.svg/23px-Flag_of_the_Soviet_Union.svg.png,T-72B,destroyed,https://i.postimg.cc/d02MvR3G/1002.jpg,181,1262,729,53,430,50,2022-10-04T21:08:09Z
Tanks,Russia,https://upload.wikimedia.org/wikipedia/commons/thumb/a/a9/Flag_of_the_Soviet_Union.svg/23px-Flag_of_the_Soviet_Union.svg.png,T-72B,destroyed,https://i.postimg.cc/TPD19KmC/41.png,181,1262,729,53,430,50,2022-10-04T21:08:09Z
Tanks,Russia,https://upload.wikimedia.org/wikipedia/commons/thumb/a/a9/Flag_of_the_Soviet_Union.svg/23px-Flag_of_the_Soviet_Union.svg.png,T-72B,destroyed,https://postimg.cc/2LSs8BCK,181,1262,729,53,430,50,2022-10-04T21:08:09Z
Tanks,Russia,https://upload.wikimedia.org/wikipedia/commons/thumb/a/a9/Flag_of_the_Soviet_Union.svg/23px-Flag_of_the_Soviet_Union.svg.png,T-72B,destroyed,https://postimg.cc/rKPksg0C,181,1262,729,53,430,50,2022-10-04T21:08:09Z
Tanks,Russia,https://upload.wikimedia.org/wikipedia/commons/thumb/a/a9/Flag_of_the_Soviet_Union.svg/23px-Flag_of_the_Soviet_Union.svg.png,T-72B,destroyed,https://i.postimg.cc/13kJ6tbc/65h.jpg,181,1262,729,53,430,50,2022-10-04T21:08:09Z
Tanks,Russia,https://upload.wikimedia.org/wikipedia/commons/thumb/a/a9/Flag_of_the_Soviet_Union.svg/23px-Flag_of_the_Soviet_Union.svg.png,T-72B,destroyed,https://i.postimg.cc/85VDbhxw/f46.jpg,181,1262,729,53,430,50,2022-10-04T21:08:09Z
Tanks,Russia,https://upload.wikimedia.org/wikipedia/commons/thumb/a/a9/Flag_of_the_Soviet_Union.svg/23px-Flag_of_the_Soviet_Union.svg.png,T-72B,destroyed,https://i.postimg.cc/xTF2ZrWX/32117.jpg,181,1262,729,53,430,50,2022-10-04T21:08:09Z
Tanks,Russia,https://upload.wikimedia.org/wikipedia/commons/thumb/a/a9/Flag_of_the_Soviet_Union.svg/23px-Flag_of_the_Soviet_Union.svg.png,T-72B,destroyed,https://i.postimg.cc/5y7ZDvKh/66.jpg,181,1262,729,53,430,50,2022-10-04T21:08:09Z
Tanks,Russia,https://upload.wikimedia.org/wikipedia/commons/thumb/a/a9/Flag_of_the_Soviet_Union.svg/23px-Flag_of_the_Soviet_Union.svg.png,T-72B,destroyed,https://i.postimg.cc/mDwxNKY2/677.jpg,181,1262,729,53,430,50,2022-10-04T21:08:09Z
Tanks,Russia,https://upload.wikimedia.org/wikipedia/commons/thumb/a/a9/Flag_of_the_Soviet_Union.svg/23px-Flag_of_the_Soviet_Union.svg.png,T-72B,destroyed,https://i.postimg.cc/rF0xgMxn/87.jpg,181,1262,729,53,430,50,2022-10-04T21:08:09Z
Tanks,Russia,https://upload.wikimedia.org/wikipedia/commons/thumb/a/a9/Flag_of_the_Soviet_Union.svg/23px-Flag_of_the_Soviet_Union.svg.png,T-72B,destroyed,https://i.postimg.cc/85xknTjh/4889.jpg,181,1262,729,53,430,50,2022-10-04T21:08:09Z
Tanks,Russia,https://upload.wikimedia.org/wikipedia/commons/thumb/a/a9/Flag_of_the_Soviet_Union.svg/23px-Flag_of_the_Soviet_Union.svg.png,T-72B,destroyed,https://i.postimg.cc/fLDbXZk5/d5.jpg,181,1262,729,53,430,50,2022-10-04T21:08:09Z
Tanks,Russia,https://upload.wikimedia.org/wikipedia/commons/thumb/a/a9/Flag_of_the_Soviet_Union.svg/23px-Flag_of_the_Soviet_Union.svg.png,T-72B,destroyed,https://i.postimg.cc/pdtCR4Gz/1003-t72b.jpg,181,1262,729,53,430,50,2022-10-04T21:08:09Z
Tanks,Russia,https://upload.wikimedia.org/wikipedia/commons/thumb/a/a9/Flag_of_the_Soviet_Union.svg/23px-Flag_of_the_Soviet_Union.svg.png,T-72B,destroyed,https://i.postimg.cc/SsSGz8pK/1004-t72b.jpg,181,1262,729,53,430,50,2022-10-04T21:08:09Z
Tanks,Russia,https://upload.wikimedia.org/wikipedia/commons/thumb/a/a9/Flag_of_the_Soviet_Union.svg/23px-Flag_of_the_Soviet_Union.svg.png,T-72B,destroyed,https://i.postimg.cc/vHJLtCdk/1005-t72b.jpg,181,1262,729,53,430,50,2022-10-04T21:08:09Z
Tanks,Russia,https://upload.wikimedia.org/wikipedia/commons/thumb/a/a9/Flag_of_the_Soviet_Union.svg/23px-Flag_of_the_Soviet_Union.svg.png,T-72B,destroyed,https://i.postimg.cc/wMNNW0t9/471.png,181,1262,729,53,430,50,2022-10-04T21:08:09Z
Tanks,Russia,https://upload.wikimedia.org/wikipedia/commons/thumb/a/a9/Flag_of_the_Soviet_Union.svg/23px-Flag_of_the_Soviet_Union.svg.png,T-72B,destroyed,https://i.postimg.cc/wMNNW0t9/471.png,181,1262,729,53,430,50,2022-10-04T21:08:09Z
Tanks,Russia,https://upload.wikimedia.org/wikipedia/commons/thumb/a/a9/Flag_of_the_Soviet_Union.svg/23px-Flag_of_the_Soviet_Union.svg.png,T-72B,destroyed,https://i.postimg.cc/wMNNW0t9/471.png,181,1262,729,53,430,50,2022-10-04T21:08:09Z
Tanks,Russia,https://upload.wikimedia.org/wikipedia/commons/thumb/a/a9/Flag_of_the_Soviet_Union.svg/23px-Flag_of_the_Soviet_Union.svg.png,T-72B,destroyed,https://i.postimg.cc/wMNNW0t9/471.png,181,1262,729,53,430,50,2022-10-04T21:08:09Z
Tanks,Russia,https://upload.wikimedia.org/wikipedia/commons/thumb/a/a9/Flag_of_the_Soviet_Union.svg/23px-Flag_of_the_Soviet_Union.svg.png,T-72B,destroyed,https://i.postimg.cc/cCPmCv3L/79.jpg,181,1262,729,53,430,50,2022-10-04T21:08:09Z
Tanks,Russia,https://upload.wikimedia.org/wikipedia/commons/thumb/a/a9/Flag_of_the_Soviet_Union.svg/23px-Flag_of_the_Soviet_Union.svg.png,T-72B,destroyed,https://postimg.cc/4HT6Q4r9,181,1262,729,53,430,50,2022-10-04T21:08:09Z
Tanks,Russia,https://upload.wikimedia.org/wikipedia/commons/thumb/a/a9/Flag_of_the_Soviet_Union.svg/23px-Flag_of_the_Soviet_Union.svg.png,T-72B,destroyed,https://i.postimg.cc/DZRdpNXS/1015-t72b.jpg,181,1262,729,53,430,50,2022-10-04T21:08:09Z
Tanks,Russia,https://upload.wikimedia.org/wikipedia/commons/thumb/a/a9/Flag_of_the_Soviet_Union.svg/23px-Flag_of_the_Soviet_Union.svg.png,T-72B,destroyed,https://i.postimg.cc/5NvNKM1Y/387.jpg,181,1262,729,53,430,50,2022-10-04T21:08:09Z
Tanks,Russia,https://upload.wikimedia.org/wikipedia/commons/thumb/a/a9/Flag_of_the_Soviet_Union.svg/23px-Flag_of_the_Soviet_Union.svg.png,T-72B,destroyed,https://i.postimg.cc/PxFBTNbX/3377.jpg,181,1262,729,53,430,50,2022-10-04T21:08:09Z
Tanks,Russia,https://upload.wikimedia.org/wikipedia/commons/thumb/a/a9/Flag_of_the_Soviet_Union.svg/23px-Flag_of_the_Soviet_Union.svg.png,T-72B,destroyed,https://i.postimg.cc/Z55738s4/55.png,181,1262,729,53,430,50,2022-10-04T21:08:09Z
Tanks,Russia,https://upload.wikimedia.org/wikipedia/commons/thumb/a/a9/Flag_of_the_Soviet_Union.svg/23px-Flag_of_the_Soviet_Union.svg.png,T-72B,destroyed,https://i.postimg.cc/YSPc9rSW/6659.png,181,1262,729,53,430,50,2022-10-04T21:08:09Z
Tanks,Russia,https://upload.wikimedia.org/wikipedia/commons/thumb/a/a9/Flag_of_the_Soviet_Union.svg/23px-Flag_of_the_Soviet_Union.svg.png,T-72B,destroyed,https://i.postimg.cc/MHhL76xH/b1.jpg,181,1262,729,53,430,50,2022-10-04T21:08:09Z
Tanks,Russia,https://upload.wikimedia.org/wikipedia/commons/thumb/a/a9/Flag_of_the_Soviet_Union.svg/23px-Flag_of_the_Soviet_Union.svg.png,T-72B,destroyed,https://i.postimg.cc/mZqKfwM4/b2.jpg,181,1262,729,53,430,50,2022-10-04T21:08:09Z
Tanks,Russia,https://upload.wikimedia.org/wikipedia/commons/thumb/a/a9/Flag_of_the_Soviet_Union.svg/23px-Flag_of_the_Soviet_Union.svg.png,T-72B,destroyed,https://i.postimg.cc/K8hV48Js/b3.jpg,181,1262,729,53,430,50,2022-10-04T21:08:09Z
Tanks,Russia,https://upload.wikimedia.org/wikipedia/commons/thumb/a/a9/Flag_of_the_Soviet_Union.svg/23px-Flag_of_the_Soviet_Union.svg.png,T-72B,destroyed,https://i.postimg.cc/V6vZ2rk5/b4.jpg,181,1262,729,53,430,50,2022-10-04T21:08:09Z
Tanks,Russia,https://upload.wikimedia.org/wikipedia/commons/thumb/a/a9/Flag_of_the_Soviet_Union.svg/23px-Flag_of_the_Soviet_Union.svg.png,T-72B,destroyed,https://i.postimg.cc/vDFP10L6/b5.jpg,181,1262,729,53,430,50,2022-10-04T21:08:09Z
Tanks,Russia,https://upload.wikimedia.org/wikipedia/commons/thumb/a/a9/Flag_of_the_Soviet_Union.svg/23px-Flag_of_the_Soviet_Union.svg.png,T-72B,destroyed,https://i.postimg.cc/rwFNQzDh/4f3.png,181,1262,729,53,430,50,2022-10-04T21:08:09Z
Tanks,Russia,https://upload.wikimedia.org/wikipedia/commons/thumb/a/a9/Flag_of_the_Soviet_Union.svg/23px-Flag_of_the_Soviet_Union.svg.png,T-72B,destroyed,https://i.postimg.cc/9fQrgdd9/5g22.jpg,181,1262,729,53,430,50,2022-10-04T21:08:09Z
Tanks,Russia,https://upload.wikimedia.org/wikipedia/commons/thumb/a/a9/Flag_of_the_Soviet_Union.svg/23px-Flag_of_the_Soviet_Union.svg.png,T-72B,destroyed,https://twitter.com/UAWeapons/status/1524002774261850114,181,1262,729,53,430,50,2022-10-04T21:08:09Z
Tanks,Russia,https://upload.wikimedia.org/wikipedia/commons/thumb/a/a9/Flag_of_the_Soviet_Union.svg/23px-Flag_of_the_Soviet_Union.svg.png,T-72B,destroyed,https://i.postimg.cc/d0HHqhh8/dd30.jpg,181,1262,729,53,430,50,2022-10-04T21:08:09Z
Tanks,Russia,https://upload.wikimedia.org/wikipedia/commons/thumb/a/a9/Flag_of_the_Soviet_Union.svg/23px-Flag_of_the_Soviet_Union.svg.png,T-72B,destroyed,https://i.postimg.cc/MZP1tvq7/dd3.jpg,181,1262,729,53,430,50,2022-10-04T21:08:09Z
Tanks,Russia,https://upload.wikimedia.org/wikipedia/commons/thumb/a/a9/Flag_of_the_Soviet_Union.svg/23px-Flag_of_the_Soviet_Union.svg.png,T-72B,destroyed,https://i.postimg.cc/tCsWcp4L/dd4.jpg,181,1262,729,53,430,50,2022-10-04T21:08:09Z
Tanks,Russia,https://upload.wikimedia.org/wikipedia/commons/thumb/a/a9/Flag_of_the_Soviet_Union.svg/23px-Flag_of_the_Soviet_Union.svg.png,T-72B,destroyed,https://i.postimg.cc/4xNbMmqg/f43.jpg,181,1262,729,53,430,50,2022-10-04T21:08:09Z
Tanks,Russia,https://upload.wikimedia.org/wikipedia/commons/thumb/a/a9/Flag_of_the_Soviet_Union.svg/23px-Flag_of_the_Soviet_Union.svg.png,T-72B,destroyed,https://i.postimg.cc/htL4s02S/g5.jpg,181,1262,729,53,430,50,2022-10-04T21:08:09Z
Tanks,Russia,https://upload.wikimedia.org/wikipedia/commons/thumb/a/a9/Flag_of_the_Soviet_Union.svg/23px-Flag_of_the_Soviet_Union.svg.png,T-72B,destroyed,https://i.postimg.cc/xdgfD1rh/g6.jpg,181,1262,729,53,430,50,2022-10-04T21:08:09Z
Tanks,Russia,https://upload.wikimedia.org/wikipedia/commons/thumb/a/a9/Flag_of_the_Soviet_Union.svg/23px-Flag_of_the_Soviet_Union.svg.png,T-72B,destroyed,https://i.postimg.cc/76yX3XC3/33dp.jpg,181,1262,729,53,430,50,2022-10-04T21:08:09Z
Tanks,Russia,https://upload.wikimedia.org/wikipedia/commons/thumb/a/a9/Flag_of_the_Soviet_Union.svg/23px-Flag_of_the_Soviet_Union.svg.png,T-72B,destroyed,https://i.postimg.cc/jdbQyxjn/3d2.png,181,1262,729,53,430,50,2022-10-04T21:08:09Z
Tanks,Russia,https://upload.wikimedia.org/wikipedia/commons/thumb/a/a9/Flag_of_the_Soviet_Union.svg/23px-Flag_of_the_Soviet_Union.svg.png,T-72B,destroyed,https://i.postimg.cc/fTDmJ8Hx/4f44.png,181,1262,729,53,430,50,2022-10-04T21:08:09Z
Tanks,Russia,https://upload.wikimedia.org/wikipedia/commons/thumb/a/a9/Flag_of_the_Soviet_Union.svg/23px-Flag_of_the_Soviet_Union.svg.png,T-72B,destroyed,https://i.postimg.cc/2536SJhH/ff4.png,181,1262,729,53,430,50,2022-10-04T21:08:09Z
Tanks,Russia,https://upload.wikimedia.org/wikipedia/commons/thumb/a/a9/Flag_of_the_Soviet_Union.svg/23px-Flag_of_the_Soviet_Union.svg.png,T-72B,destroyed,https://i.postimg.cc/1R864rPm/66655.jpg,181,1262,729,53,430,50,2022-10-04T21:08:09Z
Tanks,Russia,https://upload.wikimedia.org/wikipedia/commons/thumb/a/a9/Flag_of_the_Soviet_Union.svg/23px-Flag_of_the_Soviet_Union.svg.png,T-72B,destroyed,https://i.postimg.cc/wMMskDxG/763.png,181,1262,729,53,430,50,2022-10-04T21:08:09Z
Tanks,Russia,https://upload.wikimedia.org/wikipedia/commons/thumb/a/a9/Flag_of_the_Soviet_Union.svg/23px-Flag_of_the_Soviet_Union.svg.png,T-72B,destroyed,https://i.postimg.cc/GtWpsVp3/1014.jpg,181,1262,729,53,430,50,2022-10-04T21:08:09Z
Tanks,Russia,https://upload.wikimedia.org/wikipedia/commons/thumb/a/a9/Flag_of_the_Soviet_Union.svg/23px-Flag_of_the_Soviet_Union.svg.png,T-72B,destroyed,https://twitter.com/UAWeapons/status/1546449671698145281,181,1262,729,53,430,50,2022-10-04T21:08:09Z
Tanks,Russia,https://upload.wikimedia.org/wikipedia/commons/thumb/a/a9/Flag_of_the_Soviet_Union.svg/23px-Flag_of_the_Soviet_Union.svg.png,T-72B,destroyed,https://twitter.com/UAWeapons/status/1546449671698145281,181,1262,729,53,430,50,2022-10-04T21:08:09Z
Tanks,Russia,https://upload.wikimedia.org/wikipedia/commons/thumb/a/a9/Flag_of_the_Soviet_Union.svg/23px-Flag_of_the_Soviet_Union.svg.png,T-72B,destroyed,https://i.postimg.cc/XJXdKG76/1012.jpg,181,1262,729,53,430,50,2022-10-04T21:08:09Z
Tanks,Russia,https://upload.wikimedia.org/wikipedia/commons/thumb/a/a9/Flag_of_the_Soviet_Union.svg/23px-Flag_of_the_Soviet_Union.svg.png,T-72B,destroyed,https://twitter.com/UAWeapons/status/1555188898824962048,181,1262,729,53,430,50,2022-10-04T21:08:09Z
Tanks,Russia,https://upload.wikimedia.org/wikipedia/commons/thumb/a/a9/Flag_of_the_Soviet_Union.svg/23px-Flag_of_the_Soviet_Union.svg.png,T-72B,destroyed,https://i.postimg.cc/RCykfvLk/1005-t72b.jpg,181,1262,729,53,430,50,2022-10-04T21:08:09Z
Tanks,Russia,https://upload.wikimedia.org/wikipedia/commons/thumb/a/a9/Flag_of_the_Soviet_Union.svg/23px-Flag_of_the_Soviet_Union.svg.png,T-72B,destroyed,https://i.postimg.cc/T3GDrcyZ/1004-t72b.jpg,181,1262,729,53,430,50,2022-10-04T21:08:09Z
Tanks,Russia,https://upload.wikimedia.org/wikipedia/commons/thumb/a/a9/Flag_of_the_Soviet_Union.svg/23px-Flag_of_the_Soviet_Union.svg.png,T-72B,destroyed,https://i.postimg.cc/PNntn2sh/1006-t72b.jpg,181,1262,729,53,430,50,2022-10-04T21:08:09Z
Tanks,Russia,https://upload.wikimedia.org/wikipedia/commons/thumb/a/a9/Flag_of_the_Soviet_Union.svg/23px-Flag_of_the_Soviet_Union.svg.png,T-72B,destroyed,https://twitter.com/RALee85/status/1558148936514342913,181,1262,729,53,430,50,2022-10-04T21:08:09Z
Tanks,Russia,https://upload.wikimedia.org/wikipedia/commons/thumb/a/a9/Flag_of_the_Soviet_Union.svg/23px-Flag_of_the_Soviet_Union.svg.png,T-72B,destroyed,https://i.postimg.cc/rmfPfp1n/286.png,181,1262,729,53,430,50,2022-10-04T21:08:09Z
Tanks,Russia,https://upload.wikimedia.org/wikipedia/commons/thumb/a/a9/Flag_of_the_Soviet_Union.svg/23px-Flag_of_the_Soviet_Union.svg.png,T-72B,destroyed,https://i.postimg.cc/15mLp1Wr/1016-t72b-destr.jpg,181,1262,729,53,430,50,2022-10-04T21:08:09Z
Tanks,Russia,https://upload.wikimedia.org/wikipedia/commons/thumb/a/a9/Flag_of_the_Soviet_Union.svg/23px-Flag_of_the_Soviet_Union.svg.png,T-72B,destroyed,https://twitter.com/UAWeapons/status/1559227773474017280,181,1262,729,53,430,50,2022-10-04T21:08:09Z
Tanks,Russia,https://upload.wikimedia.org/wikipedia/commons/thumb/a/a9/Flag_of_the_Soviet_Union.svg/23px-Flag_of_the_Soviet_Union.svg.png,T-72B,destroyed,https://twitter.com/UAWeapons/status/1559227773474017280,181,1262,729,53,430,50,2022-10-04T21:08:09Z
Tanks,Russia,https://upload.wikimedia.org/wikipedia/commons/thumb/a/a9/Flag_of_the_Soviet_Union.svg/23px-Flag_of_the_Soviet_Union.svg.png,T-72B,destroyed,https://i.postimg.cc/y8MgtCpq/1003.jpg,181,1262,729,53,430,50,2022-10-04T21:08:09Z
Tanks,Russia,https://upload.wikimedia.org/wikipedia/commons/thumb/a/a9/Flag_of_the_Soviet_Union.svg/23px-Flag_of_the_Soviet_Union.svg.png,T-72B,destroyed,https://i.postimg.cc/BnQK2Wcb/1001-t72b.jpg,181,1262,729,53,430,50,2022-10-04T21:08:09Z
Tanks,Russia,https://upload.wikimedia.org/wikipedia/commons/thumb/a/a9/Flag_of_the_Soviet_Union.svg/23px-Flag_of_the_Soviet_Union.svg.png,T-72B,destroyed,https://i.postimg.cc/gjvnW3xc/1006-t72b.jpg,181,1262,729,53,430,50,2022-10-04T21:08:09Z
Tanks,Russia,https://upload.wikimedia.org/wikipedia/commons/thumb/a/a9/Flag_of_the_Soviet_Union.svg/23px-Flag_of_the_Soviet_Union.svg.png,T-72B,destroyed,https://i.postimg.cc/FKnPgdrs/218.png,181,1262,729,53,430,50,2022-10-04T21:08:09Z
Tanks,Russia,https://upload.wikimedia.org/wikipedia/commons/thumb/a/a9/Flag_of_the_Soviet_Union.svg/23px-Flag_of_the_Soviet_Union.svg.png,T-72B,destroyed,https://i.postimg.cc/g2X2fTvd/1002-t72b.jpg,181,1262,729,53,430,50,2022-10-04T21:08:09Z
Tanks,Russia,https://upload.wikimedia.org/wikipedia/commons/thumb/a/a9/Flag_of_the_Soviet_Union.svg/23px-Flag_of_the_Soviet_Union.svg.png,T-72B,destroyed,https://twitter.com/UAWeapons/status/1572670481068883970,181,1262,729,53,430,50,2022-10-04T21:08:09Z
Tanks,Russia,https://upload.wikimedia.org/wikipedia/commons/thumb/a/a9/Flag_of_the_Soviet_Union.svg/23px-Flag_of_the_Soviet_Union.svg.png,T-72B,destroyed,https://i.postimg.cc/yxxk4wMR/1007-t72b.jpg,181,1262,729,53,430,50,2022-10-04T21:08:09Z
Tanks,Russia,https://upload.wikimedia.org/wikipedia/commons/thumb/a/a9/Flag_of_the_Soviet_Union.svg/23px-Flag_of_the_Soviet_Union.svg.png,T-72B,destroyed,https://i.postimg.cc/SRPjyg4v/1008-t72b.jpg,181,1262,729,53,430,50,2022-10-04T21:08:09Z
Tanks,Russia,https://upload.wikimedia.org/wikipedia/commons/thumb/a/a9/Flag_of_the_Soviet_Union.svg/23px-Flag_of_the_Soviet_Union.svg.png,T-72B,destroyed,https://i.postimg.cc/zfz1HnVL/2022-09-17-T-72-B.jpg,181,1262,729,53,430,50,2022-10-04T21:08:09Z
Tanks,Russia,https://upload.wikimedia.org/wikipedia/commons/thumb/a/a9/Flag_of_the_Soviet_Union.svg/23px-Flag_of_the_Soviet_Union.svg.png,T-72B,destroyed,https://twitter.com/UAWeapons/status/1572972291624951809,181,1262,729,53,430,50,2022-10-04T21:08:09Z
Tanks,Russia,https://upload.wikimedia.org/wikipedia/commons/thumb/a/a9/Flag_of_the_Soviet_Union.svg/23px-Flag_of_the_Soviet_Union.svg.png,T-72B,destroyed,https://i.postimg.cc/SjbR66Mq/1007-t72b.jpg,181,1262,729,53,430,50,2022-10-04T21:08:09Z
Tanks,Russia,https://upload.wikimedia.org/wikipedia/commons/thumb/a/a9/Flag_of_the_Soviet_Union.svg/23px-Flag_of_the_Soviet_Union.svg.png,T-72B,destroyed,https://twitter.com/UAWeapons/status/1573343531221106688,181,1262,729,53,430,50,2022-10-04T21:08:09Z
Tanks,Russia,https://upload.wikimedia.org/wikipedia/commons/thumb/a/a9/Flag_of_the_Soviet_Union.svg/23px-Flag_of_the_Soviet_Union.svg.png,T-72B,destroyed,https://i.postimg.cc/hvFY0K3J/2022-05-16-T-72-B.jpg,181,1262,729,53,430,50,2022-10-04T21:08:09Z
Tanks,Russia,https://upload.wikimedia.org/wikipedia/commons/thumb/a/a9/Flag_of_the_Soviet_Union.svg/23px-Flag_of_the_Soviet_Union.svg.png,T-72B,destroyed,https://i.postimg.cc/KjsGGSb7/2022-09-20-T-72-B.jpg,181,1262,729,53,430,50,2022-10-04T21:08:09Z
Tanks,Russia,https://upload.wikimedia.org/wikipedia/commons/thumb/a/a9/Flag_of_the_Soviet_Union.svg/23px-Flag_of_the_Soviet_Union.svg.png,T-72B,destroyed,https://i.postimg.cc/FRhhCc8k/T-72B.png,181,1262,729,53,430,50,2022-10-04T21:08:09Z
Tanks,Russia,https://upload.wikimedia.org/wikipedia/commons/thumb/a/a9/Flag_of_the_Soviet_Union.svg/23px-Flag_of_the_Soviet_Union.svg.png,T-72B,destroyed,https://i.postimg.cc/x8CmqQYP/T-72-B-Sviatohirsk.png,181,1262,729,53,430,50,2022-10-04T21:08:09Z
Tanks,Russia,https://upload.wikimedia.org/wikipedia/commons/thumb/a/a9/Flag_of_the_Soviet_Union.svg/23px-Flag_of_the_Soviet_Union.svg.png,T-72B,damaged,https://i.postimg.cc/HLqxBrSK/4fa.png,181,1262,729,53,430,50,2022-10-04T21:08:09Z
Tanks,Russia,https://upload.wikimedia.org/wikipedia/commons/thumb/a/a9/Flag_of_the_Soviet_Union.svg/23px-Flag_of_the_Soviet_Union.svg.png,T-72B,damaged,https://i.postimg.cc/0N1SXCLx/557.jpg,181,1262,729,53,430,50,2022-10-04T21:08:09Z
Tanks,Russia,https://upload.wikimedia.org/wikipedia/commons/thumb/a/a9/Flag_of_the_Soviet_Union.svg/23px-Flag_of_the_Soviet_Union.svg.png,T-72B,damaged,https://twitter.com/UAWeapons/status/1513495397414715392,181,1262,729,53,430,50,2022-10-04T21:08:09Z
Tanks,Russia,https://upload.wikimedia.org/wikipedia/commons/thumb/a/a9/Flag_of_the_Soviet_Union.svg/23px-Flag_of_the_Soviet_Union.svg.png,T-72B,damaged,https://i.postimg.cc/5091yjw5/1034.jpg,181,1262,729,53,430,50,2022-10-04T21:08:09Z
Tanks,Russia,https://upload.wikimedia.org/wikipedia/commons/thumb/a/a9/Flag_of_the_Soviet_Union.svg/23px-Flag_of_the_Soviet_Union.svg.png,T-72B,abandoned,https://i.postimg.cc/8zz8WcH7/763.png,181,1262,729,53,430,50,2022-10-04T21:08:09Z
Tanks,Russia,https://upload.wikimedia.org/wikipedia/commons/thumb/a/a9/Flag_of_the_Soviet_Union.svg/23px-Flag_of_the_Soviet_Union.svg.png,T-72B,abandoned,https://i.postimg.cc/1tvs3GFY/470.png,181,1262,729,53,430,50,2022-10-04T21:08:09Z
Tanks,Russia,https://upload.wikimedia.org/wikipedia/commons/thumb/a/a9/Flag_of_the_Soviet_Union.svg/23px-Flag_of_the_Soviet_Union.svg.png,T-72B,abandoned,https://i.postimg.cc/zv3Z8G8D/5570.png,181,1262,729,53,430,50,2022-10-04T21:08:09Z
Tanks,Russia,https://upload.wikimedia.org/wikipedia/commons/thumb/a/a9/Flag_of_the_Soviet_Union.svg/23px-Flag_of_the_Soviet_Union.svg.png,T-72B,abandoned,https://i.postimg.cc/KzgLWJ4m/341.png,181,1262,729,53,430,50,2022-10-04T21:08:09Z
Tanks,Russia,https://upload.wikimedia.org/wikipedia/commons/thumb/a/a9/Flag_of_the_Soviet_Union.svg/23px-Flag_of_the_Soviet_Union.svg.png,T-72B,abandoned,https://i.postimg.cc/ZKwvnxCF/65h.jpg,181,1262,729,53,430,50,2022-10-04T21:08:09Z
Tanks,Russia,https://upload.wikimedia.org/wikipedia/commons/thumb/a/a9/Flag_of_the_Soviet_Union.svg/23px-Flag_of_the_Soviet_Union.svg.png,T-72B,abandoned,https://i.postimg.cc/wjfhLTQ3/4f9.jpg,181,1262,729,53,430,50,2022-10-04T21:08:09Z
Tanks,Russia,https://upload.wikimedia.org/wikipedia/commons/thumb/a/a9/Flag_of_the_Soviet_Union.svg/23px-Flag_of_the_Soviet_Union.svg.png,T-72B,abandoned,https://i.postimg.cc/GhcpMPJj/53.jpg,181,1262,729,53,430,50,2022-10-04T21:08:09Z
Tanks,Russia,https://upload.wikimedia.org/wikipedia/commons/thumb/a/a9/Flag_of_the_Soviet_Union.svg/23px-Flag_of_the_Soviet_Union.svg.png,T-72B,damaged,https://i.postimg.cc/Bv3rSysY/33213.png,181,1262,729,53,430,50,2022-10-04T21:08:09Z
Tanks,Russia,https://upload.wikimedia.org/wikipedia/commons/thumb/a/a9/Flag_of_the_Soviet_Union.svg/23px-Flag_of_the_Soviet_Union.svg.png,T-72B,damaged,https://i.postimg.cc/h4Tfc6FP/6523.png,181,1262,729,53,430,50,2022-10-04T21:08:09Z
Tanks,Russia,https://upload.wikimedia.org/wikipedia/commons/thumb/a/a9/Flag_of_the_Soviet_Union.svg/23px-Flag_of_the_Soviet_Union.svg.png,T-72B,damaged,https://i.postimg.cc/h4Tfc6FP/6523.png,181,1262,729,53,430,50,2022-10-04T21:08:09Z
Tanks,Russia,https://upload.wikimedia.org/wikipedia/commons/thumb/a/a9/Flag_of_the_Soviet_Union.svg/23px-Flag_of_the_Soviet_Union.svg.png,T-72B,destroyed,https://i.postimg.cc/HxqJby2G/488.png,181,1262,729,53,430,50,2022-10-04T21:08:09Z
Tanks,Russia,https://upload.wikimedia.org/wikipedia/commons/thumb/a/a9/Flag_of_the_Soviet_Union.svg/23px-Flag_of_the_Soviet_Union.svg.png,T-72B,captured,https://i.postimg.cc/7hvdbLzy/5422.jpg,181,1262,729,53,430,50,2022-10-04T21:08:09Z
Tanks,Russia,https://upload.wikimedia.org/wikipedia/commons/thumb/a/a9/Flag_of_the_Soviet_Union.svg/23px-Flag_of_the_Soviet_Union.svg.png,T-72B,captured,https://i.postimg.cc/WzC3dgn1/d1d.jpg,181,1262,729,53,430,50,2022-10-04T21:08:09Z
Tanks,Russia,https://upload.wikimedia.org/wikipedia/commons/thumb/a/a9/Flag_of_the_Soviet_Union.svg/23px-Flag_of_the_Soviet_Union.svg.png,T-72B,captured,https://i.postimg.cc/KYj8D0H8/r3.jpg,181,1262,729,53,430,50,2022-10-04T21:08:09Z
Tanks,Russia,https://upload.wikimedia.org/wikipedia/commons/thumb/a/a9/Flag_of_the_Soviet_Union.svg/23px-Flag_of_the_Soviet_Union.svg.png,T-72B,captured,https://i.postimg.cc/rmsL0R73/4f1.png,181,1262,729,53,430,50,2022-10-04T21:08:09Z
Tanks,Russia,https://upload.wikimedia.org/wikipedia/commons/thumb/a/a9/Flag_of_the_Soviet_Union.svg/23px-Flag_of_the_Soviet_Union.svg.png,T-72B,captured,https://i.postimg.cc/2j7N340c/23f.jpg,181,1262,729,53,430,50,2022-10-04T21:08:09Z
Tanks,Russia,https://upload.wikimedia.org/wikipedia/commons/thumb/a/a9/Flag_of_the_Soviet_Union.svg/23px-Flag_of_the_Soviet_Union.svg.png,T-72B,captured,https://i.postimg.cc/Bv3rSysY/33213.png,181,1262,729,53,430,50,2022-10-04T21:08:09Z
Tanks,Russia,https://upload.wikimedia.org/wikipedia/commons/thumb/a/a9/Flag_of_the_Soviet_Union.svg/23px-Flag_of_the_Soviet_Union.svg.png,T-72B,captured,https://i.postimg.cc/Kcs8NxNt/5h.png,181,1262,729,53,430,50,2022-10-04T21:08:09Z
Tanks,Russia,https://upload.wikimedia.org/wikipedia/commons/thumb/a/a9/Flag_of_the_Soviet_Union.svg/23px-Flag_of_the_Soviet_Union.svg.png,T-72B,captured,https://i.postimg.cc/BQx2ch5r/c5.jpg,181,1262,729,53,430,50,2022-10-04T21:08:09Z
Tanks,Russia,https://upload.wikimedia.org/wikipedia/commons/thumb/a/a9/Flag_of_the_Soviet_Union.svg/23px-Flag_of_the_Soviet_Union.svg.png,T-72B,captured,https://i.postimg.cc/0yC7VGFY/bt8.png,181,1262,729,53,430,50,2022-10-04T21:08:09Z
Tanks,Russia,https://upload.wikimedia.org/wikipedia/commons/thumb/a/a9/Flag_of_the_Soviet_Union.svg/23px-Flag_of_the_Soviet_Union.svg.png,T-72B,captured,https://i.postimg.cc/DzjLTv2m/bt9.png,181,1262,729,53,430,50,2022-10-04T21:08:09Z
Tanks,Russia,https://upload.wikimedia.org/wikipedia/commons/thumb/a/a9/Flag_of_the_Soviet_Union.svg/23px-Flag_of_the_Soviet_Union.svg.png,T-72B,captured,https://i.postimg.cc/PfvWNfCr/c6.jpg,181,1262,729,53,430,50,2022-10-04T21:08:09Z
Tanks,Russia,https://upload.wikimedia.org/wikipedia/commons/thumb/a/a9/Flag_of_the_Soviet_Union.svg/23px-Flag_of_the_Soviet_Union.svg.png,T-72B,captured,https://i.postimg.cc/sDQ1HRfx/455.png,181,1262,729,53,430,50,2022-10-04T21:08:09Z
Tanks,Russia,https://upload.wikimedia.org/wikipedia/commons/thumb/a/a9/Flag_of_the_Soviet_Union.svg/23px-Flag_of_the_Soviet_Union.svg.png,T-72B,captured,https://i.postimg.cc/d1WfHr51/lk.png,181,1262,729,53,430,50,2022-10-04T21:08:09Z
Tanks,Russia,https://upload.wikimedia.org/wikipedia/commons/thumb/a/a9/Flag_of_the_Soviet_Union.svg/23px-Flag_of_the_Soviet_Union.svg.png,T-72B,captured,https://i.postimg.cc/Ssrz1DC1/5g5.jpg,181,1262,729,53,430,50,2022-10-04T21:08:09Z
Tanks,Russia,https://upload.wikimedia.org/wikipedia/commons/thumb/a/a9/Flag_of_the_Soviet_Union.svg/23px-Flag_of_the_Soviet_Union.svg.png,T-72B,captured,https://i.postimg.cc/fyGRTdNQ/766.jpg,181,1262,729,53,430,50,2022-10-04T21:08:09Z
Tanks,Russia,https://upload.wikimedia.org/wikipedia/commons/thumb/a/a9/Flag_of_the_Soviet_Union.svg/23px-Flag_of_the_Soviet_Union.svg.png,T-72B,captured,https://postimg.cc/K1DWKr21,181,1262,729,53,430,50,2022-10-04T21:08:09Z
Tanks,Russia,https://upload.wikimedia.org/wikipedia/commons/thumb/a/a9/Flag_of_the_Soviet_Union.svg/23px-Flag_of_the_Soviet_Union.svg.png,T-72B,captured,https://i.postimg.cc/k4jjk5XP/4433.jpg,181,1262,729,53,430,50,2022-10-04T21:08:09Z
Tanks,Russia,https://upload.wikimedia.org/wikipedia/commons/thumb/a/a9/Flag_of_the_Soviet_Union.svg/23px-Flag_of_the_Soviet_Union.svg.png,T-72B,captured,https://i.postimg.cc/cHZwX5sc/438k.png,181,1262,729,53,430,50,2022-10-04T21:08:09Z
Tanks,Russia,https://upload.wikimedia.org/wikipedia/commons/thumb/a/a9/Flag_of_the_Soviet_Union.svg/23px-Flag_of_the_Soviet_Union.svg.png,T-72B,captured,https://i.postimg.cc/X77rqZ1S/g6.jpg,181,1262,729,53,430,50,2022-10-04T21:08:09Z
Tanks,Russia,https://upload.wikimedia.org/wikipedia/commons/thumb/a/a9/Flag_of_the_Soviet_Union.svg/23px-Flag_of_the_Soviet_Union.svg.png,T-72B,captured,https://i.postimg.cc/0QJfZdry/5770.png,181,1262,729,53,430,50,2022-10-04T21:08:09Z
Tanks,Russia,https://upload.wikimedia.org/wikipedia/commons/thumb/a/a9/Flag_of_the_Soviet_Union.svg/23px-Flag_of_the_Soviet_Union.svg.png,T-72B,captured,https://i.postimg.cc/br5s38s0/887.jpg,181,1262,729,53,430,50,2022-10-04T21:08:09Z
Tanks,Russia,https://upload.wikimedia.org/wikipedia/commons/thumb/a/a9/Flag_of_the_Soviet_Union.svg/23px-Flag_of_the_Soviet_Union.svg.png,T-72B,captured,https://i.postimg.cc/dQZZfLKP/321.jpg,181,1262,729,53,430,50,2022-10-04T21:08:09Z
Tanks,Russia,https://upload.wikimedia.org/wikipedia/commons/thumb/a/a9/Flag_of_the_Soviet_Union.svg/23px-Flag_of_the_Soviet_Union.svg.png,T-72B,captured,https://i.postimg.cc/mkTx7PYz/3211.jpg,181,1262,729,53,430,50,2022-10-04T21:08:09Z
Tanks,Russia,https://upload.wikimedia.org/wikipedia/commons/thumb/a/a9/Flag_of_the_Soviet_Union.svg/23px-Flag_of_the_Soviet_Union.svg.png,T-72B,captured,https://i.postimg.cc/zX8WM3NJ/657.jpg,181,1262,729,53,430,50,2022-10-04T21:08:09Z
Tanks,Russia,https://upload.wikimedia.org/wikipedia/commons/thumb/a/a9/Flag_of_the_Soviet_Union.svg/23px-Flag_of_the_Soviet_Union.svg.png,T-72B,captured,https://i.postimg.cc/Pfwq9LqV/57.jpg,181,1262,729,53,430,50,2022-10-04T21:08:09Z
Tanks,Russia,https://upload.wikimedia.org/wikipedia/commons/thumb/a/a9/Flag_of_the_Soviet_Union.svg/23px-Flag_of_the_Soviet_Union.svg.png,T-72B,captured,https://i.postimg.cc/05hXSQ9J/443.jpg,181,1262,729,53,430,50,2022-10-04T21:08:09Z
Tanks,Russia,https://upload.wikimedia.org/wikipedia/commons/thumb/a/a9/Flag_of_the_Soviet_Union.svg/23px-Flag_of_the_Soviet_Union.svg.png,T-72B,captured,https://i.postimg.cc/CdpySyYv/665.jpg,181,1262,729,53,430,50,2022-10-04T21:08:09Z
Tanks,Russia,https://upload.wikimedia.org/wikipedia/commons/thumb/a/a9/Flag_of_the_Soviet_Union.svg/23px-Flag_of_the_Soviet_Union.svg.png,T-72B,captured,https://i.postimg.cc/jSd4yPzH/67.jpg,181,1262,729,53,430,50,2022-10-04T21:08:09Z
Tanks,Russia,https://upload.wikimedia.org/wikipedia/commons/thumb/a/a9/Flag_of_the_Soviet_Union.svg/23px-Flag_of_the_Soviet_Union.svg.png,T-72B,captured,https://i.postimg.cc/YCbHJVSt/988.jpg,181,1262,729,53,430,50,2022-10-04T21:08:09Z
Tanks,Russia,https://upload.wikimedia.org/wikipedia/commons/thumb/a/a9/Flag_of_the_Soviet_Union.svg/23px-Flag_of_the_Soviet_Union.svg.png,T-72B,captured,https://i.postimg.cc/KvjS4SnV/f55.png,181,1262,729,53,430,50,2022-10-04T21:08:09Z
Tanks,Russia,https://upload.wikimedia.org/wikipedia/commons/thumb/a/a9/Flag_of_the_Soviet_Union.svg/23px-Flag_of_the_Soviet_Union.svg.png,T-72B,captured,https://i.postimg.cc/8CbkWpK4/44f0.png,181,1262,729,53,430,50,2022-10-04T21:08:09Z
Tanks,Russia,https://upload.wikimedia.org/wikipedia/commons/thumb/a/a9/Flag_of_the_Soviet_Union.svg/23px-Flag_of_the_Soviet_Union.svg.png,T-72B,captured,https://i.postimg.cc/m22ky4yZ/778.jpg,181,1262,729,53,430,50,2022-10-04T21:08:09Z
Tanks,Russia,https://upload.wikimedia.org/wikipedia/commons/thumb/a/a9/Flag_of_the_Soviet_Union.svg/23px-Flag_of_the_Soviet_Union.svg.png,T-72B,captured,https://twitter.com/UAWeapons/status/1538474213220265985,181,1262,729,53,430,50,2022-10-04T21:08:09Z
Tanks,Russia,https://upload.wikimedia.org/wikipedia/commons/thumb/a/a9/Flag_of_the_Soviet_Union.svg/23px-Flag_of_the_Soviet_Union.svg.png,T-72B,captured,https://i.postimg.cc/MGqbLZm7/78.jpg,181,1262,729,53,430,50,2022-10-04T21:08:09Z
Tanks,Russia,https://upload.wikimedia.org/wikipedia/commons/thumb/a/a9/Flag_of_the_Soviet_Union.svg/23px-Flag_of_the_Soviet_Union.svg.png,T-72B,captured,https://i.postimg.cc/TY3dqqM5/52.png,181,1262,729,53,430,50,2022-10-04T21:08:09Z
Tanks,Russia,https://upload.wikimedia.org/wikipedia/commons/thumb/a/a9/Flag_of_the_Soviet_Union.svg/23px-Flag_of_the_Soviet_Union.svg.png,T-72B,captured,https://i.postimg.cc/26mGDmRD/m4.png,181,1262,729,53,430,50,2022-10-04T21:08:09Z
Tanks,Russia,https://upload.wikimedia.org/wikipedia/commons/thumb/a/a9/Flag_of_the_Soviet_Union.svg/23px-Flag_of_the_Soviet_Union.svg.png,T-72B,captured,https://i.postimg.cc/PJknPwNV/1245.png,181,1262,729,53,430,50,2022-10-04T21:08:09Z
Tanks,Russia,https://upload.wikimedia.org/wikipedia/commons/thumb/a/a9/Flag_of_the_Soviet_Union.svg/23px-Flag_of_the_Soviet_Union.svg.png,T-72B,captured,https://twitter.com/UAWeapons/status/1548761196542689280,181,1262,729,53,430,50,2022-10-04T21:08:09Z
Tanks,Russia,https://upload.wikimedia.org/wikipedia/commons/thumb/a/a9/Flag_of_the_Soviet_Union.svg/23px-Flag_of_the_Soviet_Union.svg.png,T-72B,captured,https://i.postimg.cc/rpJQGW17/46k.png,181,1262,729,53,430,50,2022-10-04T21:08:09Z
Tanks,Russia,https://upload.wikimedia.org/wikipedia/commons/thumb/a/a9/Flag_of_the_Soviet_Union.svg/23px-Flag_of_the_Soviet_Union.svg.png,T-72B,captured,https://i.postimg.cc/4xc1brgd/446.png,181,1262,729,53,430,50,2022-10-04T21:08:09Z
Tanks,Russia,https://upload.wikimedia.org/wikipedia/commons/thumb/a/a9/Flag_of_the_Soviet_Union.svg/23px-Flag_of_the_Soviet_Union.svg.png,T-72B,captured,https://i.postimg.cc/j2pMJbGF/1004.jpg,181,1262,729,53,430,50,2022-10-04T21:08:09Z
Tanks,Russia,https://upload.wikimedia.org/wikipedia/commons/thumb/a/a9/Flag_of_the_Soviet_Union.svg/23px-Flag_of_the_Soviet_Union.svg.png,T-72B,captured,https://i.postimg.cc/HWXSMGPQ/1001.jpg,181,1262,729,53,430,50,2022-10-04T21:08:09Z
Tanks,Russia,https://upload.wikimedia.org/wikipedia/commons/thumb/a/a9/Flag_of_the_Soviet_Union.svg/23px-Flag_of_the_Soviet_Union.svg.png,T-72B,captured,https://i.postimg.cc/8PQKDG7t/ta2.png,181,1262,729,53,430,50,2022-10-04T21:08:09Z
Tanks,Russia,https://upload.wikimedia.org/wikipedia/commons/thumb/a/a9/Flag_of_the_Soviet_Union.svg/23px-Flag_of_the_Soviet_Union.svg.png,T-72B,captured,https://i.postimg.cc/13gv8gsQ/g5mm.jpg,181,1262,729,53,430,50,2022-10-04T21:08:09Z
Tanks,Russia,https://upload.wikimedia.org/wikipedia/commons/thumb/a/a9/Flag_of_the_Soviet_Union.svg/23px-Flag_of_the_Soviet_Union.svg.png,T-72B,captured,https://i.postimg.cc/y8Cgm71v/366.png,181,1262,729,53,430,50,2022-10-04T21:08:09Z
Tanks,Russia,https://upload.wikimedia.org/wikipedia/commons/thumb/a/a9/Flag_of_the_Soviet_Union.svg/23px-Flag_of_the_Soviet_Union.svg.png,T-72B,captured,https://i.postimg.cc/L4LcxH8f/1018-t72b.jpg,181,1262,729,53,430,50,2022-10-04T21:08:09Z
Tanks,Russia,https://upload.wikimedia.org/wikipedia/commons/thumb/a/a9/Flag_of_the_Soviet_Union.svg/23px-Flag_of_the_Soviet_Union.svg.png,T-72B,captured,https://twitter.com/UAWeapons/status/1562002981394026498,181,1262,729,53,430,50,2022-10-04T21:08:09Z
Tanks,Russia,https://upload.wikimedia.org/wikipedia/commons/thumb/a/a9/Flag_of_the_Soviet_Union.svg/23px-Flag_of_the_Soviet_Union.svg.png,T-72B,captured,https://i.postimg.cc/xj50zPMP/4003-t72b.jpg,181,1262,729,53,430,50,2022-10-04T21:08:09Z
Tanks,Russia,https://upload.wikimedia.org/wikipedia/commons/thumb/a/a9/Flag_of_the_Soviet_Union.svg/23px-Flag_of_the_Soviet_Union.svg.png,T-72B,captured,https://twitter.com/UAWeapons/status/1569013204541374464,181,1262,729,53,430,50,2022-10-04T21:08:09Z
Tanks,Russia,https://upload.wikimedia.org/wikipedia/commons/thumb/a/a9/Flag_of_the_Soviet_Union.svg/23px-Flag_of_the_Soviet_Union.svg.png,T-72B,captured,https://twitter.com/UAWeapons/status/1569618856687058945,181,1262,729,53,430,50,2022-10-04T21:08:09Z
Tanks,Russia,https://upload.wikimedia.org/wikipedia/commons/thumb/a/a9/Flag_of_the_Soviet_Union.svg/23px-Flag_of_the_Soviet_Union.svg.png,T-72B,captured,https://i.postimg.cc/s2RyrRjc/4001-t72b.jpg,181,1262,729,53,430,50,2022-10-04T21:08:09Z
Tanks,Russia,https://upload.wikimedia.org/wikipedia/commons/thumb/a/a9/Flag_of_the_Soviet_Union.svg/23px-Flag_of_the_Soviet_Union.svg.png,T-72B,captured,https://twitter.com/UAWeapons/status/1570138425843408896,181,1262,729,53,430,50,2022-10-04T21:08:09Z
Tanks,Russia,https://upload.wikimedia.org/wikipedia/commons/thumb/a/a9/Flag_of_the_Soviet_Union.svg/23px-Flag_of_the_Soviet_Union.svg.png,T-72B,captured,https://i.postimg.cc/856PbNWN/1000.jpg,181,1262,729,53,430,50,2022-10-04T21:08:09Z
Tanks,Russia,https://upload.wikimedia.org/wikipedia/commons/thumb/a/a9/Flag_of_the_Soviet_Union.svg/23px-Flag_of_the_Soviet_Union.svg.png,T-72B,captured,https://i.postimg.cc/GmZRmMzH/1000-t72b.jpg,181,1262,729,53,430,50,2022-10-04T21:08:09Z
Tanks,Russia,https://upload.wikimedia.org/wikipedia/commons/thumb/a/a9/Flag_of_the_Soviet_Union.svg/23px-Flag_of_the_Soviet_Union.svg.png,T-72B,captured,https://i.postimg.cc/GmZRmMzH/1000-t72b.jpg,181,1262,729,53,430,50,2022-10-04T21:08:09Z
Tanks,Russia,https://upload.wikimedia.org/wikipedia/commons/thumb/a/a9/Flag_of_the_Soviet_Union.svg/23px-Flag_of_the_Soviet_Union.svg.png,T-72B,damaged,https://i.postimg.cc/kX0QbyD7/1008-t72b-capt.jpg,181,1262,729,53,430,50,2022-10-04T21:08:09Z
Tanks,Russia,https://upload.wikimedia.org/wikipedia/commons/thumb/a/a9/Flag_of_the_Soviet_Union.svg/23px-Flag_of_the_Soviet_Union.svg.png,T-72B,damaged,https://i.postimg.cc/W4xvnYDb/1010-t72b-capt-dam.jpg,181,1262,729,53,430,50,2022-10-04T21:08:09Z
Tanks,Russia,https://upload.wikimedia.org/wikipedia/commons/thumb/a/a9/Flag_of_the_Soviet_Union.svg/23px-Flag_of_the_Soviet_Union.svg.png,T-72B Obr. 1989,destroyed,https://i.postimg.cc/bwQmfRRD/763.png,74,1262,729,53,430,50,2022-10-04T21:08:09Z
Tanks,Russia,https://upload.wikimedia.org/wikipedia/commons/thumb/a/a9/Flag_of_the_Soviet_Union.svg/23px-Flag_of_the_Soviet_Union.svg.png,T-72B Obr. 1989,destroyed,https://i.postimg.cc/VLBGh0Lz/3dd1.jpg,74,1262,729,53,430,50,2022-10-04T21:08:09Z
Tanks,Russia,https://upload.wikimedia.org/wikipedia/commons/thumb/a/a9/Flag_of_the_Soviet_Union.svg/23px-Flag_of_the_Soviet_Union.svg.png,T-72B Obr. 1989,destroyed,https://i.postimg.cc/RhMrhxYT/90.png,74,1262,729,53,430,50,2022-10-04T21:08:09Z
Tanks,Russia,https://upload.wikimedia.org/wikipedia/commons/thumb/a/a9/Flag_of_the_Soviet_Union.svg/23px-Flag_of_the_Soviet_Union.svg.png,T-72B Obr. 1989,destroyed,https://i.postimg.cc/zGHMfQSs/32111.png,74,1262,729,53,430,50,2022-10-04T21:08:09Z
Tanks,Russia,https://upload.wikimedia.org/wikipedia/commons/thumb/a/a9/Flag_of_the_Soviet_Union.svg/23px-Flag_of_the_Soviet_Union.svg.png,T-72B Obr. 1989,destroyed,https://i.postimg.cc/kMbfTBHz/983.png,74,1262,729,53,430,50,2022-10-04T21:08:09Z
Tanks,Russia,https://upload.wikimedia.org/wikipedia/commons/thumb/a/a9/Flag_of_the_Soviet_Union.svg/23px-Flag_of_the_Soviet_Union.svg.png,T-72B Obr. 1989,destroyed,https://postlmg.cc/HJF3Zn73,74,1262,729,53,430,50,2022-10-04T21:08:09Z
Tanks,Russia,https://upload.wikimedia.org/wikipedia/commons/thumb/a/a9/Flag_of_the_Soviet_Union.svg/23px-Flag_of_the_Soviet_Union.svg.png,T-72B Obr. 1989,destroyed,https://i.postimg.cc/MGCKHyk2/557.png,74,1262,729,53,430,50,2022-10-04T21:08:09Z
Tanks,Russia,https://upload.wikimedia.org/wikipedia/commons/thumb/a/a9/Flag_of_the_Soviet_Union.svg/23px-Flag_of_the_Soviet_Union.svg.png,T-72B Obr. 1989,destroyed,https://i.postimg.cc/zDSXDb06/887.png,74,1262,729,53,430,50,2022-10-04T21:08:09Z
Tanks,Russia,https://upload.wikimedia.org/wikipedia/commons/thumb/a/a9/Flag_of_the_Soviet_Union.svg/23px-Flag_of_the_Soviet_Union.svg.png,T-72B Obr. 1989,destroyed,https://i.postimg.cc/KvkQ7MkL/542f2.jpg,74,1262,729,53,430,50,2022-10-04T21:08:09Z
Tanks,Russia,https://upload.wikimedia.org/wikipedia/commons/thumb/a/a9/Flag_of_the_Soviet_Union.svg/23px-Flag_of_the_Soviet_Union.svg.png,T-72B Obr. 1989,destroyed,https://i.postimg.cc/Dz08xgz6/d3n.jpg,74,1262,729,53,430,50,2022-10-04T21:08:09Z
Tanks,Russia,https://upload.wikimedia.org/wikipedia/commons/thumb/a/a9/Flag_of_the_Soviet_Union.svg/23px-Flag_of_the_Soviet_Union.svg.png,T-72B Obr. 1989,destroyed,https://i.postimg.cc/1zqHtqkm/3d3.jpg,74,1262,729,53,430,50,2022-10-04T21:08:09Z
Tanks,Russia,https://upload.wikimedia.org/wikipedia/commons/thumb/a/a9/Flag_of_the_Soviet_Union.svg/23px-Flag_of_the_Soviet_Union.svg.png,T-72B Obr. 1989,destroyed,https://postimg.cc/f36nCbj3,74,1262,729,53,430,50,2022-10-04T21:08:09Z
Tanks,Russia,https://upload.wikimedia.org/wikipedia/commons/thumb/a/a9/Flag_of_the_Soviet_Union.svg/23px-Flag_of_the_Soviet_Union.svg.png,T-72B Obr. 1989,destroyed,https://postimg.cc/MMVkF8d9,74,1262,729,53,430,50,2022-10-04T21:08:09Z
Tanks,Russia,https://upload.wikimedia.org/wikipedia/commons/thumb/a/a9/Flag_of_the_Soviet_Union.svg/23px-Flag_of_the_Soviet_Union.svg.png,T-72B Obr. 1989,destroyed,https://postimg.cc/zb8m6c65,74,1262,729,53,430,50,2022-10-04T21:08:09Z
Tanks,Russia,https://upload.wikimedia.org/wikipedia/commons/thumb/a/a9/Flag_of_the_Soviet_Union.svg/23px-Flag_of_the_Soviet_Union.svg.png,T-72B Obr. 1989,destroyed,https://i.postimg.cc/FK4x6j4C/tankk.png,74,1262,729,53,430,50,2022-10-04T21:08:09Z
Tanks,Russia,https://upload.wikimedia.org/wikipedia/commons/thumb/a/a9/Flag_of_the_Soviet_Union.svg/23px-Flag_of_the_Soviet_Union.svg.png,T-72B Obr. 1989,destroyed,https://postimg.cc/qtyVxLkS,74,1262,729,53,430,50,2022-10-04T21:08:09Z
Tanks,Russia,https://upload.wikimedia.org/wikipedia/commons/thumb/a/a9/Flag_of_the_Soviet_Union.svg/23px-Flag_of_the_Soviet_Union.svg.png,T-72B Obr. 1989,destroyed,https://i.postimg.cc/C5KNY21Q/1003.jpg,74,1262,729,53,430,50,2022-10-04T21:08:09Z
Tanks,Russia,https://upload.wikimedia.org/wikipedia/commons/thumb/a/a9/Flag_of_the_Soviet_Union.svg/23px-Flag_of_the_Soviet_Union.svg.png,T-72B Obr. 1989,destroyed,https://i.postimg.cc/VN4xdbdL/489.png,74,1262,729,53,430,50,2022-10-04T21:08:09Z
Tanks,Russia,https://upload.wikimedia.org/wikipedia/commons/thumb/a/a9/Flag_of_the_Soviet_Union.svg/23px-Flag_of_the_Soviet_Union.svg.png,T-72B Obr. 1989,destroyed,https://i.postimg.cc/PrqbsjfB/dt12.png,74,1262,729,53,430,50,2022-10-04T21:08:09Z
Tanks,Russia,https://upload.wikimedia.org/wikipedia/commons/thumb/a/a9/Flag_of_the_Soviet_Union.svg/23px-Flag_of_the_Soviet_Union.svg.png,T-72B Obr. 1989,destroyed,https://i.postimg.cc/PrqbsjfB/dt12.png,74,1262,729,53,430,50,2022-10-04T21:08:09Z
Tanks,Russia,https://upload.wikimedia.org/wikipedia/commons/thumb/a/a9/Flag_of_the_Soviet_Union.svg/23px-Flag_of_the_Soviet_Union.svg.png,T-72B Obr. 1989,destroyed,https://i.postimg.cc/XJy7Kgyg/32d.png,74,1262,729,53,430,50,2022-10-04T21:08:09Z
Tanks,Russia,https://upload.wikimedia.org/wikipedia/commons/thumb/a/a9/Flag_of_the_Soviet_Union.svg/23px-Flag_of_the_Soviet_Union.svg.png,T-72B Obr. 1989,destroyed,https://i.postimg.cc/qvjrTktx/6698.png,74,1262,729,53,430,50,2022-10-04T21:08:09Z
Tanks,Russia,https://upload.wikimedia.org/wikipedia/commons/thumb/a/a9/Flag_of_the_Soviet_Union.svg/23px-Flag_of_the_Soviet_Union.svg.png,T-72B Obr. 1989,destroyed,https://i.postimg.cc/sg5P6KjX/1007-t72b1989.jpg,74,1262,729,53,430,50,2022-10-04T21:08:09Z
Tanks,Russia,https://upload.wikimedia.org/wikipedia/commons/thumb/a/a9/Flag_of_the_Soviet_Union.svg/23px-Flag_of_the_Soviet_Union.svg.png,T-72B Obr. 1989,destroyed,https://i.postimg.cc/Fz8NG92N/763.jpg,74,1262,729,53,430,50,2022-10-04T21:08:09Z
Tanks,Russia,https://upload.wikimedia.org/wikipedia/commons/thumb/a/a9/Flag_of_the_Soviet_Union.svg/23px-Flag_of_the_Soviet_Union.svg.png,T-72B Obr. 1989,destroyed,https://i.postimg.cc/wvvXTB0n/5g.jpg,74,1262,729,53,430,50,2022-10-04T21:08:09Z
Tanks,Russia,https://upload.wikimedia.org/wikipedia/commons/thumb/a/a9/Flag_of_the_Soviet_Union.svg/23px-Flag_of_the_Soviet_Union.svg.png,T-72B Obr. 1989,destroyed,https://i.postimg.cc/dVBzXTYc/d87.png,74,1262,729,53,430,50,2022-10-04T21:08:09Z
Tanks,Russia,https://upload.wikimedia.org/wikipedia/commons/thumb/a/a9/Flag_of_the_Soviet_Union.svg/23px-Flag_of_the_Soviet_Union.svg.png,T-72B Obr. 1989,destroyed,https://i.postimg.cc/26XRVkYQ/325.jpg,74,1262,729,53,430,50,2022-10-04T21:08:09Z
Tanks,Russia,https://upload.wikimedia.org/wikipedia/commons/thumb/a/a9/Flag_of_the_Soviet_Union.svg/23px-Flag_of_the_Soviet_Union.svg.png,T-72B Obr. 1989,destroyed,https://i.postimg.cc/XNT4fqFk/g542.png,74,1262,729,53,430,50,2022-10-04T21:08:09Z
Tanks,Russia,https://upload.wikimedia.org/wikipedia/commons/thumb/a/a9/Flag_of_the_Soviet_Union.svg/23px-Flag_of_the_Soviet_Union.svg.png,T-72B Obr. 1989,destroyed,https://i.postimg.cc/bJHW72jf/5541.png,74,1262,729,53,430,50,2022-10-04T21:08:09Z
Tanks,Russia,https://upload.wikimedia.org/wikipedia/commons/thumb/a/a9/Flag_of_the_Soviet_Union.svg/23px-Flag_of_the_Soviet_Union.svg.png,T-72B Obr. 1989,destroyed,https://twitter.com/UAWeapons/status/1542891130924290051,74,1262,729,53,430,50,2022-10-04T21:08:09Z
Tanks,Russia,https://upload.wikimedia.org/wikipedia/commons/thumb/a/a9/Flag_of_the_Soviet_Union.svg/23px-Flag_of_the_Soviet_Union.svg.png,T-72B Obr. 1989,destroyed,https://twitter.com/RALee85/status/1543247481433104384,74,1262,729,53,430,50,2022-10-04T21:08:09Z
Tanks,Russia,https://upload.wikimedia.org/wikipedia/commons/thumb/a/a9/Flag_of_the_Soviet_Union.svg/23px-Flag_of_the_Soviet_Union.svg.png,T-72B Obr. 1989,destroyed,https://twitter.com/UAWeapons/status/1507764352774025217,74,1262,729,53,430,50,2022-10-04T21:08:09Z
Tanks,Russia,https://upload.wikimedia.org/wikipedia/commons/thumb/a/a9/Flag_of_the_Soviet_Union.svg/23px-Flag_of_the_Soviet_Union.svg.png,T-72B Obr. 1989,destroyed,https://i.postimg.cc/bJYShwyX/1008-t72b1989.jpg,74,1262,729,53,430,50,2022-10-04T21:08:09Z
Tanks,Russia,https://upload.wikimedia.org/wikipedia/commons/thumb/a/a9/Flag_of_the_Soviet_Union.svg/23px-Flag_of_the_Soviet_Union.svg.png,T-72B Obr. 1989,destroyed,https://i.postimg.cc/JhR9DqgC/1000-t72b1989.jpg,74,1262,729,53,430,50,2022-10-04T21:08:09Z
Tanks,Russia,https://upload.wikimedia.org/wikipedia/commons/thumb/a/a9/Flag_of_the_Soviet_Union.svg/23px-Flag_of_the_Soviet_Union.svg.png,T-72B Obr. 1989,destroyed,https://twitter.com/UAWeapons/status/1523290805762686976,74,1262,729,53,430,50,2022-10-04T21:08:09Z
Tanks,Russia,https://upload.wikimedia.org/wikipedia/commons/thumb/a/a9/Flag_of_the_Soviet_Union.svg/23px-Flag_of_the_Soviet_Union.svg.png,T-72B Obr. 1989,destroyed,https://i.postimg.cc/Hkm3CFP5/1017-t72b1989.jpg,74,1262,729,53,430,50,2022-10-04T21:08:09Z
Tanks,Russia,https://upload.wikimedia.org/wikipedia/commons/thumb/a/a9/Flag_of_the_Soviet_Union.svg/23px-Flag_of_the_Soviet_Union.svg.png,T-72B Obr. 1989,destroyed,https://i.postimg.cc/1z5H8wS3/1020-t72b1989.jpg,74,1262,729,53,430,50,2022-10-04T21:08:09Z
Tanks,Russia,https://upload.wikimedia.org/wikipedia/commons/thumb/a/a9/Flag_of_the_Soviet_Union.svg/23px-Flag_of_the_Soviet_Union.svg.png,T-72B Obr. 1989,destroyed,https://i.postimg.cc/fTDpdnYs/1010-t72b1989.jpg,74,1262,729,53,430,50,2022-10-04T21:08:09Z
Tanks,Russia,https://upload.wikimedia.org/wikipedia/commons/thumb/a/a9/Flag_of_the_Soviet_Union.svg/23px-Flag_of_the_Soviet_Union.svg.png,T-72B Obr. 1989,destroyed,https://twitter.com/UAWeapons/status/1571150184947798018,74,1262,729,53,430,50,2022-10-04T21:08:09Z
Tanks,Russia,https://upload.wikimedia.org/wikipedia/commons/thumb/a/a9/Flag_of_the_Soviet_Union.svg/23px-Flag_of_the_Soviet_Union.svg.png,T-72B Obr. 1989,destroyed,https://twitter.com/UAWeapons/status/1571150184947798018,74,1262,729,53,430,50,2022-10-04T21:08:09Z
Tanks,Russia,https://upload.wikimedia.org/wikipedia/commons/thumb/a/a9/Flag_of_the_Soviet_Union.svg/23px-Flag_of_the_Soviet_Union.svg.png,T-72B Obr. 1989,destroyed,https://i.postimg.cc/ZKX1sWqV/331.png,74,1262,729,53,430,50,2022-10-04T21:08:09Z
Tanks,Russia,https://upload.wikimedia.org/wikipedia/commons/thumb/a/a9/Flag_of_the_Soviet_Union.svg/23px-Flag_of_the_Soviet_Union.svg.png,T-72B Obr. 1989,destroyed,https://i.postimg.cc/kGRF58nz/2022-09-14-T-72-B3.jpg,74,1262,729,53,430,50,2022-10-04T21:08:09Z
Tanks,Russia,https://upload.wikimedia.org/wikipedia/commons/thumb/a/a9/Flag_of_the_Soviet_Union.svg/23px-Flag_of_the_Soviet_Union.svg.png,T-72B Obr. 1989,destroyed,https://twitter.com/UAWeapons/status/1575821067657936896,74,1262,729,53,430,50,2022-10-04T21:08:09Z
Tanks,Russia,https://upload.wikimedia.org/wikipedia/commons/thumb/a/a9/Flag_of_the_Soviet_Union.svg/23px-Flag_of_the_Soviet_Union.svg.png,T-72B Obr. 1989,damaged,https://i.postimg.cc/Sx58mgzj/480.png,74,1262,729,53,430,50,2022-10-04T21:08:09Z
Tanks,Russia,https://upload.wikimedia.org/wikipedia/commons/thumb/a/a9/Flag_of_the_Soviet_Union.svg/23px-Flag_of_the_Soviet_Union.svg.png,T-72B Obr. 1989,damaged,https://twitter.com/UAWeapons/status/1557305465687744512,74,1262,729,53,430,50,2022-10-04T21:08:09Z
Tanks,Russia,https://upload.wikimedia.org/wikipedia/commons/thumb/a/a9/Flag_of_the_Soviet_Union.svg/23px-Flag_of_the_Soviet_Union.svg.png,T-72B Obr. 1989,damaged,https://twitter.com/Blue_Sauron/status/1575425367027892226,74,1262,729,53,430,50,2022-10-04T21:08:09Z
Tanks,Russia,https://upload.wikimedia.org/wikipedia/commons/thumb/a/a9/Flag_of_the_Soviet_Union.svg/23px-Flag_of_the_Soviet_Union.svg.png,T-72B Obr. 1989,abandoned,https://i.postimg.cc/rsFyfrR7/h8.png,74,1262,729,53,430,50,2022-10-04T21:08:09Z
Tanks,Russia,https://upload.wikimedia.org/wikipedia/commons/thumb/a/a9/Flag_of_the_Soviet_Union.svg/23px-Flag_of_the_Soviet_Union.svg.png,T-72B Obr. 1989,abandoned,https://i.postimg.cc/6qVQKzjC/4t.png,74,1262,729,53,430,50,2022-10-04T21:08:09Z
Tanks,Russia,https://upload.wikimedia.org/wikipedia/commons/thumb/a/a9/Flag_of_the_Soviet_Union.svg/23px-Flag_of_the_Soviet_Union.svg.png,T-72B Obr. 1989,abandoned,https://i.postimg.cc/bvc3zdgp/3g.png,74,1262,729,53,430,50,2022-10-04T21:08:09Z
Tanks,Russia,https://upload.wikimedia.org/wikipedia/commons/thumb/a/a9/Flag_of_the_Soviet_Union.svg/23px-Flag_of_the_Soviet_Union.svg.png,T-72B Obr. 1989,abandoned,https://i.postimg.cc/Twf33VDW/1009-t72b1989.jpg,74,1262,729,53,430,50,2022-10-04T21:08:09Z
Tanks,Russia,https://upload.wikimedia.org/wikipedia/commons/thumb/a/a9/Flag_of_the_Soviet_Union.svg/23px-Flag_of_the_Soviet_Union.svg.png,T-72B Obr. 1989,damaged,https://i.postimg.cc/9XgKbxBF/8.jpg,74,1262,729,53,430,50,2022-10-04T21:08:09Z
Tanks,Russia,https://upload.wikimedia.org/wikipedia/commons/thumb/a/a9/Flag_of_the_Soviet_Union.svg/23px-Flag_of_the_Soviet_Union.svg.png,T-72B Obr. 1989,damaged,https://i.postimg.cc/KcW6QX5W/652.png,74,1262,729,53,430,50,2022-10-04T21:08:09Z
Tanks,Russia,https://upload.wikimedia.org/wikipedia/commons/thumb/a/a9/Flag_of_the_Soviet_Union.svg/23px-Flag_of_the_Soviet_Union.svg.png,T-72B Obr. 1989,damaged,https://i.postimg.cc/K8GWjV0y/257.png,74,1262,729,53,430,50,2022-10-04T21:08:09Z
Tanks,Russia,https://upload.wikimedia.org/wikipedia/commons/thumb/a/a9/Flag_of_the_Soviet_Union.svg/23px-Flag_of_the_Soviet_Union.svg.png,T-72B Obr. 1989,destroyed,https://i.postimg.cc/rsY8xqYW/78.jpg,74,1262,729,53,430,50,2022-10-04T21:08:09Z
Tanks,Russia,https://upload.wikimedia.org/wikipedia/commons/thumb/a/a9/Flag_of_the_Soviet_Union.svg/23px-Flag_of_the_Soviet_Union.svg.png,T-72B Obr. 1989,captured,https://i.postimg.cc/kGRMXTtk/dg.png,74,1262,729,53,430,50,2022-10-04T21:08:09Z
Tanks,Russia,https://upload.wikimedia.org/wikipedia/commons/thumb/a/a9/Flag_of_the_Soviet_Union.svg/23px-Flag_of_the_Soviet_Union.svg.png,T-72B Obr. 1989,captured,https://i.postimg.cc/0NVQN9tX/3317.png,74,1262,729,53,430,50,2022-10-04T21:08:09Z
Tanks,Russia,https://upload.wikimedia.org/wikipedia/commons/thumb/a/a9/Flag_of_the_Soviet_Union.svg/23px-Flag_of_the_Soviet_Union.svg.png,T-72B Obr. 1989,captured,https://postimg.cc/563CSwdq,74,1262,729,53,430,50,2022-10-04T21:08:09Z
Tanks,Russia,https://upload.wikimedia.org/wikipedia/commons/thumb/a/a9/Flag_of_the_Soviet_Union.svg/23px-Flag_of_the_Soviet_Union.svg.png,T-72B Obr. 1989,captured,https://postimg.cc/TpGbbtS3,74,1262,729,53,430,50,2022-10-04T21:08:09Z
Tanks,Russia,https://upload.wikimedia.org/wikipedia/commons/thumb/a/a9/Flag_of_the_Soviet_Union.svg/23px-Flag_of_the_Soviet_Union.svg.png,T-72B Obr. 1989,captured,https://i.postimg.cc/qRWSgMZm/ttaank.png,74,1262,729,53,430,50,2022-10-04T21:08:09Z
Tanks,Russia,https://upload.wikimedia.org/wikipedia/commons/thumb/a/a9/Flag_of_the_Soviet_Union.svg/23px-Flag_of_the_Soviet_Union.svg.png,T-72B Obr. 1989,captured,https://i.postimg.cc/6qnFN46P/776.jpg,74,1262,729,53,430,50,2022-10-04T21:08:09Z
Tanks,Russia,https://upload.wikimedia.org/wikipedia/commons/thumb/a/a9/Flag_of_the_Soviet_Union.svg/23px-Flag_of_the_Soviet_Union.svg.png,T-72B Obr. 1989,captured,https://i.postimg.cc/WpCjQNyv/f433.jpg,74,1262,729,53,430,50,2022-10-04T21:08:09Z
Tanks,Russia,https://upload.wikimedia.org/wikipedia/commons/thumb/a/a9/Flag_of_the_Soviet_Union.svg/23px-Flag_of_the_Soviet_Union.svg.png,T-72B Obr. 1989,captured,https://i.postimg.cc/cH86SLw8/d4n.jpg,74,1262,729,53,430,50,2022-10-04T21:08:09Z
Tanks,Russia,https://upload.wikimedia.org/wikipedia/commons/thumb/a/a9/Flag_of_the_Soviet_Union.svg/23px-Flag_of_the_Soviet_Union.svg.png,T-72B Obr. 1989,captured,https://i.postimg.cc/wMkxsvDr/658.jpg,74,1262,729,53,430,50,2022-10-04T21:08:09Z
Tanks,Russia,https://upload.wikimedia.org/wikipedia/commons/thumb/a/a9/Flag_of_the_Soviet_Union.svg/23px-Flag_of_the_Soviet_Union.svg.png,T-72B Obr. 1989,captured,https://i.postimg.cc/pX9C94y9/h6.jpg,74,1262,729,53,430,50,2022-10-04T21:08:09Z
Tanks,Russia,https://upload.wikimedia.org/wikipedia/commons/thumb/a/a9/Flag_of_the_Soviet_Union.svg/23px-Flag_of_the_Soviet_Union.svg.png,T-72B Obr. 1989,captured,https://i.postimg.cc/NM8vPWBX/669.png,74,1262,729,53,430,50,2022-10-04T21:08:09Z
Tanks,Russia,https://upload.wikimedia.org/wikipedia/commons/thumb/a/a9/Flag_of_the_Soviet_Union.svg/23px-Flag_of_the_Soviet_Union.svg.png,T-72B Obr. 1989,captured,https://i.postimg.cc/ncVTvBjk/d8.png,74,1262,729,53,430,50,2022-10-04T21:08:09Z
Tanks,Russia,https://upload.wikimedia.org/wikipedia/commons/thumb/a/a9/Flag_of_the_Soviet_Union.svg/23px-Flag_of_the_Soviet_Union.svg.png,T-72B Obr. 1989,captured,https://i.postimg.cc/QdD8JTw6/78.png,74,1262,729,53,430,50,2022-10-04T21:08:09Z
Tanks,Russia,https://upload.wikimedia.org/wikipedia/commons/thumb/a/a9/Flag_of_the_Soviet_Union.svg/23px-Flag_of_the_Soviet_Union.svg.png,T-72B Obr. 1989,captured,https://i.postimg.cc/htZVDZjm/1002.jpg,74,1262,729,53,430,50,2022-10-04T21:08:09Z
Tanks,Russia,https://upload.wikimedia.org/wikipedia/commons/thumb/a/a9/Flag_of_the_Soviet_Union.svg/23px-Flag_of_the_Soviet_Union.svg.png,T-72B Obr. 1989,captured,https://twitter.com/UAWeapons/status/1566836619415527427,74,1262,729,53,430,50,2022-10-04T21:08:09Z
Tanks,Russia,https://upload.wikimedia.org/wikipedia/commons/thumb/a/a9/Flag_of_the_Soviet_Union.svg/23px-Flag_of_the_Soviet_Union.svg.png,T-72B Obr. 1989,captured,https://i.postimg.cc/prDXwQ40/4002-t72b1989.jpg,74,1262,729,53,430,50,2022-10-04T21:08:09Z
Tanks,Russia,https://upload.wikimedia.org/wikipedia/commons/thumb/a/a9/Flag_of_the_Soviet_Union.svg/23px-Flag_of_the_Soviet_Union.svg.png,T-72B Obr. 1989,captured,https://twitter.com/UAWeapons/status/1570137029349883904,74,1262,729,53,430,50,2022-10-04T21:08:09Z
Tanks,Russia,https://upload.wikimedia.org/wikipedia/commons/thumb/a/a9/Flag_of_the_Soviet_Union.svg/23px-Flag_of_the_Soviet_Union.svg.png,T-72B Obr. 1989,captured,https://twitter.com/UAWeapons/status/1575217795385950208,74,1262,729,53,430,50,2022-10-04T21:08:09Z
Tanks,Russia,https://upload.wikimedia.org/wikipedia/commons/thumb/a/a9/Flag_of_the_Soviet_Union.svg/23px-Flag_of_the_Soviet_Union.svg.png,T-72B Obr. 1989,captured,https://i.postimg.cc/8sggs0Kg/1003-t72-1989.jpg,74,1262,729,53,430,50,2022-10-04T21:08:09Z
Tanks,Russia,https://upload.wikimedia.org/wikipedia/commons/thumb/a/a9/Flag_of_the_Soviet_Union.svg/23px-Flag_of_the_Soviet_Union.svg.png,T-72B Obr. 1989,captured,https://twitter.com/UAWeapons/status/1576608068133351425,74,1262,729,53,430,50,2022-10-04T21:08:09Z
Tanks,Russia,https://upload.wikimedia.org/wikipedia/en/thumb/f/f3/Flag_of_Russia.svg/23px-Flag_of_Russia.svg.png,T-72BA,destroyed,https://i.postimg.cc/63BxRw4S/1002-t72ba.jpg,13,1262,729,53,430,50,2022-10-04T21:08:09Z
Tanks,Russia,https://upload.wikimedia.org/wikipedia/en/thumb/f/f3/Flag_of_Russia.svg/23px-Flag_of_Russia.svg.png,T-72BA,destroyed,https://i.postimg.cc/3RkbP4HG/1022-t72ba-destr.jpg,13,1262,729,53,430,50,2022-10-04T21:08:09Z
Tanks,Russia,https://upload.wikimedia.org/wikipedia/en/thumb/f/f3/Flag_of_Russia.svg/23px-Flag_of_Russia.svg.png,T-72BA,damaged,https://i.postimg.cc/GptKrKXD/8887.jpg,13,1262,729,53,430,50,2022-10-04T21:08:09Z
Tanks,Russia,https://upload.wikimedia.org/wikipedia/en/thumb/f/f3/Flag_of_Russia.svg/23px-Flag_of_Russia.svg.png,T-72BA,captured,https://i.postimg.cc/PqbfD0QX/66.jpg,13,1262,729,53,430,50,2022-10-04T21:08:09Z
Tanks,Russia,https://upload.wikimedia.org/wikipedia/en/thumb/f/f3/Flag_of_Russia.svg/23px-Flag_of_Russia.svg.png,T-72BA,captured,https://i.postimg.cc/15GfGd3q/3328.jpg,13,1262,729,53,430,50,2022-10-04T21:08:09Z
Tanks,Russia,https://upload.wikimedia.org/wikipedia/en/thumb/f/f3/Flag_of_Russia.svg/23px-Flag_of_Russia.svg.png,T-72BA,captured,https://i.postimg.cc/mZH6y033/21.png,13,1262,729,53,430,50,2022-10-04T21:08:09Z
Tanks,Russia,https://upload.wikimedia.org/wikipedia/en/thumb/f/f3/Flag_of_Russia.svg/23px-Flag_of_Russia.svg.png,T-72BA,captured,https://i.postimg.cc/bvKbbG1N/1003.jpg,13,1262,729,53,430,50,2022-10-04T21:08:09Z
Tanks,Russia,https://upload.wikimedia.org/wikipedia/en/thumb/f/f3/Flag_of_Russia.svg/23px-Flag_of_Russia.svg.png,T-72BA,captured,https://i.postimg.cc/hjHCk489/1014-t72ba.jpg,13,1262,729,53,430,50,2022-10-04T21:08:09Z
Tanks,Russia,https://upload.wikimedia.org/wikipedia/en/thumb/f/f3/Flag_of_Russia.svg/23px-Flag_of_Russia.svg.png,T-72BA,captured,https://i.postimg.cc/j26rmYgX/1002-t72ba.jpg,13,1262,729,53,430,50,2022-10-04T21:08:09Z
Tanks,Russia,https://upload.wikimedia.org/wikipedia/en/thumb/f/f3/Flag_of_Russia.svg/23px-Flag_of_Russia.svg.png,T-72BA,captured,https://twitter.com/UAWeapons/status/1569292595997675523,13,1262,729,53,430,50,2022-10-04T21:08:09Z
Tanks,Russia,https://upload.wikimedia.org/wikipedia/en/thumb/f/f3/Flag_of_Russia.svg/23px-Flag_of_Russia.svg.png,T-72BA,captured,https://i.postimg.cc/6QZnSyPj/2022-09-19-T-72-BA.png,13,1262,729,53,430,50,2022-10-04T21:08:09Z
Tanks,Russia,https://upload.wikimedia.org/wikipedia/en/thumb/f/f3/Flag_of_Russia.svg/23px-Flag_of_Russia.svg.png,T-72BA,captured,https://i.postimg.cc/ZnPgbsJW/6521.png,13,1262,729,53,430,50,2022-10-04T21:08:09Z
Tanks,Russia,https://upload.wikimedia.org/wikipedia/en/thumb/f/f3/Flag_of_Russia.svg/23px-Flag_of_Russia.svg.png,T-72BA,captured,https://twitter.com/UAWeapons/status/1576956926130151424,13,1262,729,53,430,50,2022-10-04T21:08:09Z
Tanks,Russia,https://upload.wikimedia.org/wikipedia/en/thumb/f/f3/Flag_of_Russia.svg/23px-Flag_of_Russia.svg.png,T-72B3,destroyed,https://i.postimg.cc/9MgnjkFX/6hh.png,199,1262,729,53,430,50,2022-10-04T21:08:09Z
Tanks,Russia,https://upload.wikimedia.org/wikipedia/en/thumb/f/f3/Flag_of_Russia.svg/23px-Flag_of_Russia.svg.png,T-72B3,destroyed,https://i.postimg.cc/y6wWVgL9/4432.png,199,1262,729,53,430,50,2022-10-04T21:08:09Z
Tanks,Russia,https://upload.wikimedia.org/wikipedia/en/thumb/f/f3/Flag_of_Russia.svg/23px-Flag_of_Russia.svg.png,T-72B3,destroyed,https://i.postimg.cc/FRjjzC4G/551.png,199,1262,729,53,430,50,2022-10-04T21:08:09Z
Tanks,Russia,https://upload.wikimedia.org/wikipedia/en/thumb/f/f3/Flag_of_Russia.svg/23px-Flag_of_Russia.svg.png,T-72B3,destroyed,https://i.postimg.cc/Bn1tj0QC/4368.png,199,1262,729,53,430,50,2022-10-04T21:08:09Z
Tanks,Russia,https://upload.wikimedia.org/wikipedia/en/thumb/f/f3/Flag_of_Russia.svg/23px-Flag_of_Russia.svg.png,T-72B3,destroyed,https://i.postimg.cc/htc1rXFj/d31.png,199,1262,729,53,430,50,2022-10-04T21:08:09Z
Tanks,Russia,https://upload.wikimedia.org/wikipedia/en/thumb/f/f3/Flag_of_Russia.svg/23px-Flag_of_Russia.svg.png,T-72B3,destroyed,https://i.postimg.cc/XvVJCqzR/47.png,199,1262,729,53,430,50,2022-10-04T21:08:09Z
Tanks,Russia,https://upload.wikimedia.org/wikipedia/en/thumb/f/f3/Flag_of_Russia.svg/23px-Flag_of_Russia.svg.png,T-72B3,destroyed,https://i.postimg.cc/t4Cm0wNx/446.png,199,1262,729,53,430,50,2022-10-04T21:08:09Z
Tanks,Russia,https://upload.wikimedia.org/wikipedia/en/thumb/f/f3/Flag_of_Russia.svg/23px-Flag_of_Russia.svg.png,T-72B3,destroyed,https://i.postimg.cc/Ss1CCXmf/687.png,199,1262,729,53,430,50,2022-10-04T21:08:09Z
Tanks,Russia,https://upload.wikimedia.org/wikipedia/en/thumb/f/f3/Flag_of_Russia.svg/23px-Flag_of_Russia.svg.png,T-72B3,destroyed,https://i.postimg.cc/Ss1CCXmf/687.png,199,1262,729,53,430,50,2022-10-04T21:08:09Z
Tanks,Russia,https://upload.wikimedia.org/wikipedia/en/thumb/f/f3/Flag_of_Russia.svg/23px-Flag_of_Russia.svg.png,T-72B3,destroyed,https://i.postimg.cc/J0S24x0f/t1.png,199,1262,729,53,430,50,2022-10-04T21:08:09Z
Tanks,Russia,https://upload.wikimedia.org/wikipedia/en/thumb/f/f3/Flag_of_Russia.svg/23px-Flag_of_Russia.svg.png,T-72B3,destroyed,https://i.postimg.cc/XqFKRgfQ/1018-t72b3.png,199,1262,729,53,430,50,2022-10-04T21:08:09Z
Tanks,Russia,https://upload.wikimedia.org/wikipedia/en/thumb/f/f3/Flag_of_Russia.svg/23px-Flag_of_Russia.svg.png,T-72B3,destroyed,https://i.postimg.cc/y6FbBzcC/310.png,199,1262,729,53,430,50,2022-10-04T21:08:09Z
Tanks,Russia,https://upload.wikimedia.org/wikipedia/en/thumb/f/f3/Flag_of_Russia.svg/23px-Flag_of_Russia.svg.png,T-72B3,destroyed,https://twitter.com/UAWeapons/status/1507383319557820422,199,1262,729,53,430,50,2022-10-04T21:08:09Z
Tanks,Russia,https://upload.wikimedia.org/wikipedia/en/thumb/f/f3/Flag_of_Russia.svg/23px-Flag_of_Russia.svg.png,T-72B3,destroyed,https://i.postimg.cc/x1mWcYN6/cf2.jpg,199,1262,729,53,430,50,2022-10-04T21:08:09Z
Tanks,Russia,https://upload.wikimedia.org/wikipedia/en/thumb/f/f3/Flag_of_Russia.svg/23px-Flag_of_Russia.svg.png,T-72B3,destroyed,https://i.postimg.cc/x8pCbK4S/4f15.png,199,1262,729,53,430,50,2022-10-04T21:08:09Z
Tanks,Russia,https://upload.wikimedia.org/wikipedia/en/thumb/f/f3/Flag_of_Russia.svg/23px-Flag_of_Russia.svg.png,T-72B3,destroyed,https://i.postimg.cc/bNkLWqLp/1019-t72b3.jpg,199,1262,729,53,430,50,2022-10-04T21:08:09Z
Tanks,Russia,https://upload.wikimedia.org/wikipedia/en/thumb/f/f3/Flag_of_Russia.svg/23px-Flag_of_Russia.svg.png,T-72B3,destroyed,https://i.postimg.cc/SQ3vjddL/3212.png,199,1262,729,53,430,50,2022-10-04T21:08:09Z
Tanks,Russia,https://upload.wikimedia.org/wikipedia/en/thumb/f/f3/Flag_of_Russia.svg/23px-Flag_of_Russia.svg.png,T-72B3,destroyed,https://i.postimg.cc/qB8QqRVv/47.png,199,1262,729,53,430,50,2022-10-04T21:08:09Z
Tanks,Russia,https://upload.wikimedia.org/wikipedia/en/thumb/f/f3/Flag_of_Russia.svg/23px-Flag_of_Russia.svg.png,T-72B3,destroyed,https://i.postimg.cc/9fqfddtG/27.png,199,1262,729,53,430,50,2022-10-04T21:08:09Z
Tanks,Russia,https://upload.wikimedia.org/wikipedia/en/thumb/f/f3/Flag_of_Russia.svg/23px-Flag_of_Russia.svg.png,T-72B3,destroyed,https://i.postimg.cc/tRSzJC9K/670.png,199,1262,729,53,430,50,2022-10-04T21:08:09Z
Tanks,Russia,https://upload.wikimedia.org/wikipedia/en/thumb/f/f3/Flag_of_Russia.svg/23px-Flag_of_Russia.svg.png,T-72B3,destroyed,https://i.postimg.cc/VNHPkyZz/66889.jpg,199,1262,729,53,430,50,2022-10-04T21:08:09Z
Tanks,Russia,https://upload.wikimedia.org/wikipedia/en/thumb/f/f3/Flag_of_Russia.svg/23px-Flag_of_Russia.svg.png,T-72B3,destroyed,https://i.postimg.cc/DyqmxChr/43.jpg,199,1262,729,53,430,50,2022-10-04T21:08:09Z
Tanks,Russia,https://upload.wikimedia.org/wikipedia/en/thumb/f/f3/Flag_of_Russia.svg/23px-Flag_of_Russia.svg.png,T-72B3,destroyed,https://i.postimg.cc/BZjGgMFV/1004-t72b3.jpg,199,1262,729,53,430,50,2022-10-04T21:08:09Z
Tanks,Russia,https://upload.wikimedia.org/wikipedia/en/thumb/f/f3/Flag_of_Russia.svg/23px-Flag_of_Russia.svg.png,T-72B3,destroyed,https://i.postimg.cc/FsxQBrbD/a2.jpg,199,1262,729,53,430,50,2022-10-04T21:08:09Z
Tanks,Russia,https://upload.wikimedia.org/wikipedia/en/thumb/f/f3/Flag_of_Russia.svg/23px-Flag_of_Russia.svg.png,T-72B3,destroyed,https://i.postimg.cc/xdL8xk5q/542f.jpg,199,1262,729,53,430,50,2022-10-04T21:08:09Z
Tanks,Russia,https://upload.wikimedia.org/wikipedia/en/thumb/f/f3/Flag_of_Russia.svg/23px-Flag_of_Russia.svg.png,T-72B3,destroyed,https://postimg.cc/gn5nbDbF,199,1262,729,53,430,50,2022-10-04T21:08:09Z
Tanks,Russia,https://upload.wikimedia.org/wikipedia/en/thumb/f/f3/Flag_of_Russia.svg/23px-Flag_of_Russia.svg.png,T-72B3,destroyed,https://i.postimg.cc/sDyJXZVZ/46.png,199,1262,729,53,430,50,2022-10-04T21:08:09Z
Tanks,Russia,https://upload.wikimedia.org/wikipedia/en/thumb/f/f3/Flag_of_Russia.svg/23px-Flag_of_Russia.svg.png,T-72B3,destroyed,https://i.postimg.cc/C1nNrBjw/76.png,199,1262,729,53,430,50,2022-10-04T21:08:09Z
Tanks,Russia,https://upload.wikimedia.org/wikipedia/en/thumb/f/f3/Flag_of_Russia.svg/23px-Flag_of_Russia.svg.png,T-72B3,destroyed,https://i.postimg.cc/X7PRYxFs/776.jpg,199,1262,729,53,430,50,2022-10-04T21:08:09Z
Tanks,Russia,https://upload.wikimedia.org/wikipedia/en/thumb/f/f3/Flag_of_Russia.svg/23px-Flag_of_Russia.svg.png,T-72B3,destroyed,https://i.postimg.cc/4dN3cXLs/668.jpg,199,1262,729,53,430,50,2022-10-04T21:08:09Z
Tanks,Russia,https://upload.wikimedia.org/wikipedia/en/thumb/f/f3/Flag_of_Russia.svg/23px-Flag_of_Russia.svg.png,T-72B3,destroyed,https://i.postimg.cc/rFqPVqkj/578.png,199,1262,729,53,430,50,2022-10-04T21:08:09Z
Tanks,Russia,https://upload.wikimedia.org/wikipedia/en/thumb/f/f3/Flag_of_Russia.svg/23px-Flag_of_Russia.svg.png,T-72B3,destroyed,https://twitter.com/UAWeapons/status/1513909323025551368,199,1262,729,53,430,50,2022-10-04T21:08:09Z
Tanks,Russia,https://upload.wikimedia.org/wikipedia/en/thumb/f/f3/Flag_of_Russia.svg/23px-Flag_of_Russia.svg.png,T-72B3,destroyed,https://twitter.com/UAWeapons/status/1513991711936200713,199,1262,729,53,430,50,2022-10-04T21:08:09Z
Tanks,Russia,https://upload.wikimedia.org/wikipedia/en/thumb/f/f3/Flag_of_Russia.svg/23px-Flag_of_Russia.svg.png,T-72B3,destroyed,https://i.postimg.cc/MTRV0WgH/68899.jpg,199,1262,729,53,430,50,2022-10-04T21:08:09Z
Tanks,Russia,https://upload.wikimedia.org/wikipedia/en/thumb/f/f3/Flag_of_Russia.svg/23px-Flag_of_Russia.svg.png,T-72B3,destroyed,https://i.postimg.cc/hjBxDk3d/b33.jpg,199,1262,729,53,430,50,2022-10-04T21:08:09Z
Tanks,Russia,https://upload.wikimedia.org/wikipedia/en/thumb/f/f3/Flag_of_Russia.svg/23px-Flag_of_Russia.svg.png,T-72B3,destroyed,https://twitter.com/UAWeapons/status/1514929153820213253,199,1262,729,53,430,50,2022-10-04T21:08:09Z
Tanks,Russia,https://upload.wikimedia.org/wikipedia/en/thumb/f/f3/Flag_of_Russia.svg/23px-Flag_of_Russia.svg.png,T-72B3,destroyed,https://i.postimg.cc/5tbskrKq/t1.jpg,199,1262,729,53,430,50,2022-10-04T21:08:09Z
Tanks,Russia,https://upload.wikimedia.org/wikipedia/en/thumb/f/f3/Flag_of_Russia.svg/23px-Flag_of_Russia.svg.png,T-72B3,destroyed,https://i.postimg.cc/59CQfSy9/2004.jpg,199,1262,729,53,430,50,2022-10-04T21:08:09Z
Tanks,Russia,https://upload.wikimedia.org/wikipedia/en/thumb/f/f3/Flag_of_Russia.svg/23px-Flag_of_Russia.svg.png,T-72B3,destroyed,https://twitter.com/UAWeapons/status/1514918819621478407,199,1262,729,53,430,50,2022-10-04T21:08:09Z
Tanks,Russia,https://upload.wikimedia.org/wikipedia/en/thumb/f/f3/Flag_of_Russia.svg/23px-Flag_of_Russia.svg.png,T-72B3,destroyed,https://i.postimg.cc/dVx1SZv8/6539.png,199,1262,729,53,430,50,2022-10-04T21:08:09Z
Tanks,Russia,https://upload.wikimedia.org/wikipedia/en/thumb/f/f3/Flag_of_Russia.svg/23px-Flag_of_Russia.svg.png,T-72B3,destroyed,https://i.postimg.cc/FzHj59PK/g65.jpg,199,1262,729,53,430,50,2022-10-04T21:08:09Z
Tanks,Russia,https://upload.wikimedia.org/wikipedia/en/thumb/f/f3/Flag_of_Russia.svg/23px-Flag_of_Russia.svg.png,T-72B3,destroyed,https://postimg.cc/62Y8kj5j,199,1262,729,53,430,50,2022-10-04T21:08:09Z
Tanks,Russia,https://upload.wikimedia.org/wikipedia/en/thumb/f/f3/Flag_of_Russia.svg/23px-Flag_of_Russia.svg.png,T-72B3,destroyed,https://twitter.com/UAWeapons/status/1524360854514319361,199,1262,729,53,430,50,2022-10-04T21:08:09Z
Tanks,Russia,https://upload.wikimedia.org/wikipedia/en/thumb/f/f3/Flag_of_Russia.svg/23px-Flag_of_Russia.svg.png,T-72B3,destroyed,https://twitter.com/UAWeapons/status/1524458228251254784,199,1262,729,53,430,50,2022-10-04T21:08:09Z
Tanks,Russia,https://upload.wikimedia.org/wikipedia/en/thumb/f/f3/Flag_of_Russia.svg/23px-Flag_of_Russia.svg.png,T-72B3,destroyed,https://i.postimg.cc/m2Fr2kCt/998.jpg,199,1262,729,53,430,50,2022-10-04T21:08:09Z
Tanks,Russia,https://upload.wikimedia.org/wikipedia/en/thumb/f/f3/Flag_of_Russia.svg/23px-Flag_of_Russia.svg.png,T-72B3,destroyed,https://i.postimg.cc/zXH7mJPs/d3.jpg,199,1262,729,53,430,50,2022-10-04T21:08:09Z
Tanks,Russia,https://upload.wikimedia.org/wikipedia/en/thumb/f/f3/Flag_of_Russia.svg/23px-Flag_of_Russia.svg.png,T-72B3,destroyed,https://i.postimg.cc/KjRN8Fcg/763.jpg,199,1262,729,53,430,50,2022-10-04T21:08:09Z
Tanks,Russia,https://upload.wikimedia.org/wikipedia/en/thumb/f/f3/Flag_of_Russia.svg/23px-Flag_of_Russia.svg.png,T-72B3,destroyed,https://twitter.com/UAWeapons/status/1525901062057631747,199,1262,729,53,430,50,2022-10-04T21:08:09Z
Tanks,Russia,https://upload.wikimedia.org/wikipedia/en/thumb/f/f3/Flag_of_Russia.svg/23px-Flag_of_Russia.svg.png,T-72B3,destroyed,https://i.postimg.cc/xTXppdh7/6655.jpg,199,1262,729,53,430,50,2022-10-04T21:08:09Z
Tanks,Russia,https://upload.wikimedia.org/wikipedia/en/thumb/f/f3/Flag_of_Russia.svg/23px-Flag_of_Russia.svg.png,T-72B3,destroyed,https://i.postimg.cc/wxX1Pr3p/438.png,199,1262,729,53,430,50,2022-10-04T21:08:09Z
Tanks,Russia,https://upload.wikimedia.org/wikipedia/en/thumb/f/f3/Flag_of_Russia.svg/23px-Flag_of_Russia.svg.png,T-72B3,destroyed,https://twitter.com/UAWeapons/status/1528496108082712578,199,1262,729,53,430,50,2022-10-04T21:08:09Z
Tanks,Russia,https://upload.wikimedia.org/wikipedia/en/thumb/f/f3/Flag_of_Russia.svg/23px-Flag_of_Russia.svg.png,T-72B3,destroyed,https://i.postimg.cc/pTGj20ZR/554.jpg,199,1262,729,53,430,50,2022-10-04T21:08:09Z
Tanks,Russia,https://upload.wikimedia.org/wikipedia/en/thumb/f/f3/Flag_of_Russia.svg/23px-Flag_of_Russia.svg.png,T-72B3,destroyed,https://i.postimg.cc/Jzf7c2NY/hh6.jpg,199,1262,729,53,430,50,2022-10-04T21:08:09Z
Tanks,Russia,https://upload.wikimedia.org/wikipedia/en/thumb/f/f3/Flag_of_Russia.svg/23px-Flag_of_Russia.svg.png,T-72B3,destroyed,https://i.postimg.cc/x8CgQ6mG/1.png,199,1262,729,53,430,50,2022-10-04T21:08:09Z
Tanks,Russia,https://upload.wikimedia.org/wikipedia/en/thumb/f/f3/Flag_of_Russia.svg/23px-Flag_of_Russia.svg.png,T-72B3,destroyed,https://i.postimg.cc/jSTV5m1m/321.png,199,1262,729,53,430,50,2022-10-04T21:08:09Z
Tanks,Russia,https://upload.wikimedia.org/wikipedia/en/thumb/f/f3/Flag_of_Russia.svg/23px-Flag_of_Russia.svg.png,T-72B3,destroyed,https://i.postimg.cc/0j8djzdh/43h.png,199,1262,729,53,430,50,2022-10-04T21:08:09Z
Tanks,Russia,https://upload.wikimedia.org/wikipedia/en/thumb/f/f3/Flag_of_Russia.svg/23px-Flag_of_Russia.svg.png,T-72B3,destroyed,https://twitter.com/UAWeapons/status/1541061368434106368,199,1262,729,53,430,50,2022-10-04T21:08:09Z
Tanks,Russia,https://upload.wikimedia.org/wikipedia/en/thumb/f/f3/Flag_of_Russia.svg/23px-Flag_of_Russia.svg.png,T-72B3,destroyed,https://i.postimg.cc/Y26c3T4Q/k8o-GEw-Fr-jpg-large.jpg,199,1262,729,53,430,50,2022-10-04T21:08:09Z
Tanks,Russia,https://upload.wikimedia.org/wikipedia/en/thumb/f/f3/Flag_of_Russia.svg/23px-Flag_of_Russia.svg.png,T-72B3,destroyed,https://i.postimg.cc/YCx3jCLb/793.png,199,1262,729,53,430,50,2022-10-04T21:08:09Z
Tanks,Russia,https://upload.wikimedia.org/wikipedia/en/thumb/f/f3/Flag_of_Russia.svg/23px-Flag_of_Russia.svg.png,T-72B3,destroyed,https://i.postimg.cc/Gm76tytp/Amx-HFk-If-png-medium.png,199,1262,729,53,430,50,2022-10-04T21:08:09Z
Tanks,Russia,https://upload.wikimedia.org/wikipedia/en/thumb/f/f3/Flag_of_Russia.svg/23px-Flag_of_Russia.svg.png,T-72B3,destroyed,https://i.postimg.cc/3x4PcZ3H/7j766.jpg,199,1262,729,53,430,50,2022-10-04T21:08:09Z
Tanks,Russia,https://upload.wikimedia.org/wikipedia/en/thumb/f/f3/Flag_of_Russia.svg/23px-Flag_of_Russia.svg.png,T-72B3,destroyed,https://twitter.com/UAWeapons/status/1542869832219099139,199,1262,729,53,430,50,2022-10-04T21:08:09Z
Tanks,Russia,https://upload.wikimedia.org/wikipedia/en/thumb/f/f3/Flag_of_Russia.svg/23px-Flag_of_Russia.svg.png,T-72B3,destroyed,https://twitter.com/RALee85/status/1544015117389631490,199,1262,729,53,430,50,2022-10-04T21:08:09Z
Tanks,Russia,https://upload.wikimedia.org/wikipedia/en/thumb/f/f3/Flag_of_Russia.svg/23px-Flag_of_Russia.svg.png,T-72B3,destroyed,https://twitter.com/RALee85/status/1544015117389631490,199,1262,729,53,430,50,2022-10-04T21:08:09Z
Tanks,Russia,https://upload.wikimedia.org/wikipedia/en/thumb/f/f3/Flag_of_Russia.svg/23px-Flag_of_Russia.svg.png,T-72B3,destroyed,https://twitter.com/RALee85/status/1544016163801387009,199,1262,729,53,430,50,2022-10-04T21:08:09Z
Tanks,Russia,https://upload.wikimedia.org/wikipedia/en/thumb/f/f3/Flag_of_Russia.svg/23px-Flag_of_Russia.svg.png,T-72B3,destroyed,https://i.postimg.cc/d05t9L0x/1018.jpg,199,1262,729,53,430,50,2022-10-04T21:08:09Z
Tanks,Russia,https://upload.wikimedia.org/wikipedia/en/thumb/f/f3/Flag_of_Russia.svg/23px-Flag_of_Russia.svg.png,T-72B3,destroyed,https://i.postimg.cc/fThXPcn6/2022-09-18-T-72-B3.png,199,1262,729,53,430,50,2022-10-04T21:08:09Z
Tanks,Russia,https://upload.wikimedia.org/wikipedia/en/thumb/f/f3/Flag_of_Russia.svg/23px-Flag_of_Russia.svg.png,T-72B3,destroyed,https://i.postimg.cc/7bvZVNPD/2022-09-23-T-72-B3-2.jpg,199,1262,729,53,430,50,2022-10-04T21:08:09Z
Tanks,Russia,https://upload.wikimedia.org/wikipedia/en/thumb/f/f3/Flag_of_Russia.svg/23px-Flag_of_Russia.svg.png,T-72B3,destroyed,https://i.postimg.cc/MKYBcZBg/1002-t72b3-4x.jpg,199,1262,729,53,430,50,2022-10-04T21:08:09Z
Tanks,Russia,https://upload.wikimedia.org/wikipedia/en/thumb/f/f3/Flag_of_Russia.svg/23px-Flag_of_Russia.svg.png,T-72B3,destroyed,https://i.postimg.cc/MKYBcZBg/1002-t72b3-4x.jpg,199,1262,729,53,430,50,2022-10-04T21:08:09Z
Tanks,Russia,https://upload.wikimedia.org/wikipedia/en/thumb/f/f3/Flag_of_Russia.svg/23px-Flag_of_Russia.svg.png,T-72B3,destroyed,https://i.postimg.cc/MKYBcZBg/1002-t72b3-4x.jpg,199,1262,729,53,430,50,2022-10-04T21:08:09Z
Tanks,Russia,https://upload.wikimedia.org/wikipedia/en/thumb/f/f3/Flag_of_Russia.svg/23px-Flag_of_Russia.svg.png,T-72B3,destroyed,https://i.postimg.cc/8kyRcpmB/tank.jpg,199,1262,729,53,430,50,2022-10-04T21:08:09Z
Tanks,Russia,https://upload.wikimedia.org/wikipedia/en/thumb/f/f3/Flag_of_Russia.svg/23px-Flag_of_Russia.svg.png,T-72B3,destroyed,https://i.postimg.cc/pT5RQXZt/1000.jpg,199,1262,729,53,430,50,2022-10-04T21:08:09Z
Tanks,Russia,https://upload.wikimedia.org/wikipedia/en/thumb/f/f3/Flag_of_Russia.svg/23px-Flag_of_Russia.svg.png,T-72B3,destroyed,https://twitter.com/UAWeapons/status/1552756805406789632,199,1262,729,53,430,50,2022-10-04T21:08:09Z
Tanks,Russia,https://upload.wikimedia.org/wikipedia/en/thumb/f/f3/Flag_of_Russia.svg/23px-Flag_of_Russia.svg.png,T-72B3,destroyed,https://i.postimg.cc/qRyBGz6W/1005-t72b3.png,199,1262,729,53,430,50,2022-10-04T21:08:09Z
Tanks,Russia,https://upload.wikimedia.org/wikipedia/en/thumb/f/f3/Flag_of_Russia.svg/23px-Flag_of_Russia.svg.png,T-72B3,destroyed,https://i.postimg.cc/V6TYBXrC/1006-t72b3.jpg,199,1262,729,53,430,50,2022-10-04T21:08:09Z
Tanks,Russia,https://upload.wikimedia.org/wikipedia/en/thumb/f/f3/Flag_of_Russia.svg/23px-Flag_of_Russia.svg.png,T-72B3,destroyed,https://i.postimg.cc/fkncTHrS/2022-09-23-T-72-B3.jpg,199,1262,729,53,430,50,2022-10-04T21:08:09Z
Tanks,Russia,https://upload.wikimedia.org/wikipedia/en/thumb/f/f3/Flag_of_Russia.svg/23px-Flag_of_Russia.svg.png,T-72B3,destroyed,https://i.postimg.cc/nzGvs57Z/1002.jpg,199,1262,729,53,430,50,2022-10-04T21:08:09Z
Tanks,Russia,https://upload.wikimedia.org/wikipedia/en/thumb/f/f3/Flag_of_Russia.svg/23px-Flag_of_Russia.svg.png,T-72B3,destroyed,https://i.postimg.cc/nzGvs57Z/1002.jpg,199,1262,729,53,430,50,2022-10-04T21:08:09Z
Tanks,Russia,https://upload.wikimedia.org/wikipedia/en/thumb/f/f3/Flag_of_Russia.svg/23px-Flag_of_Russia.svg.png,T-72B3,destroyed,https://i.postimg.cc/x8Lh6m9T/1000-t72b3.jpg,199,1262,729,53,430,50,2022-10-04T21:08:09Z
Tanks,Russia,https://upload.wikimedia.org/wikipedia/en/thumb/f/f3/Flag_of_Russia.svg/23px-Flag_of_Russia.svg.png,T-72B3,destroyed,https://twitter.com/UAWeapons/status/1565977656306409473,199,1262,729,53,430,50,2022-10-04T21:08:09Z
Tanks,Russia,https://upload.wikimedia.org/wikipedia/en/thumb/f/f3/Flag_of_Russia.svg/23px-Flag_of_Russia.svg.png,T-72B3,destroyed,https://postimg.cc/yJVpTh19,199,1262,729,53,430,50,2022-10-04T21:08:09Z
Tanks,Russia,https://upload.wikimedia.org/wikipedia/en/thumb/f/f3/Flag_of_Russia.svg/23px-Flag_of_Russia.svg.png,T-72B3,destroyed,https://twitter.com/UAWeapons/status/1569734765200248839,199,1262,729,53,430,50,2022-10-04T21:08:09Z
Tanks,Russia,https://upload.wikimedia.org/wikipedia/en/thumb/f/f3/Flag_of_Russia.svg/23px-Flag_of_Russia.svg.png,T-72B3,destroyed,https://twitter.com/UAWeapons/status/1569734765200248839,199,1262,729,53,430,50,2022-10-04T21:08:09Z
Tanks,Russia,https://upload.wikimedia.org/wikipedia/en/thumb/f/f3/Flag_of_Russia.svg/23px-Flag_of_Russia.svg.png,T-72B3,destroyed,https://i.postimg.cc/Wbg58TcQ/57880.jpg,199,1262,729,53,430,50,2022-10-04T21:08:09Z
Tanks,Russia,https://upload.wikimedia.org/wikipedia/en/thumb/f/f3/Flag_of_Russia.svg/23px-Flag_of_Russia.svg.png,T-72B3,destroyed,https://i.postimg.cc/tT8NxcCc/331.jpg,199,1262,729,53,430,50,2022-10-04T21:08:09Z
Tanks,Russia,https://upload.wikimedia.org/wikipedia/en/thumb/f/f3/Flag_of_Russia.svg/23px-Flag_of_Russia.svg.png,T-72B3,destroyed,https://twitter.com/RALee85/status/1568587749359513605,199,1262,729,53,430,50,2022-10-04T21:08:09Z
Tanks,Russia,https://upload.wikimedia.org/wikipedia/en/thumb/f/f3/Flag_of_Russia.svg/23px-Flag_of_Russia.svg.png,T-72B3,destroyed,https://i.postimg.cc/mhx5hGDQ/1006-t72b3.jpg,199,1262,729,53,430,50,2022-10-04T21:08:09Z
Tanks,Russia,https://upload.wikimedia.org/wikipedia/en/thumb/f/f3/Flag_of_Russia.svg/23px-Flag_of_Russia.svg.png,T-72B3,destroyed,https://twitter.com/UAWeapons/status/1569046260769775622,199,1262,729,53,430,50,2022-10-04T21:08:09Z
Tanks,Russia,https://upload.wikimedia.org/wikipedia/en/thumb/f/f3/Flag_of_Russia.svg/23px-Flag_of_Russia.svg.png,T-72B3,destroyed,https://i.postimg.cc/5NBDyF7J/1010-t72b1989.jpg,199,1262,729,53,430,50,2022-10-04T21:08:09Z
Tanks,Russia,https://upload.wikimedia.org/wikipedia/en/thumb/f/f3/Flag_of_Russia.svg/23px-Flag_of_Russia.svg.png,T-72B3,destroyed,https://twitter.com/UAWeapons/status/1569725397863993346,199,1262,729,53,430,50,2022-10-04T21:08:09Z
Tanks,Russia,https://upload.wikimedia.org/wikipedia/en/thumb/f/f3/Flag_of_Russia.svg/23px-Flag_of_Russia.svg.png,T-72B3,destroyed,https://i.postimg.cc/yY5bLbz0/2022-09-23-T-72-B3-3.jpg,199,1262,729,53,430,50,2022-10-04T21:08:09Z
Tanks,Russia,https://upload.wikimedia.org/wikipedia/en/thumb/f/f3/Flag_of_Russia.svg/23px-Flag_of_Russia.svg.png,T-72B3,destroyed,https://postimg.cc/vgV02xvP,199,1262,729,53,430,50,2022-10-04T21:08:09Z
Tanks,Russia,https://upload.wikimedia.org/wikipedia/en/thumb/f/f3/Flag_of_Russia.svg/23px-Flag_of_Russia.svg.png,T-72B3,destroyed,https://twitter.com/UAWeapons/status/1571225455402835971,199,1262,729,53,430,50,2022-10-04T21:08:09Z
Tanks,Russia,https://upload.wikimedia.org/wikipedia/en/thumb/f/f3/Flag_of_Russia.svg/23px-Flag_of_Russia.svg.png,T-72B3,destroyed,https://i.postimg.cc/4yf3q41F/1001-t72b3.jpg,199,1262,729,53,430,50,2022-10-04T21:08:09Z
Tanks,Russia,https://upload.wikimedia.org/wikipedia/en/thumb/f/f3/Flag_of_Russia.svg/23px-Flag_of_Russia.svg.png,T-72B3,destroyed,https://twitter.com/UAWeapons/status/1549434150561751041,199,1262,729,53,430,50,2022-10-04T21:08:09Z
Tanks,Russia,https://upload.wikimedia.org/wikipedia/en/thumb/f/f3/Flag_of_Russia.svg/23px-Flag_of_Russia.svg.png,T-72B3,destroyed,https://i.postimg.cc/63d4c17J/2022-09-28-T-72.jpg,199,1262,729,53,430,50,2022-10-04T21:08:09Z
Tanks,Russia,https://upload.wikimedia.org/wikipedia/en/thumb/f/f3/Flag_of_Russia.svg/23px-Flag_of_Russia.svg.png,T-72B3,destroyed,https://i.postimg.cc/SNGmhGPD/1002-t72b3-destr.png,199,1262,729,53,430,50,2022-10-04T21:08:09Z
Tanks,Russia,https://upload.wikimedia.org/wikipedia/en/thumb/f/f3/Flag_of_Russia.svg/23px-Flag_of_Russia.svg.png,T-72B3,destroyed,https://i.postimg.cc/bwdWBHfG/1013-t72b3-destr.jpg,199,1262,729,53,430,50,2022-10-04T21:08:09Z
Tanks,Russia,https://upload.wikimedia.org/wikipedia/en/thumb/f/f3/Flag_of_Russia.svg/23px-Flag_of_Russia.svg.png,T-72B3,destroyed,https://twitter.com/UAWeapons/status/1576291796639879168,199,1262,729,53,430,50,2022-10-04T21:08:09Z
Tanks,Russia,https://upload.wikimedia.org/wikipedia/en/thumb/f/f3/Flag_of_Russia.svg/23px-Flag_of_Russia.svg.png,T-72B3,destroyed,https://twitter.com/UAWeapons/status/1576291796639879168,199,1262,729,53,430,50,2022-10-04T21:08:09Z
Tanks,Russia,https://upload.wikimedia.org/wikipedia/en/thumb/f/f3/Flag_of_Russia.svg/23px-Flag_of_Russia.svg.png,T-72B3,destroyed,https://twitter.com/Blue_Sauron/status/1576539355593572353,199,1262,729,53,430,50,2022-10-04T21:08:09Z
Tanks,Russia,https://upload.wikimedia.org/wikipedia/en/thumb/f/f3/Flag_of_Russia.svg/23px-Flag_of_Russia.svg.png,T-72B3,destroyed,https://i.postimg.cc/zvTBNmxH/1000-t72b3.jpg,199,1262,729,53,430,50,2022-10-04T21:08:09Z
Tanks,Russia,https://upload.wikimedia.org/wikipedia/en/thumb/f/f3/Flag_of_Russia.svg/23px-Flag_of_Russia.svg.png,T-72B3,destroyed,https://i.postimg.cc/LXHWYCLm/2022-10-02-T-72-B3.jpg,199,1262,729,53,430,50,2022-10-04T21:08:09Z
Tanks,Russia,https://upload.wikimedia.org/wikipedia/en/thumb/f/f3/Flag_of_Russia.svg/23px-Flag_of_Russia.svg.png,T-72B3,damaged,https://twitter.com/RALee85/status/1544016163801387009,199,1262,729,53,430,50,2022-10-04T21:08:09Z
Tanks,Russia,https://upload.wikimedia.org/wikipedia/en/thumb/f/f3/Flag_of_Russia.svg/23px-Flag_of_Russia.svg.png,T-72B3,damaged,https://twitter.com/UAWeapons/status/1542986188100886529,199,1262,729,53,430,50,2022-10-04T21:08:09Z
Tanks,Russia,https://upload.wikimedia.org/wikipedia/en/thumb/f/f3/Flag_of_Russia.svg/23px-Flag_of_Russia.svg.png,T-72B3,damaged,https://i.postimg.cc/zfTsVnsF/579.png,199,1262,729,53,430,50,2022-10-04T21:08:09Z
Tanks,Russia,https://upload.wikimedia.org/wikipedia/en/thumb/f/f3/Flag_of_Russia.svg/23px-Flag_of_Russia.svg.png,T-72B3,damaged,https://twitter.com/UAWeapons/status/1508078103016488963,199,1262,729,53,430,50,2022-10-04T21:08:09Z
Tanks,Russia,https://upload.wikimedia.org/wikipedia/en/thumb/f/f3/Flag_of_Russia.svg/23px-Flag_of_Russia.svg.png,T-72B3,damaged,https://twitter.com/UAWeapons/status/1516860518870523905,199,1262,729,53,430,50,2022-10-04T21:08:09Z
Tanks,Russia,https://upload.wikimedia.org/wikipedia/en/thumb/f/f3/Flag_of_Russia.svg/23px-Flag_of_Russia.svg.png,T-72B3,damaged,https://twitter.com/RALee85/status/1562323160523046912,199,1262,729,53,430,50,2022-10-04T21:08:09Z
Tanks,Russia,https://upload.wikimedia.org/wikipedia/en/thumb/f/f3/Flag_of_Russia.svg/23px-Flag_of_Russia.svg.png,T-72B3,damaged,https://twitter.com/RALee85/status/1568608823421865985,199,1262,729,53,430,50,2022-10-04T21:08:09Z
Tanks,Russia,https://upload.wikimedia.org/wikipedia/en/thumb/f/f3/Flag_of_Russia.svg/23px-Flag_of_Russia.svg.png,T-72B3,damaged,https://twitter.com/UAWeapons/status/1573696104432111616,199,1262,729,53,430,50,2022-10-04T21:08:09Z
Tanks,Russia,https://upload.wikimedia.org/wikipedia/en/thumb/f/f3/Flag_of_Russia.svg/23px-Flag_of_Russia.svg.png,T-72B3,damaged,https://i.postimg.cc/gj3F2623/541.png,199,1262,729,53,430,50,2022-10-04T21:08:09Z
Tanks,Russia,https://upload.wikimedia.org/wikipedia/en/thumb/f/f3/Flag_of_Russia.svg/23px-Flag_of_Russia.svg.png,T-72B3,damaged,https://twitter.com/UAWeapons/status/1575452097469943818,199,1262,729,53,430,50,2022-10-04T21:08:09Z
Tanks,Russia,https://upload.wikimedia.org/wikipedia/en/thumb/f/f3/Flag_of_Russia.svg/23px-Flag_of_Russia.svg.png,T-72B3,abandoned,https://i.postimg.cc/nhLv8Gnm/35.png,199,1262,729,53,430,50,2022-10-04T21:08:09Z
Tanks,Russia,https://upload.wikimedia.org/wikipedia/en/thumb/f/f3/Flag_of_Russia.svg/23px-Flag_of_Russia.svg.png,T-72B3,abandoned,https://i.postimg.cc/9Q0cgWhd/3dh0.png,199,1262,729,53,430,50,2022-10-04T21:08:09Z
Tanks,Russia,https://upload.wikimedia.org/wikipedia/en/thumb/f/f3/Flag_of_Russia.svg/23px-Flag_of_Russia.svg.png,T-72B3,abandoned,https://i.postimg.cc/sDXVZcxD/d31.png,199,1262,729,53,430,50,2022-10-04T21:08:09Z
Tanks,Russia,https://upload.wikimedia.org/wikipedia/en/thumb/f/f3/Flag_of_Russia.svg/23px-Flag_of_Russia.svg.png,T-72B3,abandoned,https://i.postimg.cc/50y2CGW1/h8.jpg,199,1262,729,53,430,50,2022-10-04T21:08:09Z
Tanks,Russia,https://upload.wikimedia.org/wikipedia/en/thumb/f/f3/Flag_of_Russia.svg/23px-Flag_of_Russia.svg.png,T-72B3,abandoned,https://i.postimg.cc/50y2CGW1/h8.jpg,199,1262,729,53,430,50,2022-10-04T21:08:09Z
Tanks,Russia,https://upload.wikimedia.org/wikipedia/en/thumb/f/f3/Flag_of_Russia.svg/23px-Flag_of_Russia.svg.png,T-72B3,abandoned,https://i.postimg.cc/50y2CGW1/h8.jpg,199,1262,729,53,430,50,2022-10-04T21:08:09Z
Tanks,Russia,https://upload.wikimedia.org/wikipedia/en/thumb/f/f3/Flag_of_Russia.svg/23px-Flag_of_Russia.svg.png,T-72B3,abandoned,https://i.postimg.cc/XvQvXWhQ/5t.jpg,199,1262,729,53,430,50,2022-10-04T21:08:09Z
Tanks,Russia,https://upload.wikimedia.org/wikipedia/en/thumb/f/f3/Flag_of_Russia.svg/23px-Flag_of_Russia.svg.png,T-72B3,abandoned,https://i.postimg.cc/QMXtXC6F/53.jpg,199,1262,729,53,430,50,2022-10-04T21:08:09Z
Tanks,Russia,https://upload.wikimedia.org/wikipedia/en/thumb/f/f3/Flag_of_Russia.svg/23px-Flag_of_Russia.svg.png,T-72B3,abandoned,https://i.postimg.cc/q7s3JVng/c7.jpg,199,1262,729,53,430,50,2022-10-04T21:08:09Z
Tanks,Russia,https://upload.wikimedia.org/wikipedia/en/thumb/f/f3/Flag_of_Russia.svg/23px-Flag_of_Russia.svg.png,T-72B3,abandoned,https://i.postimg.cc/xjhn41wr/68.jpg,199,1262,729,53,430,50,2022-10-04T21:08:09Z
Tanks,Russia,https://upload.wikimedia.org/wikipedia/en/thumb/f/f3/Flag_of_Russia.svg/23px-Flag_of_Russia.svg.png,T-72B3,damaged,https://twitter.com/Danspiun/status/1550256099609255936,199,1262,729,53,430,50,2022-10-04T21:08:09Z
Tanks,Russia,https://upload.wikimedia.org/wikipedia/en/thumb/f/f3/Flag_of_Russia.svg/23px-Flag_of_Russia.svg.png,T-72B3,damaged,https://twitter.com/UAWeapons/status/1547277890483519488,199,1262,729,53,430,50,2022-10-04T21:08:09Z
Tanks,Russia,https://upload.wikimedia.org/wikipedia/en/thumb/f/f3/Flag_of_Russia.svg/23px-Flag_of_Russia.svg.png,T-72B3,damaged,https://i.postimg.cc/Qtf6spC1/4ff.png,199,1262,729,53,430,50,2022-10-04T21:08:09Z
Tanks,Russia,https://upload.wikimedia.org/wikipedia/en/thumb/f/f3/Flag_of_Russia.svg/23px-Flag_of_Russia.svg.png,T-72B3,damaged,https://twitter.com/UAWeapons/status/1554422066358648832,199,1262,729,53,430,50,2022-10-04T21:08:09Z
Tanks,Russia,https://upload.wikimedia.org/wikipedia/en/thumb/f/f3/Flag_of_Russia.svg/23px-Flag_of_Russia.svg.png,T-72B3,captured,https://i.postimg.cc/pXgFwY27/t1.jpg,199,1262,729,53,430,50,2022-10-04T21:08:09Z
Tanks,Russia,https://upload.wikimedia.org/wikipedia/en/thumb/f/f3/Flag_of_Russia.svg/23px-Flag_of_Russia.svg.png,T-72B3,captured,https://i.postimg.cc/rFzyDDZ2/UKT4.png,199,1262,729,53,430,50,2022-10-04T21:08:09Z
Tanks,Russia,https://upload.wikimedia.org/wikipedia/en/thumb/f/f3/Flag_of_Russia.svg/23px-Flag_of_Russia.svg.png,T-72B3,captured,https://i.postimg.cc/q7gR9vL8/470.jpg,199,1262,729,53,430,50,2022-10-04T21:08:09Z
Tanks,Russia,https://upload.wikimedia.org/wikipedia/en/thumb/f/f3/Flag_of_Russia.svg/23px-Flag_of_Russia.svg.png,T-72B3,captured,https://i.postimg.cc/BbrZm385/h65.jpg,199,1262,729,53,430,50,2022-10-04T21:08:09Z
Tanks,Russia,https://upload.wikimedia.org/wikipedia/en/thumb/f/f3/Flag_of_Russia.svg/23px-Flag_of_Russia.svg.png,T-72B3,captured,https://i.postimg.cc/k5tTMYc7/770.png,199,1262,729,53,430,50,2022-10-04T21:08:09Z
Tanks,Russia,https://upload.wikimedia.org/wikipedia/en/thumb/f/f3/Flag_of_Russia.svg/23px-Flag_of_Russia.svg.png,T-72B3,captured,https://i.postimg.cc/ncxJ2jmX/a1.jpg,199,1262,729,53,430,50,2022-10-04T21:08:09Z
Tanks,Russia,https://upload.wikimedia.org/wikipedia/en/thumb/f/f3/Flag_of_Russia.svg/23px-Flag_of_Russia.svg.png,T-72B3,captured,https://i.postimg.cc/Qt65X9TS/f32.jpg,199,1262,729,53,430,50,2022-10-04T21:08:09Z
Tanks,Russia,https://upload.wikimedia.org/wikipedia/en/thumb/f/f3/Flag_of_Russia.svg/23px-Flag_of_Russia.svg.png,T-72B3,captured,https://i.postimg.cc/1RMvLRRz/21f.png,199,1262,729,53,430,50,2022-10-04T21:08:09Z
Tanks,Russia,https://upload.wikimedia.org/wikipedia/en/thumb/f/f3/Flag_of_Russia.svg/23px-Flag_of_Russia.svg.png,T-72B3,captured,https://i.postimg.cc/1RMvLRRz/21f.png,199,1262,729,53,430,50,2022-10-04T21:08:09Z
Tanks,Russia,https://upload.wikimedia.org/wikipedia/en/thumb/f/f3/Flag_of_Russia.svg/23px-Flag_of_Russia.svg.png,T-72B3,captured,https://i.postimg.cc/28W4RZZr/78.jpg,199,1262,729,53,430,50,2022-10-04T21:08:09Z
Tanks,Russia,https://upload.wikimedia.org/wikipedia/en/thumb/f/f3/Flag_of_Russia.svg/23px-Flag_of_Russia.svg.png,T-72B3,captured,https://i.postimg.cc/x15PFtgJ/tankk.png,199,1262,729,53,430,50,2022-10-04T21:08:09Z
Tanks,Russia,https://upload.wikimedia.org/wikipedia/en/thumb/f/f3/Flag_of_Russia.svg/23px-Flag_of_Russia.svg.png,T-72B3,captured,https://i.postimg.cc/q7brTN8J/ad1.png,199,1262,729,53,430,50,2022-10-04T21:08:09Z
Tanks,Russia,https://upload.wikimedia.org/wikipedia/en/thumb/f/f3/Flag_of_Russia.svg/23px-Flag_of_Russia.svg.png,T-72B3,captured,https://i.postimg.cc/6qsnM5bc/g65.png,199,1262,729,53,430,50,2022-10-04T21:08:09Z
Tanks,Russia,https://upload.wikimedia.org/wikipedia/en/thumb/f/f3/Flag_of_Russia.svg/23px-Flag_of_Russia.svg.png,T-72B3,captured,https://i.postimg.cc/R0Z46Kby/tt1.jpg,199,1262,729,53,430,50,2022-10-04T21:08:09Z
Tanks,Russia,https://upload.wikimedia.org/wikipedia/en/thumb/f/f3/Flag_of_Russia.svg/23px-Flag_of_Russia.svg.png,T-72B3,captured,https://i.postimg.cc/ryrZwpzX/v1.png,199,1262,729,53,430,50,2022-10-04T21:08:09Z
Tanks,Russia,https://upload.wikimedia.org/wikipedia/en/thumb/f/f3/Flag_of_Russia.svg/23px-Flag_of_Russia.svg.png,T-72B3,damaged,https://i.postimg.cc/Xqf7LzV9/1004-t72b3.jpg,199,1262,729,53,430,50,2022-10-04T21:08:09Z
Tanks,Russia,https://upload.wikimedia.org/wikipedia/en/thumb/f/f3/Flag_of_Russia.svg/23px-Flag_of_Russia.svg.png,T-72B3,captured,https://i.postimg.cc/6qwpRtyc/38.png,199,1262,729,53,430,50,2022-10-04T21:08:09Z
Tanks,Russia,https://upload.wikimedia.org/wikipedia/en/thumb/f/f3/Flag_of_Russia.svg/23px-Flag_of_Russia.svg.png,T-72B3,captured,https://i.postimg.cc/fRHGZ9qp/335.jpg,199,1262,729,53,430,50,2022-10-04T21:08:09Z
Tanks,Russia,https://upload.wikimedia.org/wikipedia/en/thumb/f/f3/Flag_of_Russia.svg/23px-Flag_of_Russia.svg.png,T-72B3,captured,https://i.postimg.cc/BngV8qTL/f6.jpg,199,1262,729,53,430,50,2022-10-04T21:08:09Z
Tanks,Russia,https://upload.wikimedia.org/wikipedia/en/thumb/f/f3/Flag_of_Russia.svg/23px-Flag_of_Russia.svg.png,T-72B3,captured,https://i.postimg.cc/k581qsGF/f7.jpg,199,1262,729,53,430,50,2022-10-04T21:08:09Z
Tanks,Russia,https://upload.wikimedia.org/wikipedia/en/thumb/f/f3/Flag_of_Russia.svg/23px-Flag_of_Russia.svg.png,T-72B3,captured,https://i.postimg.cc/76GgXDkH/62f.png,199,1262,729,53,430,50,2022-10-04T21:08:09Z
Tanks,Russia,https://upload.wikimedia.org/wikipedia/en/thumb/f/f3/Flag_of_Russia.svg/23px-Flag_of_Russia.svg.png,T-72B3,captured,https://i.postimg.cc/qRjvJYxg/799.png,199,1262,729,53,430,50,2022-10-04T21:08:09Z
Tanks,Russia,https://upload.wikimedia.org/wikipedia/en/thumb/f/f3/Flag_of_Russia.svg/23px-Flag_of_Russia.svg.png,T-72B3,captured,https://i.postimg.cc/d1qYtmnV/6hr.jpg,199,1262,729,53,430,50,2022-10-04T21:08:09Z
Tanks,Russia,https://upload.wikimedia.org/wikipedia/en/thumb/f/f3/Flag_of_Russia.svg/23px-Flag_of_Russia.svg.png,T-72B3,captured,https://i.postimg.cc/HnfR93tH/d1d.jpg,199,1262,729,53,430,50,2022-10-04T21:08:09Z
Tanks,Russia,https://upload.wikimedia.org/wikipedia/en/thumb/f/f3/Flag_of_Russia.svg/23px-Flag_of_Russia.svg.png,T-72B3,captured,https://i.postimg.cc/0QS5P0Wt/4d.jpg,199,1262,729,53,430,50,2022-10-04T21:08:09Z
Tanks,Russia,https://upload.wikimedia.org/wikipedia/en/thumb/f/f3/Flag_of_Russia.svg/23px-Flag_of_Russia.svg.png,T-72B3,captured,https://i.postimg.cc/JhrRczwF/65h.png,199,1262,729,53,430,50,2022-10-04T21:08:09Z
Tanks,Russia,https://upload.wikimedia.org/wikipedia/en/thumb/f/f3/Flag_of_Russia.svg/23px-Flag_of_Russia.svg.png,T-72B3,captured,https://i.postimg.cc/fRPSxpLn/f330.jpg,199,1262,729,53,430,50,2022-10-04T21:08:09Z
Tanks,Russia,https://upload.wikimedia.org/wikipedia/en/thumb/f/f3/Flag_of_Russia.svg/23px-Flag_of_Russia.svg.png,T-72B3,captured,https://i.postimg.cc/1XtXSHf4/65.jpg,199,1262,729,53,430,50,2022-10-04T21:08:09Z
Tanks,Russia,https://upload.wikimedia.org/wikipedia/en/thumb/f/f3/Flag_of_Russia.svg/23px-Flag_of_Russia.svg.png,T-72B3,captured,https://i.postimg.cc/sXK2DyVp/789.png,199,1262,729,53,430,50,2022-10-04T21:08:09Z
Tanks,Russia,https://upload.wikimedia.org/wikipedia/en/thumb/f/f3/Flag_of_Russia.svg/23px-Flag_of_Russia.svg.png,T-72B3,captured,https://i.postimg.cc/FzSnwdhF/j77.png,199,1262,729,53,430,50,2022-10-04T21:08:09Z
Tanks,Russia,https://upload.wikimedia.org/wikipedia/en/thumb/f/f3/Flag_of_Russia.svg/23px-Flag_of_Russia.svg.png,T-72B3,captured,https://postimg.cc/BthpbCF0,199,1262,729,53,430,50,2022-10-04T21:08:09Z
Tanks,Russia,https://upload.wikimedia.org/wikipedia/en/thumb/f/f3/Flag_of_Russia.svg/23px-Flag_of_Russia.svg.png,T-72B3,captured,https://i.postimg.cc/Gt5JnwQg/554.png,199,1262,729,53,430,50,2022-10-04T21:08:09Z
Tanks,Russia,https://upload.wikimedia.org/wikipedia/en/thumb/f/f3/Flag_of_Russia.svg/23px-Flag_of_Russia.svg.png,T-72B3,captured,https://i.postimg.cc/FzMQsXTM/568.png,199,1262,729,53,430,50,2022-10-04T21:08:09Z
Tanks,Russia,https://upload.wikimedia.org/wikipedia/en/thumb/f/f3/Flag_of_Russia.svg/23px-Flag_of_Russia.svg.png,T-72B3,captured,https://i.postimg.cc/c4Vb59My/3317.png,199,1262,729,53,430,50,2022-10-04T21:08:09Z
Tanks,Russia,https://upload.wikimedia.org/wikipedia/en/thumb/f/f3/Flag_of_Russia.svg/23px-Flag_of_Russia.svg.png,T-72B3,captured,https://i.postimg.cc/4yMrdXg1/d14.png,199,1262,729,53,430,50,2022-10-04T21:08:09Z
Tanks,Russia,https://upload.wikimedia.org/wikipedia/en/thumb/f/f3/Flag_of_Russia.svg/23px-Flag_of_Russia.svg.png,T-72B3,captured,https://i.postimg.cc/vZgjj3Mw/t1.jpg,199,1262,729,53,430,50,2022-10-04T21:08:09Z
Tanks,Russia,https://upload.wikimedia.org/wikipedia/en/thumb/f/f3/Flag_of_Russia.svg/23px-Flag_of_Russia.svg.png,T-72B3,captured,https://i.postimg.cc/gJdTxphG/t2.jpg,199,1262,729,53,430,50,2022-10-04T21:08:09Z
Tanks,Russia,https://upload.wikimedia.org/wikipedia/en/thumb/f/f3/Flag_of_Russia.svg/23px-Flag_of_Russia.svg.png,T-72B3,captured,https://i.postimg.cc/8P570LWL/2d4.png,199,1262,729,53,430,50,2022-10-04T21:08:09Z
Tanks,Russia,https://upload.wikimedia.org/wikipedia/en/thumb/f/f3/Flag_of_Russia.svg/23px-Flag_of_Russia.svg.png,T-72B3,captured,https://i.postimg.cc/8P570LWL/2d4.png,199,1262,729,53,430,50,2022-10-04T21:08:09Z
Tanks,Russia,https://upload.wikimedia.org/wikipedia/en/thumb/f/f3/Flag_of_Russia.svg/23px-Flag_of_Russia.svg.png,T-72B3,captured,https://i.postimg.cc/VLDZFZSF/319.png,199,1262,729,53,430,50,2022-10-04T21:08:09Z
Tanks,Russia,https://upload.wikimedia.org/wikipedia/en/thumb/f/f3/Flag_of_Russia.svg/23px-Flag_of_Russia.svg.png,T-72B3,captured,https://i.postimg.cc/8PJ20HTg/2240.png,199,1262,729,53,430,50,2022-10-04T21:08:09Z
Tanks,Russia,https://upload.wikimedia.org/wikipedia/en/thumb/f/f3/Flag_of_Russia.svg/23px-Flag_of_Russia.svg.png,T-72B3,captured,https://twitter.com/UAWeapons/status/1567466643713921026,199,1262,729,53,430,50,2022-10-04T21:08:09Z
Tanks,Russia,https://upload.wikimedia.org/wikipedia/en/thumb/f/f3/Flag_of_Russia.svg/23px-Flag_of_Russia.svg.png,T-72B3,captured,https://i.postimg.cc/SKtXyhrB/1009-t72b3.jpg,199,1262,729,53,430,50,2022-10-04T21:08:09Z
Tanks,Russia,https://upload.wikimedia.org/wikipedia/en/thumb/f/f3/Flag_of_Russia.svg/23px-Flag_of_Russia.svg.png,T-72B3,damaged,https://i.postimg.cc/FRchYQZY/1048-t72b3.jpg,199,1262,729,53,430,50,2022-10-04T21:08:09Z
Tanks,Russia,https://upload.wikimedia.org/wikipedia/en/thumb/f/f3/Flag_of_Russia.svg/23px-Flag_of_Russia.svg.png,T-72B3,captured,https://twitter.com/UAWeapons/status/1568205056956141569,199,1262,729,53,430,50,2022-10-04T21:08:09Z
Tanks,Russia,https://upload.wikimedia.org/wikipedia/en/thumb/f/f3/Flag_of_Russia.svg/23px-Flag_of_Russia.svg.png,T-72B3,captured,https://twitter.com/UAWeapons/status/1568352148102025217,199,1262,729,53,430,50,2022-10-04T21:08:09Z
Tanks,Russia,https://upload.wikimedia.org/wikipedia/en/thumb/f/f3/Flag_of_Russia.svg/23px-Flag_of_Russia.svg.png,T-72B3,captured,https://twitter.com/UAWeapons/status/1568352148102025217,199,1262,729,53,430,50,2022-10-04T21:08:09Z
Tanks,Russia,https://upload.wikimedia.org/wikipedia/en/thumb/f/f3/Flag_of_Russia.svg/23px-Flag_of_Russia.svg.png,T-72B3,damaged,https://i.postimg.cc/cJ7JnbbS/1002-t72b3.jpg,199,1262,729,53,430,50,2022-10-04T21:08:09Z
Tanks,Russia,https://upload.wikimedia.org/wikipedia/en/thumb/f/f3/Flag_of_Russia.svg/23px-Flag_of_Russia.svg.png,T-72B3,captured,https://i.postimg.cc/RCY9f5m1/1007-t72b3.jpg,199,1262,729,53,430,50,2022-10-04T21:08:09Z
Tanks,Russia,https://upload.wikimedia.org/wikipedia/en/thumb/f/f3/Flag_of_Russia.svg/23px-Flag_of_Russia.svg.png,T-72B3,captured,https://i.postimg.cc/3RFfpFjq/1014-t72b3.jpg,199,1262,729,53,430,50,2022-10-04T21:08:09Z
Tanks,Russia,https://upload.wikimedia.org/wikipedia/en/thumb/f/f3/Flag_of_Russia.svg/23px-Flag_of_Russia.svg.png,T-72B3,captured,https://twitter.com/UAWeapons/status/1568899243397550080,199,1262,729,53,430,50,2022-10-04T21:08:09Z
Tanks,Russia,https://upload.wikimedia.org/wikipedia/en/thumb/f/f3/Flag_of_Russia.svg/23px-Flag_of_Russia.svg.png,T-72B3,captured,https://twitter.com/UAWeapons/status/1569621714346147847,199,1262,729,53,430,50,2022-10-04T21:08:09Z
Tanks,Russia,https://upload.wikimedia.org/wikipedia/en/thumb/f/f3/Flag_of_Russia.svg/23px-Flag_of_Russia.svg.png,T-72B3,captured,https://i.postimg.cc/XJMxpPXD/1025-t72b3.jpg,199,1262,729,53,430,50,2022-10-04T21:08:09Z
Tanks,Russia,https://upload.wikimedia.org/wikipedia/en/thumb/f/f3/Flag_of_Russia.svg/23px-Flag_of_Russia.svg.png,T-72B3,captured,https://twitter.com/UAWeapons/status/1570157461973401600,199,1262,729,53,430,50,2022-10-04T21:08:09Z
Tanks,Russia,https://upload.wikimedia.org/wikipedia/en/thumb/f/f3/Flag_of_Russia.svg/23px-Flag_of_Russia.svg.png,T-72B3,captured,https://i.postimg.cc/15jxYFDN/1029-t72b3.jpg,199,1262,729,53,430,50,2022-10-04T21:08:09Z
Tanks,Russia,https://upload.wikimedia.org/wikipedia/en/thumb/f/f3/Flag_of_Russia.svg/23px-Flag_of_Russia.svg.png,T-72B3,captured,https://twitter.com/UAWeapons/status/1569409287474003969,199,1262,729,53,430,50,2022-10-04T21:08:09Z
Tanks,Russia,https://upload.wikimedia.org/wikipedia/en/thumb/f/f3/Flag_of_Russia.svg/23px-Flag_of_Russia.svg.png,T-72B3,captured,https://twitter.com/UAWeapons/status/1570420216957440001,199,1262,729,53,430,50,2022-10-04T21:08:09Z
Tanks,Russia,https://upload.wikimedia.org/wikipedia/en/thumb/f/f3/Flag_of_Russia.svg/23px-Flag_of_Russia.svg.png,T-72B3,captured,https://twitter.com/UAWeapons/status/1571071832530505728,199,1262,729,53,430,50,2022-10-04T21:08:09Z
Tanks,Russia,https://upload.wikimedia.org/wikipedia/en/thumb/f/f3/Flag_of_Russia.svg/23px-Flag_of_Russia.svg.png,T-72B3,captured,https://i.postimg.cc/SxxSvW8Z/1004-t72b3.jpg,199,1262,729,53,430,50,2022-10-04T21:08:09Z
Tanks,Russia,https://upload.wikimedia.org/wikipedia/en/thumb/f/f3/Flag_of_Russia.svg/23px-Flag_of_Russia.svg.png,T-72B3,captured,https://i.postimg.cc/mDCBHVfr/1013-t72b3.png,199,1262,729,53,430,50,2022-10-04T21:08:09Z
Tanks,Russia,https://upload.wikimedia.org/wikipedia/en/thumb/f/f3/Flag_of_Russia.svg/23px-Flag_of_Russia.svg.png,T-72B3,captured,https://twitter.com/UAWeapons/status/1571508979318022144,199,1262,729,53,430,50,2022-10-04T21:08:09Z
Tanks,Russia,https://upload.wikimedia.org/wikipedia/en/thumb/f/f3/Flag_of_Russia.svg/23px-Flag_of_Russia.svg.png,T-72B3,captured,https://twitter.com/UAWeapons/status/1572154236183486467,199,1262,729,53,430,50,2022-10-04T21:08:09Z
Tanks,Russia,https://upload.wikimedia.org/wikipedia/en/thumb/f/f3/Flag_of_Russia.svg/23px-Flag_of_Russia.svg.png,T-72B3,captured,https://twitter.com/UAWeapons/status/1572154236183486467,199,1262,729,53,430,50,2022-10-04T21:08:09Z
Tanks,Russia,https://upload.wikimedia.org/wikipedia/en/thumb/f/f3/Flag_of_Russia.svg/23px-Flag_of_Russia.svg.png,T-72B3,captured,https://twitter.com/UAWeapons/status/1572332220697948161,199,1262,729,53,430,50,2022-10-04T21:08:09Z
Tanks,Russia,https://upload.wikimedia.org/wikipedia/en/thumb/f/f3/Flag_of_Russia.svg/23px-Flag_of_Russia.svg.png,T-72B3,captured,https://i.postimg.cc/Bb7bvPwP/1004-t72b3.jpg,199,1262,729,53,430,50,2022-10-04T21:08:09Z
Tanks,Russia,https://upload.wikimedia.org/wikipedia/en/thumb/f/f3/Flag_of_Russia.svg/23px-Flag_of_Russia.svg.png,T-72B3,captured,https://i.postimg.cc/fR6gGGhk/1010-t72b3.jpg,199,1262,729,53,430,50,2022-10-04T21:08:09Z
Tanks,Russia,https://upload.wikimedia.org/wikipedia/en/thumb/f/f3/Flag_of_Russia.svg/23px-Flag_of_Russia.svg.png,T-72B3,captured,https://twitter.com/UAWeapons/status/1575875389188030464,199,1262,729,53,430,50,2022-10-04T21:08:09Z
Tanks,Russia,https://upload.wikimedia.org/wikipedia/en/thumb/f/f3/Flag_of_Russia.svg/23px-Flag_of_Russia.svg.png,T-72B3,captured,https://i.postimg.cc/zfvzpR0p/1001-t72b3-capt.jpg,199,1262,729,53,430,50,2022-10-04T21:08:09Z
Tanks,Russia,https://upload.wikimedia.org/wikipedia/en/thumb/f/f3/Flag_of_Russia.svg/23px-Flag_of_Russia.svg.png,T-72B3,captured,https://twitter.com/UAWeapons/status/1576481167410597890,199,1262,729,53,430,50,2022-10-04T21:08:09Z
Tanks,Russia,https://upload.wikimedia.org/wikipedia/en/thumb/f/f3/Flag_of_Russia.svg/23px-Flag_of_Russia.svg.png,T-72B3,captured,https://i.postimg.cc/xqrMwHgc/1020-t72b3-capt.jpg,199,1262,729,53,430,50,2022-10-04T21:08:09Z
Tanks,Russia,https://upload.wikimedia.org/wikipedia/en/thumb/f/f3/Flag_of_Russia.svg/23px-Flag_of_Russia.svg.png,T-72B3,captured,https://twitter.com/UAWeapons/status/1576528548160237568,199,1262,729,53,430,50,2022-10-04T21:08:09Z
Tanks,Russia,https://upload.wikimedia.org/wikipedia/en/thumb/f/f3/Flag_of_Russia.svg/23px-Flag_of_Russia.svg.png,T-72B3 Obr. 2014,destroyed,https://twitter.com/UAWeapons/status/1573015274055426048,3,1262,729,53,430,50,2022-10-04T21:08:09Z
Tanks,Russia,https://upload.wikimedia.org/wikipedia/en/thumb/f/f3/Flag_of_Russia.svg/23px-Flag_of_Russia.svg.png,T-72B3 Obr. 2014,destroyed,https://twitter.com/UAWeapons/status/1573015274055426048,3,1262,729,53,430,50,2022-10-04T21:08:09Z
Tanks,Russia,https://upload.wikimedia.org/wikipedia/en/thumb/f/f3/Flag_of_Russia.svg/23px-Flag_of_Russia.svg.png,T-72B3 Obr. 2014,captured,https://twitter.com/UAWeapons/status/1573015274055426048,3,1262,729,53,430,50,2022-10-04T21:08:09Z
Tanks,Russia,https://upload.wikimedia.org/wikipedia/en/thumb/f/f3/Flag_of_Russia.svg/23px-Flag_of_Russia.svg.png,T-72B3 Obr. 2016,destroyed,https://i.postimg.cc/hGdX1BWT/346.png,170,1262,729,53,430,50,2022-10-04T21:08:09Z
Tanks,Russia,https://upload.wikimedia.org/wikipedia/en/thumb/f/f3/Flag_of_Russia.svg/23px-Flag_of_Russia.svg.png,T-72B3 Obr. 2016,destroyed,https://i.postimg.cc/2yqkVCFV/f3.png,170,1262,729,53,430,50,2022-10-04T21:08:09Z
Tanks,Russia,https://upload.wikimedia.org/wikipedia/en/thumb/f/f3/Flag_of_Russia.svg/23px-Flag_of_Russia.svg.png,T-72B3 Obr. 2016,destroyed,https://i.postimg.cc/QNPNvWh5/8j.png,170,1262,729,53,430,50,2022-10-04T21:08:09Z
Tanks,Russia,https://upload.wikimedia.org/wikipedia/en/thumb/f/f3/Flag_of_Russia.svg/23px-Flag_of_Russia.svg.png,T-72B3 Obr. 2016,destroyed,https://i.postimg.cc/L6tGr73p/bb665.png,170,1262,729,53,430,50,2022-10-04T21:08:09Z
Tanks,Russia,https://upload.wikimedia.org/wikipedia/en/thumb/f/f3/Flag_of_Russia.svg/23px-Flag_of_Russia.svg.png,T-72B3 Obr. 2016,destroyed,https://i.postimg.cc/5NmJVs3k/567.png,170,1262,729,53,430,50,2022-10-04T21:08:09Z
Tanks,Russia,https://upload.wikimedia.org/wikipedia/en/thumb/f/f3/Flag_of_Russia.svg/23px-Flag_of_Russia.svg.png,T-72B3 Obr. 2016,destroyed,https://i.postimg.cc/rybgd1tT/5g4.png,170,1262,729,53,430,50,2022-10-04T21:08:09Z
Tanks,Russia,https://upload.wikimedia.org/wikipedia/en/thumb/f/f3/Flag_of_Russia.svg/23px-Flag_of_Russia.svg.png,T-72B3 Obr. 2016,destroyed,https://i.postimg.cc/3RgpyvLd/556.jpg,170,1262,729,53,430,50,2022-10-04T21:08:09Z
Tanks,Russia,https://upload.wikimedia.org/wikipedia/en/thumb/f/f3/Flag_of_Russia.svg/23px-Flag_of_Russia.svg.png,T-72B3 Obr. 2016,destroyed,https://i.postimg.cc/j5CJ7pm9/4fgh.png,170,1262,729,53,430,50,2022-10-04T21:08:09Z
Tanks,Russia,https://upload.wikimedia.org/wikipedia/en/thumb/f/f3/Flag_of_Russia.svg/23px-Flag_of_Russia.svg.png,T-72B3 Obr. 2016,destroyed,https://i.postimg.cc/cL1v8KKC/4fs.png,170,1262,729,53,430,50,2022-10-04T21:08:09Z
Tanks,Russia,https://upload.wikimedia.org/wikipedia/en/thumb/f/f3/Flag_of_Russia.svg/23px-Flag_of_Russia.svg.png,T-72B3 Obr. 2016,destroyed,https://i.postimg.cc/cL1v8KKC/4fs.png,170,1262,729,53,430,50,2022-10-04T21:08:09Z
Tanks,Russia,https://upload.wikimedia.org/wikipedia/en/thumb/f/f3/Flag_of_Russia.svg/23px-Flag_of_Russia.svg.png,T-72B3 Obr. 2016,destroyed,https://i.postimg.cc/mkc5FvnH/6996.png,170,1262,729,53,430,50,2022-10-04T21:08:09Z
Tanks,Russia,https://upload.wikimedia.org/wikipedia/en/thumb/f/f3/Flag_of_Russia.svg/23px-Flag_of_Russia.svg.png,T-72B3 Obr. 2016,destroyed,https://i.postimg.cc/yYwQcbj8/99.jpg,170,1262,729,53,430,50,2022-10-04T21:08:09Z
Tanks,Russia,https://upload.wikimedia.org/wikipedia/en/thumb/f/f3/Flag_of_Russia.svg/23px-Flag_of_Russia.svg.png,T-72B3 Obr. 2016,destroyed,https://i.postimg.cc/pVh8rpDb/36h.png,170,1262,729,53,430,50,2022-10-04T21:08:09Z
Tanks,Russia,https://upload.wikimedia.org/wikipedia/en/thumb/f/f3/Flag_of_Russia.svg/23px-Flag_of_Russia.svg.png,T-72B3 Obr. 2016,destroyed,https://i.postimg.cc/mrvgXNrT/6655.png,170,1262,729,53,430,50,2022-10-04T21:08:09Z
Tanks,Russia,https://upload.wikimedia.org/wikipedia/en/thumb/f/f3/Flag_of_Russia.svg/23px-Flag_of_Russia.svg.png,T-72B3 Obr. 2016,destroyed,https://i.postimg.cc/jS8n67Hd/661.png,170,1262,729,53,430,50,2022-10-04T21:08:09Z
Tanks,Russia,https://upload.wikimedia.org/wikipedia/en/thumb/f/f3/Flag_of_Russia.svg/23px-Flag_of_Russia.svg.png,T-72B3 Obr. 2016,destroyed,https://i.postimg.cc/yx9rcK2s/g9.jpg,170,1262,729,53,430,50,2022-10-04T21:08:09Z
Tanks,Russia,https://upload.wikimedia.org/wikipedia/en/thumb/f/f3/Flag_of_Russia.svg/23px-Flag_of_Russia.svg.png,T-72B3 Obr. 2016,destroyed,https://i.postimg.cc/59FrZ5yT/g8.jpg,170,1262,729,53,430,50,2022-10-04T21:08:09Z
Tanks,Russia,https://upload.wikimedia.org/wikipedia/en/thumb/f/f3/Flag_of_Russia.svg/23px-Flag_of_Russia.svg.png,T-72B3 Obr. 2016,destroyed,https://i.postimg.cc/R0N4J5Np/546.jpg,170,1262,729,53,430,50,2022-10-04T21:08:09Z
Tanks,Russia,https://upload.wikimedia.org/wikipedia/en/thumb/f/f3/Flag_of_Russia.svg/23px-Flag_of_Russia.svg.png,T-72B3 Obr. 2016,destroyed,https://i.postimg.cc/fRbh1njW/547.jpg,170,1262,729,53,430,50,2022-10-04T21:08:09Z
Tanks,Russia,https://upload.wikimedia.org/wikipedia/en/thumb/f/f3/Flag_of_Russia.svg/23px-Flag_of_Russia.svg.png,T-72B3 Obr. 2016,destroyed,https://i.postimg.cc/rsyFds36/e1.jpg,170,1262,729,53,430,50,2022-10-04T21:08:09Z
Tanks,Russia,https://upload.wikimedia.org/wikipedia/en/thumb/f/f3/Flag_of_Russia.svg/23px-Flag_of_Russia.svg.png,T-72B3 Obr. 2016,destroyed,https://i.postimg.cc/FsBsR9xq/e3.jpg,170,1262,729,53,430,50,2022-10-04T21:08:09Z
Tanks,Russia,https://upload.wikimedia.org/wikipedia/en/thumb/f/f3/Flag_of_Russia.svg/23px-Flag_of_Russia.svg.png,T-72B3 Obr. 2016,destroyed,https://i.postimg.cc/KYxKwWxr/46.png,170,1262,729,53,430,50,2022-10-04T21:08:09Z
Tanks,Russia,https://upload.wikimedia.org/wikipedia/en/thumb/f/f3/Flag_of_Russia.svg/23px-Flag_of_Russia.svg.png,T-72B3 Obr. 2016,destroyed,https://i.postimg.cc/MKfjQR9R/44311.png,170,1262,729,53,430,50,2022-10-04T21:08:09Z
Tanks,Russia,https://upload.wikimedia.org/wikipedia/en/thumb/f/f3/Flag_of_Russia.svg/23px-Flag_of_Russia.svg.png,T-72B3 Obr. 2016,destroyed,https://i.postimg.cc/Tw2ZzKTy/53.png,170,1262,729,53,430,50,2022-10-04T21:08:09Z
Tanks,Russia,https://upload.wikimedia.org/wikipedia/en/thumb/f/f3/Flag_of_Russia.svg/23px-Flag_of_Russia.svg.png,T-72B3 Obr. 2016,destroyed,https://i.postimg.cc/GpxG7gTS/57880.png,170,1262,729,53,430,50,2022-10-04T21:08:09Z
Tanks,Russia,https://upload.wikimedia.org/wikipedia/en/thumb/f/f3/Flag_of_Russia.svg/23px-Flag_of_Russia.svg.png,T-72B3 Obr. 2016,destroyed,https://i.postimg.cc/yxqXGHgH/k98.jpg,170,1262,729,53,430,50,2022-10-04T21:08:09Z
Tanks,Russia,https://upload.wikimedia.org/wikipedia/en/thumb/f/f3/Flag_of_Russia.svg/23px-Flag_of_Russia.svg.png,T-72B3 Obr. 2016,destroyed,https://i.postimg.cc/qBFDZJ2Z/58.png,170,1262,729,53,430,50,2022-10-04T21:08:09Z
Tanks,Russia,https://upload.wikimedia.org/wikipedia/en/thumb/f/f3/Flag_of_Russia.svg/23px-Flag_of_Russia.svg.png,T-72B3 Obr. 2016,destroyed,https://twitter.com/UAWeapons/status/1546449671698145281,170,1262,729,53,430,50,2022-10-04T21:08:09Z
Tanks,Russia,https://upload.wikimedia.org/wikipedia/en/thumb/f/f3/Flag_of_Russia.svg/23px-Flag_of_Russia.svg.png,T-72B3 Obr. 2016,destroyed,https://i.postimg.cc/3xnNjcv7/470.png,170,1262,729,53,430,50,2022-10-04T21:08:09Z
Tanks,Russia,https://upload.wikimedia.org/wikipedia/en/thumb/f/f3/Flag_of_Russia.svg/23px-Flag_of_Russia.svg.png,T-72B3 Obr. 2016,destroyed,https://i.postimg.cc/yY5Spy4d/669.png,170,1262,729,53,430,50,2022-10-04T21:08:09Z
Tanks,Russia,https://upload.wikimedia.org/wikipedia/en/thumb/f/f3/Flag_of_Russia.svg/23px-Flag_of_Russia.svg.png,T-72B3 Obr. 2016,destroyed,https://i.postimg.cc/htTBgrzv/344.png,170,1262,729,53,430,50,2022-10-04T21:08:09Z
Tanks,Russia,https://upload.wikimedia.org/wikipedia/en/thumb/f/f3/Flag_of_Russia.svg/23px-Flag_of_Russia.svg.png,T-72B3 Obr. 2016,destroyed,https://i.postimg.cc/GpWNFX0S/4311.png,170,1262,729,53,430,50,2022-10-04T21:08:09Z
Tanks,Russia,https://upload.wikimedia.org/wikipedia/en/thumb/f/f3/Flag_of_Russia.svg/23px-Flag_of_Russia.svg.png,T-72B3 Obr. 2016,destroyed,https://i.postimg.cc/JnBv7sBQ/20166.png,170,1262,729,53,430,50,2022-10-04T21:08:09Z
Tanks,Russia,https://upload.wikimedia.org/wikipedia/en/thumb/f/f3/Flag_of_Russia.svg/23px-Flag_of_Russia.svg.png,T-72B3 Obr. 2016,destroyed,https://i.postimg.cc/mg8BKtZV/t43.jpg,170,1262,729,53,430,50,2022-10-04T21:08:09Z
Tanks,Russia,https://upload.wikimedia.org/wikipedia/en/thumb/f/f3/Flag_of_Russia.svg/23px-Flag_of_Russia.svg.png,T-72B3 Obr. 2016,destroyed,https://postimg.cc/Wdfxk91n,170,1262,729,53,430,50,2022-10-04T21:08:09Z
Tanks,Russia,https://upload.wikimedia.org/wikipedia/en/thumb/f/f3/Flag_of_Russia.svg/23px-Flag_of_Russia.svg.png,T-72B3 Obr. 2016,destroyed,https://postimg.cc/Wdfxk91n,170,1262,729,53,430,50,2022-10-04T21:08:09Z
Tanks,Russia,https://upload.wikimedia.org/wikipedia/en/thumb/f/f3/Flag_of_Russia.svg/23px-Flag_of_Russia.svg.png,T-72B3 Obr. 2016,destroyed,https://i.postimg.cc/W15Lmr3C/4f3.png,170,1262,729,53,430,50,2022-10-04T21:08:09Z
Tanks,Russia,https://upload.wikimedia.org/wikipedia/en/thumb/f/f3/Flag_of_Russia.svg/23px-Flag_of_Russia.svg.png,T-72B3 Obr. 2016,destroyed,https://i.postimg.cc/DZ3XbchS/19.jpg,170,1262,729,53,430,50,2022-10-04T21:08:09Z
Tanks,Russia,https://upload.wikimedia.org/wikipedia/en/thumb/f/f3/Flag_of_Russia.svg/23px-Flag_of_Russia.svg.png,T-72B3 Obr. 2016,destroyed,https://i.postimg.cc/bwKy4Hrh/448.jpg,170,1262,729,53,430,50,2022-10-04T21:08:09Z
Tanks,Russia,https://upload.wikimedia.org/wikipedia/en/thumb/f/f3/Flag_of_Russia.svg/23px-Flag_of_Russia.svg.png,T-72B3 Obr. 2016,destroyed,https://i.postimg.cc/PJWP8y1p/26.png,170,1262,729,53,430,50,2022-10-04T21:08:09Z
Tanks,Russia,https://upload.wikimedia.org/wikipedia/en/thumb/f/f3/Flag_of_Russia.svg/23px-Flag_of_Russia.svg.png,T-72B3 Obr. 2016,destroyed,https://twitter.com/UAWeapons/status/1522706604977762313,170,1262,729,53,430,50,2022-10-04T21:08:09Z
Tanks,Russia,https://upload.wikimedia.org/wikipedia/en/thumb/f/f3/Flag_of_Russia.svg/23px-Flag_of_Russia.svg.png,T-72B3 Obr. 2016,destroyed,https://i.postimg.cc/DZfW8666/652.jpg,170,1262,729,53,430,50,2022-10-04T21:08:09Z
Tanks,Russia,https://upload.wikimedia.org/wikipedia/en/thumb/f/f3/Flag_of_Russia.svg/23px-Flag_of_Russia.svg.png,T-72B3 Obr. 2016,destroyed,https://postlmg.cc/KR1n122n,170,1262,729,53,430,50,2022-10-04T21:08:09Z
Tanks,Russia,https://upload.wikimedia.org/wikipedia/en/thumb/f/f3/Flag_of_Russia.svg/23px-Flag_of_Russia.svg.png,T-72B3 Obr. 2016,destroyed,https://i.postimg.cc/jSmVN82H/7699.jpg,170,1262,729,53,430,50,2022-10-04T21:08:09Z
Tanks,Russia,https://upload.wikimedia.org/wikipedia/en/thumb/f/f3/Flag_of_Russia.svg/23px-Flag_of_Russia.svg.png,T-72B3 Obr. 2016,destroyed,https://i.postimg.cc/CLwS2yxJ/998.jpg,170,1262,729,53,430,50,2022-10-04T21:08:09Z
Tanks,Russia,https://upload.wikimedia.org/wikipedia/en/thumb/f/f3/Flag_of_Russia.svg/23px-Flag_of_Russia.svg.png,T-72B3 Obr. 2016,destroyed,https://i.postimg.cc/X7LSCCbC/1003.jpg,170,1262,729,53,430,50,2022-10-04T21:08:09Z
Tanks,Russia,https://upload.wikimedia.org/wikipedia/en/thumb/f/f3/Flag_of_Russia.svg/23px-Flag_of_Russia.svg.png,T-72B3 Obr. 2016,destroyed,https://i.postimg.cc/KYP3b5MV/1002.jpg,170,1262,729,53,430,50,2022-10-04T21:08:09Z
Tanks,Russia,https://upload.wikimedia.org/wikipedia/en/thumb/f/f3/Flag_of_Russia.svg/23px-Flag_of_Russia.svg.png,T-72B3 Obr. 2016,destroyed,https://i.postimg.cc/CMDk4NVc/1008-t72b3-2016.jpg,170,1262,729,53,430,50,2022-10-04T21:08:09Z
Tanks,Russia,https://upload.wikimedia.org/wikipedia/en/thumb/f/f3/Flag_of_Russia.svg/23px-Flag_of_Russia.svg.png,T-72B3 Obr. 2016,destroyed,https://i.postimg.cc/44PbCC3z/v44.png,170,1262,729,53,430,50,2022-10-04T21:08:09Z
Tanks,Russia,https://upload.wikimedia.org/wikipedia/en/thumb/f/f3/Flag_of_Russia.svg/23px-Flag_of_Russia.svg.png,T-72B3 Obr. 2016,destroyed,https://i.postimg.cc/fy3BTKfJ/7768.png,170,1262,729,53,430,50,2022-10-04T21:08:09Z
Tanks,Russia,https://upload.wikimedia.org/wikipedia/en/thumb/f/f3/Flag_of_Russia.svg/23px-Flag_of_Russia.svg.png,T-72B3 Obr. 2016,destroyed,https://i.postimg.cc/K8xRPxCd/8875.png,170,1262,729,53,430,50,2022-10-04T21:08:09Z
Tanks,Russia,https://upload.wikimedia.org/wikipedia/en/thumb/f/f3/Flag_of_Russia.svg/23px-Flag_of_Russia.svg.png,T-72B3 Obr. 2016,destroyed,https://i.postimg.cc/KjX698xd/1000-t72b3-2016-x3.jpg,170,1262,729,53,430,50,2022-10-04T21:08:09Z
Tanks,Russia,https://upload.wikimedia.org/wikipedia/en/thumb/f/f3/Flag_of_Russia.svg/23px-Flag_of_Russia.svg.png,T-72B3 Obr. 2016,destroyed,https://i.postimg.cc/KjX698xd/1000-t72b3-2016-x3.jpg,170,1262,729,53,430,50,2022-10-04T21:08:09Z
Tanks,Russia,https://upload.wikimedia.org/wikipedia/en/thumb/f/f3/Flag_of_Russia.svg/23px-Flag_of_Russia.svg.png,T-72B3 Obr. 2016,destroyed,https://twitter.com/RALee85/status/1559945981789196290,170,1262,729,53,430,50,2022-10-04T21:08:09Z
Tanks,Russia,https://upload.wikimedia.org/wikipedia/en/thumb/f/f3/Flag_of_Russia.svg/23px-Flag_of_Russia.svg.png,T-72B3 Obr. 2016,destroyed,https://i.postimg.cc/brM0MBSG/1008-t72b3-2016.jpg,170,1262,729,53,430,50,2022-10-04T21:08:09Z
Tanks,Russia,https://upload.wikimedia.org/wikipedia/en/thumb/f/f3/Flag_of_Russia.svg/23px-Flag_of_Russia.svg.png,T-72B3 Obr. 2016,destroyed,https://i.postimg.cc/nrMY3Jrb/1009-t72b3-2016.jpg,170,1262,729,53,430,50,2022-10-04T21:08:09Z
Tanks,Russia,https://upload.wikimedia.org/wikipedia/en/thumb/f/f3/Flag_of_Russia.svg/23px-Flag_of_Russia.svg.png,T-72B3 Obr. 2016,destroyed,https://i.postimg.cc/sXxhrJr5/1010-t72b3-2016.jpg,170,1262,729,53,430,50,2022-10-04T21:08:09Z
Tanks,Russia,https://upload.wikimedia.org/wikipedia/en/thumb/f/f3/Flag_of_Russia.svg/23px-Flag_of_Russia.svg.png,T-72B3 Obr. 2016,destroyed,https://i.postimg.cc/rp84hkZn/1011-t72b3-2016.jpg,170,1262,729,53,430,50,2022-10-04T21:08:09Z
Tanks,Russia,https://upload.wikimedia.org/wikipedia/en/thumb/f/f3/Flag_of_Russia.svg/23px-Flag_of_Russia.svg.png,T-72B3 Obr. 2016,destroyed,https://i.postimg.cc/DzFrts0c/1012-t72b3-2016.jpg,170,1262,729,53,430,50,2022-10-04T21:08:09Z
Tanks,Russia,https://upload.wikimedia.org/wikipedia/en/thumb/f/f3/Flag_of_Russia.svg/23px-Flag_of_Russia.svg.png,T-72B3 Obr. 2016,destroyed,https://i.postimg.cc/2jWsksnR/1001-t72b3m.jpg,170,1262,729,53,430,50,2022-10-04T21:08:09Z
Tanks,Russia,https://upload.wikimedia.org/wikipedia/en/thumb/f/f3/Flag_of_Russia.svg/23px-Flag_of_Russia.svg.png,T-72B3 Obr. 2016,destroyed,https://i.postimg.cc/Z59nFSSH/1501-t72b3m.jpg,170,1262,729,53,430,50,2022-10-04T21:08:09Z
Tanks,Russia,https://upload.wikimedia.org/wikipedia/en/thumb/f/f3/Flag_of_Russia.svg/23px-Flag_of_Russia.svg.png,T-72B3 Obr. 2016,destroyed,https://i.postimg.cc/fyh76sMR/1005-t72b3m.jpg,170,1262,729,53,430,50,2022-10-04T21:08:09Z
Tanks,Russia,https://upload.wikimedia.org/wikipedia/en/thumb/f/f3/Flag_of_Russia.svg/23px-Flag_of_Russia.svg.png,T-72B3 Obr. 2016,destroyed,https://i.postimg.cc/VsjWXJFr/1006-t72b3m.jpg,170,1262,729,53,430,50,2022-10-04T21:08:09Z
Tanks,Russia,https://upload.wikimedia.org/wikipedia/en/thumb/f/f3/Flag_of_Russia.svg/23px-Flag_of_Russia.svg.png,T-72B3 Obr. 2016,destroyed,https://twitter.com/UAWeapons/status/1566127010174345218,170,1262,729,53,430,50,2022-10-04T21:08:09Z
Tanks,Russia,https://upload.wikimedia.org/wikipedia/en/thumb/f/f3/Flag_of_Russia.svg/23px-Flag_of_Russia.svg.png,T-72B3 Obr. 2016,destroyed,https://i.postimg.cc/52xmDLKW/1005-t72b3-2016.jpg,170,1262,729,53,430,50,2022-10-04T21:08:09Z
Tanks,Russia,https://upload.wikimedia.org/wikipedia/en/thumb/f/f3/Flag_of_Russia.svg/23px-Flag_of_Russia.svg.png,T-72B3 Obr. 2016,destroyed,https://i.postimg.cc/8CQ2Vn5q/1031-t72b3-2016.jpg,170,1262,729,53,430,50,2022-10-04T21:08:09Z
Tanks,Russia,https://upload.wikimedia.org/wikipedia/en/thumb/f/f3/Flag_of_Russia.svg/23px-Flag_of_Russia.svg.png,T-72B3 Obr. 2016,destroyed,https://i.postimg.cc/W1SsT1yQ/468.png,170,1262,729,53,430,50,2022-10-04T21:08:09Z
Tanks,Russia,https://upload.wikimedia.org/wikipedia/en/thumb/f/f3/Flag_of_Russia.svg/23px-Flag_of_Russia.svg.png,T-72B3 Obr. 2016,destroyed,https://twitter.com/UAWeapons/status/1568644104724090881,170,1262,729,53,430,50,2022-10-04T21:08:09Z
Tanks,Russia,https://upload.wikimedia.org/wikipedia/en/thumb/f/f3/Flag_of_Russia.svg/23px-Flag_of_Russia.svg.png,T-72B3 Obr. 2016,destroyed,https://twitter.com/UAWeapons/status/1569725397863993346,170,1262,729,53,430,50,2022-10-04T21:08:09Z
Tanks,Russia,https://upload.wikimedia.org/wikipedia/en/thumb/f/f3/Flag_of_Russia.svg/23px-Flag_of_Russia.svg.png,T-72B3 Obr. 2016,destroyed,https://twitter.com/UAWeapons/status/1570138425843408896,170,1262,729,53,430,50,2022-10-04T21:08:09Z
Tanks,Russia,https://upload.wikimedia.org/wikipedia/en/thumb/f/f3/Flag_of_Russia.svg/23px-Flag_of_Russia.svg.png,T-72B3 Obr. 2016,destroyed,https://i.postimg.cc/W1YmxBQ5/651.png,170,1262,729,53,430,50,2022-10-04T21:08:09Z
Tanks,Russia,https://upload.wikimedia.org/wikipedia/en/thumb/f/f3/Flag_of_Russia.svg/23px-Flag_of_Russia.svg.png,T-72B3 Obr. 2016,destroyed,https://twitter.com/UAWeapons/status/1572310466516361218,170,1262,729,53,430,50,2022-10-04T21:08:09Z
Tanks,Russia,https://upload.wikimedia.org/wikipedia/en/thumb/f/f3/Flag_of_Russia.svg/23px-Flag_of_Russia.svg.png,T-72B3 Obr. 2016,destroyed,https://twitter.com/UAWeapons/status/1572310466516361218,170,1262,729,53,430,50,2022-10-04T21:08:09Z
Tanks,Russia,https://upload.wikimedia.org/wikipedia/en/thumb/f/f3/Flag_of_Russia.svg/23px-Flag_of_Russia.svg.png,T-72B3 Obr. 2016,destroyed,https://i.postimg.cc/C55p3rRk/65g.jpg,170,1262,729,53,430,50,2022-10-04T21:08:09Z
Tanks,Russia,https://upload.wikimedia.org/wikipedia/en/thumb/f/f3/Flag_of_Russia.svg/23px-Flag_of_Russia.svg.png,T-72B3 Obr. 2016,destroyed,https://i.postimg.cc/nLmTSF1J/2022-09-23-T-72-B3-M.jpg,170,1262,729,53,430,50,2022-10-04T21:08:09Z
Tanks,Russia,https://upload.wikimedia.org/wikipedia/en/thumb/f/f3/Flag_of_Russia.svg/23px-Flag_of_Russia.svg.png,T-72B3 Obr. 2016,destroyed,https://i.postimg.cc/ZKkHwPmz/1000-t72b3m-destr.jpg,170,1262,729,53,430,50,2022-10-04T21:08:09Z
Tanks,Russia,https://upload.wikimedia.org/wikipedia/en/thumb/f/f3/Flag_of_Russia.svg/23px-Flag_of_Russia.svg.png,T-72B3 Obr. 2016,damaged,https://i.postimg.cc/ydXZ0pTM/1005-t72b3-2016.jpg,170,1262,729,53,430,50,2022-10-04T21:08:09Z
Tanks,Russia,https://upload.wikimedia.org/wikipedia/en/thumb/f/f3/Flag_of_Russia.svg/23px-Flag_of_Russia.svg.png,T-72B3 Obr. 2016,abandoned,https://i.postimg.cc/c6ysfCQt/c9.png,170,1262,729,53,430,50,2022-10-04T21:08:09Z
Tanks,Russia,https://upload.wikimedia.org/wikipedia/en/thumb/f/f3/Flag_of_Russia.svg/23px-Flag_of_Russia.svg.png,T-72B3 Obr. 2016,abandoned,https://i.postimg.cc/prkfqWMs/b4.jpg,170,1262,729,53,430,50,2022-10-04T21:08:09Z
Tanks,Russia,https://upload.wikimedia.org/wikipedia/en/thumb/f/f3/Flag_of_Russia.svg/23px-Flag_of_Russia.svg.png,T-72B3 Obr. 2016,abandoned,https://i.postimg.cc/G3jxcQTv/b55.jpg,170,1262,729,53,430,50,2022-10-04T21:08:09Z
Tanks,Russia,https://upload.wikimedia.org/wikipedia/en/thumb/f/f3/Flag_of_Russia.svg/23px-Flag_of_Russia.svg.png,T-72B3 Obr. 2016,abandoned,https://twitter.com/RALee85/status/1559945981789196290,170,1262,729,53,430,50,2022-10-04T21:08:09Z
Tanks,Russia,https://upload.wikimedia.org/wikipedia/en/thumb/f/f3/Flag_of_Russia.svg/23px-Flag_of_Russia.svg.png,T-72B3 Obr. 2016,captured,https://twitter.com/UAWeapons/status/1569968902079238145,170,1262,729,53,430,50,2022-10-04T21:08:09Z
Tanks,Russia,https://upload.wikimedia.org/wikipedia/en/thumb/f/f3/Flag_of_Russia.svg/23px-Flag_of_Russia.svg.png,T-72B3 Obr. 2016,damaged,https://i.postimg.cc/9Mhg9B0b/4g2.png,170,1262,729,53,430,50,2022-10-04T21:08:09Z
Tanks,Russia,https://upload.wikimedia.org/wikipedia/en/thumb/f/f3/Flag_of_Russia.svg/23px-Flag_of_Russia.svg.png,T-72B3 Obr. 2016,damaged,https://i.postimg.cc/yNv6K4zM/468.png,170,1262,729,53,430,50,2022-10-04T21:08:09Z
Tanks,Russia,https://upload.wikimedia.org/wikipedia/en/thumb/f/f3/Flag_of_Russia.svg/23px-Flag_of_Russia.svg.png,T-72B3 Obr. 2016,damaged,https://i.postimg.cc/6Qf1vBC4/6h.png,170,1262,729,53,430,50,2022-10-04T21:08:09Z
Tanks,Russia,https://upload.wikimedia.org/wikipedia/en/thumb/f/f3/Flag_of_Russia.svg/23px-Flag_of_Russia.svg.png,T-72B3 Obr. 2016,damaged,https://i.postimg.cc/g2BDpPHM/f4.jpg,170,1262,729,53,430,50,2022-10-04T21:08:09Z
Tanks,Russia,https://upload.wikimedia.org/wikipedia/en/thumb/f/f3/Flag_of_Russia.svg/23px-Flag_of_Russia.svg.png,T-72B3 Obr. 2016,damaged,https://postimg.cc/dhZdrR3R,170,1262,729,53,430,50,2022-10-04T21:08:09Z
Tanks,Russia,https://upload.wikimedia.org/wikipedia/en/thumb/f/f3/Flag_of_Russia.svg/23px-Flag_of_Russia.svg.png,T-72B3 Obr. 2016,damaged,https://i.postimg.cc/jdfBfJPd/d10.jpg,170,1262,729,53,430,50,2022-10-04T21:08:09Z
Tanks,Russia,https://upload.wikimedia.org/wikipedia/en/thumb/f/f3/Flag_of_Russia.svg/23px-Flag_of_Russia.svg.png,T-72B3 Obr. 2016,damaged,https://i.postimg.cc/jjFPM35F/1007-t72b3-2016.jpg,170,1262,729,53,430,50,2022-10-04T21:08:09Z
Tanks,Russia,https://upload.wikimedia.org/wikipedia/en/thumb/f/f3/Flag_of_Russia.svg/23px-Flag_of_Russia.svg.png,T-72B3 Obr. 2016,damaged,https://twitter.com/UAWeapons/status/1553999219156983808,170,1262,729,53,430,50,2022-10-04T21:08:09Z
Tanks,Russia,https://upload.wikimedia.org/wikipedia/en/thumb/f/f3/Flag_of_Russia.svg/23px-Flag_of_Russia.svg.png,T-72B3 Obr. 2016,captured,https://i.postimg.cc/SR1fCMXS/m3.png,170,1262,729,53,430,50,2022-10-04T21:08:09Z
Tanks,Russia,https://upload.wikimedia.org/wikipedia/en/thumb/f/f3/Flag_of_Russia.svg/23px-Flag_of_Russia.svg.png,T-72B3 Obr. 2016,captured,https://i.postimg.cc/44ryWyxp/698.png,170,1262,729,53,430,50,2022-10-04T21:08:09Z
Tanks,Russia,https://upload.wikimedia.org/wikipedia/en/thumb/f/f3/Flag_of_Russia.svg/23px-Flag_of_Russia.svg.png,T-72B3 Obr. 2016,captured,https://postimg.cc/nM5FPWSC,170,1262,729,53,430,50,2022-10-04T21:08:09Z
Tanks,Russia,https://upload.wikimedia.org/wikipedia/en/thumb/f/f3/Flag_of_Russia.svg/23px-Flag_of_Russia.svg.png,T-72B3 Obr. 2016,captured,https://i.postimg.cc/85dw1Jvb/n9.png,170,1262,729,53,430,50,2022-10-04T21:08:09Z
Tanks,Russia,https://upload.wikimedia.org/wikipedia/en/thumb/f/f3/Flag_of_Russia.svg/23px-Flag_of_Russia.svg.png,T-72B3 Obr. 2016,captured,https://i.postimg.cc/QxbX7PSj/bo.jpg,170,1262,729,53,430,50,2022-10-04T21:08:09Z
Tanks,Russia,https://upload.wikimedia.org/wikipedia/en/thumb/f/f3/Flag_of_Russia.svg/23px-Flag_of_Russia.svg.png,T-72B3 Obr. 2016,captured,https://i.postimg.cc/VsK9XjfC/d332.png,170,1262,729,53,430,50,2022-10-04T21:08:09Z
Tanks,Russia,https://upload.wikimedia.org/wikipedia/en/thumb/f/f3/Flag_of_Russia.svg/23px-Flag_of_Russia.svg.png,T-72B3 Obr. 2016,captured,https://i.postimg.cc/MG8fCYbX/3d3.png,170,1262,729,53,430,50,2022-10-04T21:08:09Z
Tanks,Russia,https://upload.wikimedia.org/wikipedia/en/thumb/f/f3/Flag_of_Russia.svg/23px-Flag_of_Russia.svg.png,T-72B3 Obr. 2016,captured,https://i.postimg.cc/DwB9FktZ/479p.png,170,1262,729,53,430,50,2022-10-04T21:08:09Z
Tanks,Russia,https://upload.wikimedia.org/wikipedia/en/thumb/f/f3/Flag_of_Russia.svg/23px-Flag_of_Russia.svg.png,T-72B3 Obr. 2016,captured,https://i.postimg.cc/3wPF3jtz/331.png,170,1262,729,53,430,50,2022-10-04T21:08:09Z
Tanks,Russia,https://upload.wikimedia.org/wikipedia/en/thumb/f/f3/Flag_of_Russia.svg/23px-Flag_of_Russia.svg.png,T-72B3 Obr. 2016,captured,https://i.postimg.cc/WpJWQz1d/ta1.png,170,1262,729,53,430,50,2022-10-04T21:08:09Z
Tanks,Russia,https://upload.wikimedia.org/wikipedia/en/thumb/f/f3/Flag_of_Russia.svg/23px-Flag_of_Russia.svg.png,T-72B3 Obr. 2016,captured,https://i.postimg.cc/RFS7hm3f/d15.png,170,1262,729,53,430,50,2022-10-04T21:08:09Z
Tanks,Russia,https://upload.wikimedia.org/wikipedia/en/thumb/f/f3/Flag_of_Russia.svg/23px-Flag_of_Russia.svg.png,T-72B3 Obr. 2016,captured,https://i.postimg.cc/rpYCXVgJ/4436.png,170,1262,729,53,430,50,2022-10-04T21:08:09Z
Tanks,Russia,https://upload.wikimedia.org/wikipedia/en/thumb/f/f3/Flag_of_Russia.svg/23px-Flag_of_Russia.svg.png,T-72B3 Obr. 2016,captured,https://i.postimg.cc/43hnyXsw/d138.png,170,1262,729,53,430,50,2022-10-04T21:08:09Z
Tanks,Russia,https://upload.wikimedia.org/wikipedia/en/thumb/f/f3/Flag_of_Russia.svg/23px-Flag_of_Russia.svg.png,T-72B3 Obr. 2016,captured,https://i.postimg.cc/4dfJWDSG/hh3.png,170,1262,729,53,430,50,2022-10-04T21:08:09Z
Tanks,Russia,https://upload.wikimedia.org/wikipedia/en/thumb/f/f3/Flag_of_Russia.svg/23px-Flag_of_Russia.svg.png,T-72B3 Obr. 2016,captured,https://i.postimg.cc/fLGLK0K6/466.png,170,1262,729,53,430,50,2022-10-04T21:08:09Z
Tanks,Russia,https://upload.wikimedia.org/wikipedia/en/thumb/f/f3/Flag_of_Russia.svg/23px-Flag_of_Russia.svg.png,T-72B3 Obr. 2016,captured,https://i.postimg.cc/d0LjtDt3/5555.png,170,1262,729,53,430,50,2022-10-04T21:08:09Z
Tanks,Russia,https://upload.wikimedia.org/wikipedia/en/thumb/f/f3/Flag_of_Russia.svg/23px-Flag_of_Russia.svg.png,T-72B3 Obr. 2016,captured,https://i.postimg.cc/prpmytmf/f433.png,170,1262,729,53,430,50,2022-10-04T21:08:09Z
Tanks,Russia,https://upload.wikimedia.org/wikipedia/en/thumb/f/f3/Flag_of_Russia.svg/23px-Flag_of_Russia.svg.png,T-72B3 Obr. 2016,captured,https://i.postimg.cc/Jnhs4Bys/fhj.png,170,1262,729,53,430,50,2022-10-04T21:08:09Z
Tanks,Russia,https://upload.wikimedia.org/wikipedia/en/thumb/f/f3/Flag_of_Russia.svg/23px-Flag_of_Russia.svg.png,T-72B3 Obr. 2016,captured,https://i.postimg.cc/L4CtS5dJ/52.png,170,1262,729,53,430,50,2022-10-04T21:08:09Z
Tanks,Russia,https://upload.wikimedia.org/wikipedia/en/thumb/f/f3/Flag_of_Russia.svg/23px-Flag_of_Russia.svg.png,T-72B3 Obr. 2016,captured,https://i.postimg.cc/FzV5CVy1/435.png,170,1262,729,53,430,50,2022-10-04T21:08:09Z
Tanks,Russia,https://upload.wikimedia.org/wikipedia/en/thumb/f/f3/Flag_of_Russia.svg/23px-Flag_of_Russia.svg.png,T-72B3 Obr. 2016,captured,https://i.postimg.cc/8Pz7Gmn9/4289.png,170,1262,729,53,430,50,2022-10-04T21:08:09Z
Tanks,Russia,https://upload.wikimedia.org/wikipedia/en/thumb/f/f3/Flag_of_Russia.svg/23px-Flag_of_Russia.svg.png,T-72B3 Obr. 2016,captured,https://i.postimg.cc/J0RFfQW0/4h.png,170,1262,729,53,430,50,2022-10-04T21:08:09Z
Tanks,Russia,https://upload.wikimedia.org/wikipedia/en/thumb/f/f3/Flag_of_Russia.svg/23px-Flag_of_Russia.svg.png,T-72B3 Obr. 2016,captured,https://i.postimg.cc/d34Jp1gM/4791.png,170,1262,729,53,430,50,2022-10-04T21:08:09Z
Tanks,Russia,https://upload.wikimedia.org/wikipedia/en/thumb/f/f3/Flag_of_Russia.svg/23px-Flag_of_Russia.svg.png,T-72B3 Obr. 2016,captured,https://i.postimg.cc/DyJM89qR/33113.png,170,1262,729,53,430,50,2022-10-04T21:08:09Z
Tanks,Russia,https://upload.wikimedia.org/wikipedia/en/thumb/f/f3/Flag_of_Russia.svg/23px-Flag_of_Russia.svg.png,T-72B3 Obr. 2016,captured,https://i.postimg.cc/gc7TZdsd/44133.png,170,1262,729,53,430,50,2022-10-04T21:08:09Z
Tanks,Russia,https://upload.wikimedia.org/wikipedia/en/thumb/f/f3/Flag_of_Russia.svg/23px-Flag_of_Russia.svg.png,T-72B3 Obr. 2016,captured,https://i.postimg.cc/RhbjnZTD/cf1.jpg,170,1262,729,53,430,50,2022-10-04T21:08:09Z
Tanks,Russia,https://upload.wikimedia.org/wikipedia/en/thumb/f/f3/Flag_of_Russia.svg/23px-Flag_of_Russia.svg.png,T-72B3 Obr. 2016,captured,https://i.postimg.cc/vTwPKBMC/5n.png,170,1262,729,53,430,50,2022-10-04T21:08:09Z
Tanks,Russia,https://upload.wikimedia.org/wikipedia/en/thumb/f/f3/Flag_of_Russia.svg/23px-Flag_of_Russia.svg.png,T-72B3 Obr. 2016,captured,https://i.postimg.cc/XqDJC4fx/r1.png,170,1262,729,53,430,50,2022-10-04T21:08:09Z
Tanks,Russia,https://upload.wikimedia.org/wikipedia/en/thumb/f/f3/Flag_of_Russia.svg/23px-Flag_of_Russia.svg.png,T-72B3 Obr. 2016,captured,https://i.postimg.cc/fRK9ddR5/b316bmp2.png,170,1262,729,53,430,50,2022-10-04T21:08:09Z
Tanks,Russia,https://upload.wikimedia.org/wikipedia/en/thumb/f/f3/Flag_of_Russia.svg/23px-Flag_of_Russia.svg.png,T-72B3 Obr. 2016,captured,https://i.postimg.cc/QdggKrXd/877.jpg,170,1262,729,53,430,50,2022-10-04T21:08:09Z
Tanks,Russia,https://upload.wikimedia.org/wikipedia/en/thumb/f/f3/Flag_of_Russia.svg/23px-Flag_of_Russia.svg.png,T-72B3 Obr. 2016,captured,https://i.postimg.cc/sgvr80pM/n9.jpg,170,1262,729,53,430,50,2022-10-04T21:08:09Z
Tanks,Russia,https://upload.wikimedia.org/wikipedia/en/thumb/f/f3/Flag_of_Russia.svg/23px-Flag_of_Russia.svg.png,T-72B3 Obr. 2016,captured,https://i.postimg.cc/J49SMv4v/832.png,170,1262,729,53,430,50,2022-10-04T21:08:09Z
Tanks,Russia,https://upload.wikimedia.org/wikipedia/en/thumb/f/f3/Flag_of_Russia.svg/23px-Flag_of_Russia.svg.png,T-72B3 Obr. 2016,captured,https://i.postimg.cc/QtRXGSfK/54.jpg,170,1262,729,53,430,50,2022-10-04T21:08:09Z
Tanks,Russia,https://upload.wikimedia.org/wikipedia/en/thumb/f/f3/Flag_of_Russia.svg/23px-Flag_of_Russia.svg.png,T-72B3 Obr. 2016,captured,https://i.postimg.cc/HxJnmn3k/4f.jpg,170,1262,729,53,430,50,2022-10-04T21:08:09Z
Tanks,Russia,https://upload.wikimedia.org/wikipedia/en/thumb/f/f3/Flag_of_Russia.svg/23px-Flag_of_Russia.svg.png,T-72B3 Obr. 2016,captured,https://i.postimg.cc/h4kpbwLj/388.png,170,1262,729,53,430,50,2022-10-04T21:08:09Z
Tanks,Russia,https://upload.wikimedia.org/wikipedia/en/thumb/f/f3/Flag_of_Russia.svg/23px-Flag_of_Russia.svg.png,T-72B3 Obr. 2016,captured,https://i.postimg.cc/qMT69cW0/76.jpg,170,1262,729,53,430,50,2022-10-04T21:08:09Z
Tanks,Russia,https://upload.wikimedia.org/wikipedia/en/thumb/f/f3/Flag_of_Russia.svg/23px-Flag_of_Russia.svg.png,T-72B3 Obr. 2016,captured,https://i.postimg.cc/NjRhJ77T/55.jpg,170,1262,729,53,430,50,2022-10-04T21:08:09Z
Tanks,Russia,https://upload.wikimedia.org/wikipedia/en/thumb/f/f3/Flag_of_Russia.svg/23px-Flag_of_Russia.svg.png,T-72B3 Obr. 2016,captured,https://i.postimg.cc/vBMRNW5R/3f.jpg,170,1262,729,53,430,50,2022-10-04T21:08:09Z
Tanks,Russia,https://upload.wikimedia.org/wikipedia/en/thumb/f/f3/Flag_of_Russia.svg/23px-Flag_of_Russia.svg.png,T-72B3 Obr. 2016,captured,https://i.postimg.cc/MHdnWbYQ/g422.jpg,170,1262,729,53,430,50,2022-10-04T21:08:09Z
Tanks,Russia,https://upload.wikimedia.org/wikipedia/en/thumb/f/f3/Flag_of_Russia.svg/23px-Flag_of_Russia.svg.png,T-72B3 Obr. 2016,captured,https://i.postimg.cc/C5X06fMk/985.jpg,170,1262,729,53,430,50,2022-10-04T21:08:09Z
Tanks,Russia,https://upload.wikimedia.org/wikipedia/en/thumb/f/f3/Flag_of_Russia.svg/23px-Flag_of_Russia.svg.png,T-72B3 Obr. 2016,captured,https://i.postimg.cc/YqvL9p4F/323.png,170,1262,729,53,430,50,2022-10-04T21:08:09Z
Tanks,Russia,https://upload.wikimedia.org/wikipedia/en/thumb/f/f3/Flag_of_Russia.svg/23px-Flag_of_Russia.svg.png,T-72B3 Obr. 2016,captured,https://i.postimg.cc/YqvL9p4F/323.png,170,1262,729,53,430,50,2022-10-04T21:08:09Z
Tanks,Russia,https://upload.wikimedia.org/wikipedia/en/thumb/f/f3/Flag_of_Russia.svg/23px-Flag_of_Russia.svg.png,T-72B3 Obr. 2016,captured,https://twitter.com/UAWeapons/status/1542235728700211200,170,1262,729,53,430,50,2022-10-04T21:08:09Z
Tanks,Russia,https://upload.wikimedia.org/wikipedia/en/thumb/f/f3/Flag_of_Russia.svg/23px-Flag_of_Russia.svg.png,T-72B3 Obr. 2016,captured,https://twitter.com/UAWeapons/status/1544356465279901697,170,1262,729,53,430,50,2022-10-04T21:08:09Z
Tanks,Russia,https://upload.wikimedia.org/wikipedia/en/thumb/f/f3/Flag_of_Russia.svg/23px-Flag_of_Russia.svg.png,T-72B3 Obr. 2016,captured,https://i.postimg.cc/cJfQLSyB/653.png,170,1262,729,53,430,50,2022-10-04T21:08:09Z
Tanks,Russia,https://upload.wikimedia.org/wikipedia/en/thumb/f/f3/Flag_of_Russia.svg/23px-Flag_of_Russia.svg.png,T-72B3 Obr. 2016,captured,https://i.postimg.cc/Y9ZrwnNF/44334.jpg,170,1262,729,53,430,50,2022-10-04T21:08:09Z
Tanks,Russia,https://upload.wikimedia.org/wikipedia/en/thumb/f/f3/Flag_of_Russia.svg/23px-Flag_of_Russia.svg.png,T-72B3 Obr. 2016,captured,https://i.postimg.cc/xTRC7Jp2/1004-t72b3-2016.png,170,1262,729,53,430,50,2022-10-04T21:08:09Z
Tanks,Russia,https://upload.wikimedia.org/wikipedia/en/thumb/f/f3/Flag_of_Russia.svg/23px-Flag_of_Russia.svg.png,T-72B3 Obr. 2016,captured,https://i.postimg.cc/44jPkfsN/1005.jpg,170,1262,729,53,430,50,2022-10-04T21:08:09Z
Tanks,Russia,https://upload.wikimedia.org/wikipedia/en/thumb/f/f3/Flag_of_Russia.svg/23px-Flag_of_Russia.svg.png,T-72B3 Obr. 2016,captured,https://i.postimg.cc/WbGntCGL/432.png,170,1262,729,53,430,50,2022-10-04T21:08:09Z
Tanks,Russia,https://upload.wikimedia.org/wikipedia/en/thumb/f/f3/Flag_of_Russia.svg/23px-Flag_of_Russia.svg.png,T-72B3 Obr. 2016,captured,https://i.postimg.cc/Rhx51CZ2/7799.png,170,1262,729,53,430,50,2022-10-04T21:08:09Z
Tanks,Russia,https://upload.wikimedia.org/wikipedia/en/thumb/f/f3/Flag_of_Russia.svg/23px-Flag_of_Russia.svg.png,T-72B3 Obr. 2016,captured,https://i.postimg.cc/2SLnLCmB/659.png,170,1262,729,53,430,50,2022-10-04T21:08:09Z
Tanks,Russia,https://upload.wikimedia.org/wikipedia/en/thumb/f/f3/Flag_of_Russia.svg/23px-Flag_of_Russia.svg.png,T-72B3 Obr. 2016,captured,https://i.postimg.cc/c1c0T6DQ/1023-t72n3m.jpg,170,1262,729,53,430,50,2022-10-04T21:08:09Z
Tanks,Russia,https://upload.wikimedia.org/wikipedia/en/thumb/f/f3/Flag_of_Russia.svg/23px-Flag_of_Russia.svg.png,T-72B3 Obr. 2016,captured,https://i.postimg.cc/CKhm2Jgk/1003-t72b3-2016.jpg,170,1262,729,53,430,50,2022-10-04T21:08:09Z
Tanks,Russia,https://upload.wikimedia.org/wikipedia/en/thumb/f/f3/Flag_of_Russia.svg/23px-Flag_of_Russia.svg.png,T-72B3 Obr. 2016,captured,https://twitter.com/UAWeapons/status/1567460860540362763,170,1262,729,53,430,50,2022-10-04T21:08:09Z
Tanks,Russia,https://upload.wikimedia.org/wikipedia/en/thumb/f/f3/Flag_of_Russia.svg/23px-Flag_of_Russia.svg.png,T-72B3 Obr. 2016,captured,https://twitter.com/UAWeapons/status/1567460860540362763,170,1262,729,53,430,50,2022-10-04T21:08:09Z
Tanks,Russia,https://upload.wikimedia.org/wikipedia/en/thumb/f/f3/Flag_of_Russia.svg/23px-Flag_of_Russia.svg.png,T-72B3 Obr. 2016,captured,https://i.postimg.cc/pT8JzRtd/1006-t72b3-2016.jpg,170,1262,729,53,430,50,2022-10-04T21:08:09Z
Tanks,Russia,https://upload.wikimedia.org/wikipedia/en/thumb/f/f3/Flag_of_Russia.svg/23px-Flag_of_Russia.svg.png,T-72B3 Obr. 2016,captured,https://twitter.com/UAWeapons/status/1568899243397550080,170,1262,729,53,430,50,2022-10-04T21:08:09Z
Tanks,Russia,https://upload.wikimedia.org/wikipedia/en/thumb/f/f3/Flag_of_Russia.svg/23px-Flag_of_Russia.svg.png,T-72B3 Obr. 2016,captured,https://twitter.com/UAWeapons/status/1568578522125303814,170,1262,729,53,430,50,2022-10-04T21:08:09Z
Tanks,Russia,https://upload.wikimedia.org/wikipedia/en/thumb/f/f3/Flag_of_Russia.svg/23px-Flag_of_Russia.svg.png,T-72B3 Obr. 2016,captured,https://i.postimg.cc/c1Vxfgtc/1005-t72b3m.png,170,1262,729,53,430,50,2022-10-04T21:08:09Z
Tanks,Russia,https://upload.wikimedia.org/wikipedia/en/thumb/f/f3/Flag_of_Russia.svg/23px-Flag_of_Russia.svg.png,T-72B3 Obr. 2016,captured,https://twitter.com/UAWeapons/status/1569013204541374464,170,1262,729,53,430,50,2022-10-04T21:08:09Z
Tanks,Russia,https://upload.wikimedia.org/wikipedia/en/thumb/f/f3/Flag_of_Russia.svg/23px-Flag_of_Russia.svg.png,T-72B3 Obr. 2016,damaged,https://twitter.com/UAWeapons/status/1568967168473157632,170,1262,729,53,430,50,2022-10-04T21:08:09Z
Tanks,Russia,https://upload.wikimedia.org/wikipedia/en/thumb/f/f3/Flag_of_Russia.svg/23px-Flag_of_Russia.svg.png,T-72B3 Obr. 2016,captured,https://i.postimg.cc/mZ7Rt7LH/1001-t72b3m.jpg,170,1262,729,53,430,50,2022-10-04T21:08:09Z
Tanks,Russia,https://upload.wikimedia.org/wikipedia/en/thumb/f/f3/Flag_of_Russia.svg/23px-Flag_of_Russia.svg.png,T-72B3 Obr. 2016,captured,https://twitter.com/UAWeapons/status/1569736199413309442,170,1262,729,53,430,50,2022-10-04T21:08:09Z
Tanks,Russia,https://upload.wikimedia.org/wikipedia/en/thumb/f/f3/Flag_of_Russia.svg/23px-Flag_of_Russia.svg.png,T-72B3 Obr. 2016,captured,https://twitter.com/UAWeapons/status/1569768629696069638,170,1262,729,53,430,50,2022-10-04T21:08:09Z
Tanks,Russia,https://upload.wikimedia.org/wikipedia/en/thumb/f/f3/Flag_of_Russia.svg/23px-Flag_of_Russia.svg.png,T-72B3 Obr. 2016,captured,https://i.postimg.cc/vT0msRq8/1003-t72b3m.jpg,170,1262,729,53,430,50,2022-10-04T21:08:09Z
Tanks,Russia,https://upload.wikimedia.org/wikipedia/en/thumb/f/f3/Flag_of_Russia.svg/23px-Flag_of_Russia.svg.png,T-72B3 Obr. 2016,captured,https://i.postimg.cc/qB1BgTw4/1006-t72b3m.jpg,170,1262,729,53,430,50,2022-10-04T21:08:09Z
Tanks,Russia,https://upload.wikimedia.org/wikipedia/en/thumb/f/f3/Flag_of_Russia.svg/23px-Flag_of_Russia.svg.png,T-72B3 Obr. 2016,captured,https://i.postimg.cc/T1dFV38R/1010-t72b3m.jpg,170,1262,729,53,430,50,2022-10-04T21:08:09Z
Tanks,Russia,https://upload.wikimedia.org/wikipedia/en/thumb/f/f3/Flag_of_Russia.svg/23px-Flag_of_Russia.svg.png,T-72B3 Obr. 2016,captured,https://i.postimg.cc/CxHJ9YSH/1500-t72b3-orel.jpg,170,1262,729,53,430,50,2022-10-04T21:08:09Z
Tanks,Russia,https://upload.wikimedia.org/wikipedia/en/thumb/f/f3/Flag_of_Russia.svg/23px-Flag_of_Russia.svg.png,T-72B3 Obr. 2016,destroyed,https://twitter.com/UAWeapons/status/1569424767517597702,170,1262,729,53,430,50,2022-10-04T21:08:09Z
Tanks,Russia,https://upload.wikimedia.org/wikipedia/en/thumb/f/f3/Flag_of_Russia.svg/23px-Flag_of_Russia.svg.png,T-72B3 Obr. 2016,destroyed,https://i.postimg.cc/QMqhWFNV/1002-t72b3m.jpg,170,1262,729,53,430,50,2022-10-04T21:08:09Z
Tanks,Russia,https://upload.wikimedia.org/wikipedia/en/thumb/f/f3/Flag_of_Russia.svg/23px-Flag_of_Russia.svg.png,T-72B3 Obr. 2016,captured,https://i.postimg.cc/ZKxhSKRg/1004-t72b3.jpg,170,1262,729,53,430,50,2022-10-04T21:08:09Z
Tanks,Russia,https://upload.wikimedia.org/wikipedia/en/thumb/f/f3/Flag_of_Russia.svg/23px-Flag_of_Russia.svg.png,T-72B3 Obr. 2016,captured,https://twitter.com/UAWeapons/status/1574488865313898512,170,1262,729,53,430,50,2022-10-04T21:08:09Z
Tanks,Russia,https://upload.wikimedia.org/wikipedia/en/thumb/f/f3/Flag_of_Russia.svg/23px-Flag_of_Russia.svg.png,T-72B3 Obr. 2016,captured,https://twitter.com/UAWeapons/status/1574851468854759434,170,1262,729,53,430,50,2022-10-04T21:08:09Z
Tanks,Russia,https://upload.wikimedia.org/wikipedia/en/thumb/f/f3/Flag_of_Russia.svg/23px-Flag_of_Russia.svg.png,T-72B3 Obr. 2016,captured,https://i.postimg.cc/YCHDC99m/1001-t72b3m.jpg,170,1262,729,53,430,50,2022-10-04T21:08:09Z
Tanks,Russia,https://upload.wikimedia.org/wikipedia/en/thumb/f/f3/Flag_of_Russia.svg/23px-Flag_of_Russia.svg.png,T-72B3 Obr. 2016,captured,https://i.postimg.cc/cC1k5rNB/2022-09-14-T-72-B3-Obr-2016.jpg,170,1262,729,53,430,50,2022-10-04T21:08:09Z
Tanks,Russia,https://upload.wikimedia.org/wikipedia/en/thumb/f/f3/Flag_of_Russia.svg/23px-Flag_of_Russia.svg.png,T-72B3 Obr. 2016,captured,https://twitter.com/UAWeapons/status/1576199767675138048,170,1262,729,53,430,50,2022-10-04T21:08:09Z
Tanks,Russia,https://upload.wikimedia.org/wikipedia/en/thumb/f/f3/Flag_of_Russia.svg/23px-Flag_of_Russia.svg.png,T-72B3 Obr. 2016,captured,https://i.postimg.cc/jSSsgJY7/1012-t72b3m-capt.jpg,170,1262,729,53,430,50,2022-10-04T21:08:09Z
Tanks,Russia,https://upload.wikimedia.org/wikipedia/en/thumb/f/f3/Flag_of_Russia.svg/23px-Flag_of_Russia.svg.png,T-72B3 Obr. 2016,captured,https://i.postimg.cc/fTZWdrH5/1013-t72b3m-capt.jpg,170,1262,729,53,430,50,2022-10-04T21:08:09Z
Tanks,Russia,https://upload.wikimedia.org/wikipedia/en/thumb/f/f3/Flag_of_Russia.svg/23px-Flag_of_Russia.svg.png,T-72B3 Obr. 2016,captured,https://i.postimg.cc/bNJc382x/1009-t72b3m-capt.jpg,170,1262,729,53,430,50,2022-10-04T21:08:09Z
Tanks,Russia,https://upload.wikimedia.org/wikipedia/en/thumb/f/f3/Flag_of_Russia.svg/23px-Flag_of_Russia.svg.png,T-72B3 Obr. 2016,captured,https://i.postimg.cc/BZNfTttZ/1010-t72b3m-capt.jpg,170,1262,729,53,430,50,2022-10-04T21:08:09Z
Tanks,Russia,https://upload.wikimedia.org/wikipedia/commons/thumb/a/a9/Flag_of_the_Soviet_Union.svg/23px-Flag_of_the_Soviet_Union.svg.png,Unknown T-72,destroyed,https://twitter.com/UAWeapons/status/1566072209642340352,83,1262,729,53,430,50,2022-10-04T21:08:09Z
Tanks,Russia,https://upload.wikimedia.org/wikipedia/commons/thumb/a/a9/Flag_of_the_Soviet_Union.svg/23px-Flag_of_the_Soviet_Union.svg.png,Unknown T-72,destroyed,https://twitter.com/UAWeapons/status/1566072209642340352,83,1262,729,53,430,50,2022-10-04T21:08:09Z
Tanks,Russia,https://upload.wikimedia.org/wikipedia/commons/thumb/a/a9/Flag_of_the_Soviet_Union.svg/23px-Flag_of_the_Soviet_Union.svg.png,Unknown T-72,destroyed,https://postimg.cc/v45ChHWR,83,1262,729,53,430,50,2022-10-04T21:08:09Z
Tanks,Russia,https://upload.wikimedia.org/wikipedia/commons/thumb/a/a9/Flag_of_the_Soviet_Union.svg/23px-Flag_of_the_Soviet_Union.svg.png,Unknown T-72,destroyed,https://i.postimg.cc/wBYxrYxF/tank.png,83,1262,729,53,430,50,2022-10-04T21:08:09Z
Tanks,Russia,https://upload.wikimedia.org/wikipedia/commons/thumb/a/a9/Flag_of_the_Soviet_Union.svg/23px-Flag_of_the_Soviet_Union.svg.png,Unknown T-72,destroyed,https://i.postimg.cc/0Q769GWp/476.png,83,1262,729,53,430,50,2022-10-04T21:08:09Z
Tanks,Russia,https://upload.wikimedia.org/wikipedia/commons/thumb/a/a9/Flag_of_the_Soviet_Union.svg/23px-Flag_of_the_Soviet_Union.svg.png,Unknown T-72,destroyed,https://i.postimg.cc/KYqn0jDX/3d11.png,83,1262,729,53,430,50,2022-10-04T21:08:09Z
Tanks,Russia,https://upload.wikimedia.org/wikipedia/commons/thumb/a/a9/Flag_of_the_Soviet_Union.svg/23px-Flag_of_the_Soviet_Union.svg.png,Unknown T-72,destroyed,https://twitter.com/UAWeapons/status/1510257894603776012,83,1262,729,53,430,50,2022-10-04T21:08:09Z
Tanks,Russia,https://upload.wikimedia.org/wikipedia/commons/thumb/a/a9/Flag_of_the_Soviet_Union.svg/23px-Flag_of_the_Soviet_Union.svg.png,Unknown T-72,destroyed,https://twitter.com/UAWeapons/status/1510257894603776012,83,1262,729,53,430,50,2022-10-04T21:08:09Z
Tanks,Russia,https://upload.wikimedia.org/wikipedia/commons/thumb/a/a9/Flag_of_the_Soviet_Union.svg/23px-Flag_of_the_Soviet_Union.svg.png,Unknown T-72,destroyed,https://i.postimg.cc/RCTBSnS7/taank.png,83,1262,729,53,430,50,2022-10-04T21:08:09Z
Tanks,Russia,https://upload.wikimedia.org/wikipedia/commons/thumb/a/a9/Flag_of_the_Soviet_Union.svg/23px-Flag_of_the_Soviet_Union.svg.png,Unknown T-72,destroyed,https://i.postimg.cc/k4KvP6FY/d34.jpg,83,1262,729,53,430,50,2022-10-04T21:08:09Z
Tanks,Russia,https://upload.wikimedia.org/wikipedia/commons/thumb/a/a9/Flag_of_the_Soviet_Union.svg/23px-Flag_of_the_Soviet_Union.svg.png,Unknown T-72,destroyed,https://i.postimg.cc/cHrPdk0c/78.jpg,83,1262,729,53,430,50,2022-10-04T21:08:09Z
Tanks,Russia,https://upload.wikimedia.org/wikipedia/commons/thumb/a/a9/Flag_of_the_Soviet_Union.svg/23px-Flag_of_the_Soviet_Union.svg.png,Unknown T-72,destroyed,https://twitter.com/UAWeapons/status/1517505799416913921,83,1262,729,53,430,50,2022-10-04T21:08:09Z
Tanks,Russia,https://upload.wikimedia.org/wikipedia/commons/thumb/a/a9/Flag_of_the_Soviet_Union.svg/23px-Flag_of_the_Soviet_Union.svg.png,Unknown T-72,destroyed,https://twitter.com/UAWeapons/status/1520836638435422209,83,1262,729,53,430,50,2022-10-04T21:08:09Z
Tanks,Russia,https://upload.wikimedia.org/wikipedia/commons/thumb/a/a9/Flag_of_the_Soviet_Union.svg/23px-Flag_of_the_Soviet_Union.svg.png,Unknown T-72,destroyed,https://i.postimg.cc/rmxpkmmC/43ff.png,83,1262,729,53,430,50,2022-10-04T21:08:09Z
Tanks,Russia,https://upload.wikimedia.org/wikipedia/commons/thumb/a/a9/Flag_of_the_Soviet_Union.svg/23px-Flag_of_the_Soviet_Union.svg.png,Unknown T-72,destroyed,https://twitter.com/UAWeapons/status/1524129863447285761,83,1262,729,53,430,50,2022-10-04T21:08:09Z
Tanks,Russia,https://upload.wikimedia.org/wikipedia/commons/thumb/a/a9/Flag_of_the_Soviet_Union.svg/23px-Flag_of_the_Soviet_Union.svg.png,Unknown T-72,destroyed,https://twitter.com/UAWeapons/status/1524129863447285761,83,1262,729,53,430,50,2022-10-04T21:08:09Z
Tanks,Russia,https://upload.wikimedia.org/wikipedia/commons/thumb/a/a9/Flag_of_the_Soviet_Union.svg/23px-Flag_of_the_Soviet_Union.svg.png,Unknown T-72,destroyed,https://twitter.com/UAWeapons/status/1524129863447285761,83,1262,729,53,430,50,2022-10-04T21:08:09Z
Tanks,Russia,https://upload.wikimedia.org/wikipedia/commons/thumb/a/a9/Flag_of_the_Soviet_Union.svg/23px-Flag_of_the_Soviet_Union.svg.png,Unknown T-72,destroyed,https://i.postimg.cc/GtfzMV1j/3776.jpg,83,1262,729,53,430,50,2022-10-04T21:08:09Z
Tanks,Russia,https://upload.wikimedia.org/wikipedia/commons/thumb/a/a9/Flag_of_the_Soviet_Union.svg/23px-Flag_of_the_Soviet_Union.svg.png,Unknown T-72,destroyed,https://twitter.com/UAWeapons/status/1525961832313278465,83,1262,729,53,430,50,2022-10-04T21:08:09Z
Tanks,Russia,https://upload.wikimedia.org/wikipedia/commons/thumb/a/a9/Flag_of_the_Soviet_Union.svg/23px-Flag_of_the_Soviet_Union.svg.png,Unknown T-72,destroyed,https://twitter.com/UAWeapons/status/1528326529700200448,83,1262,729,53,430,50,2022-10-04T21:08:09Z
Tanks,Russia,https://upload.wikimedia.org/wikipedia/commons/thumb/a/a9/Flag_of_the_Soviet_Union.svg/23px-Flag_of_the_Soviet_Union.svg.png,Unknown T-72,destroyed,https://i.postimg.cc/K8h232cj/6h.png,83,1262,729,53,430,50,2022-10-04T21:08:09Z
Tanks,Russia,https://upload.wikimedia.org/wikipedia/commons/thumb/a/a9/Flag_of_the_Soviet_Union.svg/23px-Flag_of_the_Soviet_Union.svg.png,Unknown T-72,destroyed,https://i.postimg.cc/7L5ffZ52/1500-unkn-tank-2x.png,83,1262,729,53,430,50,2022-10-04T21:08:09Z
Tanks,Russia,https://upload.wikimedia.org/wikipedia/commons/thumb/a/a9/Flag_of_the_Soviet_Union.svg/23px-Flag_of_the_Soviet_Union.svg.png,Unknown T-72,destroyed,https://i.postimg.cc/7L5ffZ52/1500-unkn-tank-2x.png,83,1262,729,53,430,50,2022-10-04T21:08:09Z
Tanks,Russia,https://upload.wikimedia.org/wikipedia/commons/thumb/a/a9/Flag_of_the_Soviet_Union.svg/23px-Flag_of_the_Soviet_Union.svg.png,Unknown T-72,destroyed,https://twitter.com/UAWeapons/status/1530575302895841280,83,1262,729,53,430,50,2022-10-04T21:08:09Z
Tanks,Russia,https://upload.wikimedia.org/wikipedia/commons/thumb/a/a9/Flag_of_the_Soviet_Union.svg/23px-Flag_of_the_Soviet_Union.svg.png,Unknown T-72,destroyed,https://i.postimg.cc/cLg02zbz/7663.jpg,83,1262,729,53,430,50,2022-10-04T21:08:09Z
Tanks,Russia,https://upload.wikimedia.org/wikipedia/commons/thumb/a/a9/Flag_of_the_Soviet_Union.svg/23px-Flag_of_the_Soviet_Union.svg.png,Unknown T-72,destroyed,https://i.postimg.cc/cLg02zbz/7663.jpg,83,1262,729,53,430,50,2022-10-04T21:08:09Z
Tanks,Russia,https://upload.wikimedia.org/wikipedia/commons/thumb/a/a9/Flag_of_the_Soviet_Union.svg/23px-Flag_of_the_Soviet_Union.svg.png,Unknown T-72,destroyed,https://i.postimg.cc/cLg02zbz/7663.jpg,83,1262,729,53,430,50,2022-10-04T21:08:09Z
Tanks,Russia,https://upload.wikimedia.org/wikipedia/commons/thumb/a/a9/Flag_of_the_Soviet_Union.svg/23px-Flag_of_the_Soviet_Union.svg.png,Unknown T-72,destroyed,https://twitter.com/UAWeapons/status/1538542381355737091,83,1262,729,53,430,50,2022-10-04T21:08:09Z
Tanks,Russia,https://upload.wikimedia.org/wikipedia/commons/thumb/a/a9/Flag_of_the_Soviet_Union.svg/23px-Flag_of_the_Soviet_Union.svg.png,Unknown T-72,destroyed,https://twitter.com/UAWeapons/status/1539601762272804866,83,1262,729,53,430,50,2022-10-04T21:08:09Z
Tanks,Russia,https://upload.wikimedia.org/wikipedia/commons/thumb/a/a9/Flag_of_the_Soviet_Union.svg/23px-Flag_of_the_Soviet_Union.svg.png,Unknown T-72,destroyed,https://twitter.com/UAWeapons/status/1541137859385622532,83,1262,729,53,430,50,2022-10-04T21:08:09Z
Tanks,Russia,https://upload.wikimedia.org/wikipedia/commons/thumb/a/a9/Flag_of_the_Soviet_Union.svg/23px-Flag_of_the_Soviet_Union.svg.png,Unknown T-72,destroyed,https://twitter.com/RALee85/status/1540218005816238081,83,1262,729,53,430,50,2022-10-04T21:08:09Z
Tanks,Russia,https://upload.wikimedia.org/wikipedia/commons/thumb/a/a9/Flag_of_the_Soviet_Union.svg/23px-Flag_of_the_Soviet_Union.svg.png,Unknown T-72,destroyed,https://twitter.com/Blue_Sauron/status/1544968755091886080,83,1262,729,53,430,50,2022-10-04T21:08:09Z
Tanks,Russia,https://upload.wikimedia.org/wikipedia/commons/thumb/a/a9/Flag_of_the_Soviet_Union.svg/23px-Flag_of_the_Soviet_Union.svg.png,Unknown T-72,destroyed,https://i.postimg.cc/0jZSwLfn/554.jpg,83,1262,729,53,430,50,2022-10-04T21:08:09Z
Tanks,Russia,https://upload.wikimedia.org/wikipedia/commons/thumb/a/a9/Flag_of_the_Soviet_Union.svg/23px-Flag_of_the_Soviet_Union.svg.png,Unknown T-72,destroyed,https://i.postimg.cc/0jZSwLfn/554.jpg,83,1262,729,53,430,50,2022-10-04T21:08:09Z
Tanks,Russia,https://upload.wikimedia.org/wikipedia/commons/thumb/a/a9/Flag_of_the_Soviet_Union.svg/23px-Flag_of_the_Soviet_Union.svg.png,Unknown T-72,destroyed,https://i.postimg.cc/0jZSwLfn/554.jpg,83,1262,729,53,430,50,2022-10-04T21:08:09Z
Tanks,Russia,https://upload.wikimedia.org/wikipedia/commons/thumb/a/a9/Flag_of_the_Soviet_Union.svg/23px-Flag_of_the_Soviet_Union.svg.png,Unknown T-72,destroyed,https://i.postimg.cc/htmtNsvz/4h.png,83,1262,729,53,430,50,2022-10-04T21:08:09Z
Tanks,Russia,https://upload.wikimedia.org/wikipedia/commons/thumb/a/a9/Flag_of_the_Soviet_Union.svg/23px-Flag_of_the_Soviet_Union.svg.png,Unknown T-72,destroyed,https://twitter.com/RALee85/status/1552961963487010816,83,1262,729,53,430,50,2022-10-04T21:08:09Z
Tanks,Russia,https://upload.wikimedia.org/wikipedia/commons/thumb/a/a9/Flag_of_the_Soviet_Union.svg/23px-Flag_of_the_Soviet_Union.svg.png,Unknown T-72,destroyed,https://twitter.com/UAWeapons/status/1548420470030028805,83,1262,729,53,430,50,2022-10-04T21:08:09Z
Tanks,Russia,https://upload.wikimedia.org/wikipedia/commons/thumb/a/a9/Flag_of_the_Soviet_Union.svg/23px-Flag_of_the_Soviet_Union.svg.png,Unknown T-72,destroyed,https://i.postimg.cc/SKwxT1Z8/1002.jpg,83,1262,729,53,430,50,2022-10-04T21:08:09Z
Tanks,Russia,https://upload.wikimedia.org/wikipedia/commons/thumb/a/a9/Flag_of_the_Soviet_Union.svg/23px-Flag_of_the_Soviet_Union.svg.png,Unknown T-72,destroyed,https://twitter.com/RALee85/status/1551145700712382465,83,1262,729,53,430,50,2022-10-04T21:08:09Z
Tanks,Russia,https://upload.wikimedia.org/wikipedia/commons/thumb/a/a9/Flag_of_the_Soviet_Union.svg/23px-Flag_of_the_Soviet_Union.svg.png,Unknown T-72,destroyed,https://twitter.com/UAWeapons/status/1551989446349815808,83,1262,729,53,430,50,2022-10-04T21:08:09Z
Tanks,Russia,https://upload.wikimedia.org/wikipedia/commons/thumb/a/a9/Flag_of_the_Soviet_Union.svg/23px-Flag_of_the_Soviet_Union.svg.png,Unknown T-72,destroyed,https://twitter.com/UAWeapons/status/1551989446349815808,83,1262,729,53,430,50,2022-10-04T21:08:09Z
Tanks,Russia,https://upload.wikimedia.org/wikipedia/commons/thumb/a/a9/Flag_of_the_Soviet_Union.svg/23px-Flag_of_the_Soviet_Union.svg.png,Unknown T-72,destroyed,https://twitter.com/UAWeapons/status/1551989446349815808,83,1262,729,53,430,50,2022-10-04T21:08:09Z
Tanks,Russia,https://upload.wikimedia.org/wikipedia/commons/thumb/a/a9/Flag_of_the_Soviet_Union.svg/23px-Flag_of_the_Soviet_Union.svg.png,Unknown T-72,destroyed,https://twitter.com/UAWeapons/status/1557111929927237632,83,1262,729,53,430,50,2022-10-04T21:08:09Z
Tanks,Russia,https://upload.wikimedia.org/wikipedia/commons/thumb/a/a9/Flag_of_the_Soviet_Union.svg/23px-Flag_of_the_Soviet_Union.svg.png,Unknown T-72,destroyed,https://twitter.com/UAWeapons/status/1569725397863993346,83,1262,729,53,430,50,2022-10-04T21:08:09Z
Tanks,Russia,https://upload.wikimedia.org/wikipedia/commons/thumb/a/a9/Flag_of_the_Soviet_Union.svg/23px-Flag_of_the_Soviet_Union.svg.png,Unknown T-72,destroyed,https://twitter.com/UAWeapons/status/1545075270826299394,83,1262,729,53,430,50,2022-10-04T21:08:09Z
Tanks,Russia,https://upload.wikimedia.org/wikipedia/commons/thumb/a/a9/Flag_of_the_Soviet_Union.svg/23px-Flag_of_the_Soviet_Union.svg.png,Unknown T-72,destroyed,https://i.postimg.cc/vHgrmVJg/4g.png,83,1262,729,53,430,50,2022-10-04T21:08:09Z
Tanks,Russia,https://upload.wikimedia.org/wikipedia/commons/thumb/a/a9/Flag_of_the_Soviet_Union.svg/23px-Flag_of_the_Soviet_Union.svg.png,Unknown T-72,destroyed,https://i.postimg.cc/WbHRhP82/89.png,83,1262,729,53,430,50,2022-10-04T21:08:09Z
Tanks,Russia,https://upload.wikimedia.org/wikipedia/commons/thumb/a/a9/Flag_of_the_Soviet_Union.svg/23px-Flag_of_the_Soviet_Union.svg.png,Unknown T-72,destroyed,https://twitter.com/UAWeapons/status/1505493660770648065,83,1262,729,53,430,50,2022-10-04T21:08:09Z
Tanks,Russia,https://upload.wikimedia.org/wikipedia/commons/thumb/a/a9/Flag_of_the_Soviet_Union.svg/23px-Flag_of_the_Soviet_Union.svg.png,Unknown T-72,destroyed,https://i.postimg.cc/KjX698xd/1000-t72b3-2016-x3.jpg,83,1262,729,53,430,50,2022-10-04T21:08:09Z
Tanks,Russia,https://upload.wikimedia.org/wikipedia/commons/thumb/a/a9/Flag_of_the_Soviet_Union.svg/23px-Flag_of_the_Soviet_Union.svg.png,Unknown T-72,destroyed,https://twitter.com/UAWeapons/status/1507409695161696257,83,1262,729,53,430,50,2022-10-04T21:08:09Z
Tanks,Russia,https://upload.wikimedia.org/wikipedia/commons/thumb/a/a9/Flag_of_the_Soviet_Union.svg/23px-Flag_of_the_Soviet_Union.svg.png,Unknown T-72,destroyed,https://i.postimg.cc/fTmYsJJb/54f.png,83,1262,729,53,430,50,2022-10-04T21:08:09Z
Tanks,Russia,https://upload.wikimedia.org/wikipedia/commons/thumb/a/a9/Flag_of_the_Soviet_Union.svg/23px-Flag_of_the_Soviet_Union.svg.png,Unknown T-72,destroyed,https://i.postimg.cc/8c5dSCVZ/4f7.png,83,1262,729,53,430,50,2022-10-04T21:08:09Z
Tanks,Russia,https://upload.wikimedia.org/wikipedia/commons/thumb/a/a9/Flag_of_the_Soviet_Union.svg/23px-Flag_of_the_Soviet_Union.svg.png,Unknown T-72,destroyed,https://i.postimg.cc/htv2yhvL/ut4.png,83,1262,729,53,430,50,2022-10-04T21:08:09Z
Tanks,Russia,https://upload.wikimedia.org/wikipedia/commons/thumb/a/a9/Flag_of_the_Soviet_Union.svg/23px-Flag_of_the_Soviet_Union.svg.png,Unknown T-72,destroyed,https://i.postimg.cc/pL85bGRX/7766.jpg,83,1262,729,53,430,50,2022-10-04T21:08:09Z
Tanks,Russia,https://upload.wikimedia.org/wikipedia/commons/thumb/a/a9/Flag_of_the_Soviet_Union.svg/23px-Flag_of_the_Soviet_Union.svg.png,Unknown T-72,destroyed,https://i.postimg.cc/cH5qSJ5N/77o.jpg,83,1262,729,53,430,50,2022-10-04T21:08:09Z
Tanks,Russia,https://upload.wikimedia.org/wikipedia/commons/thumb/a/a9/Flag_of_the_Soviet_Union.svg/23px-Flag_of_the_Soviet_Union.svg.png,Unknown T-72,destroyed,https://i.postimg.cc/ZnpTjkby/2212.jpg,83,1262,729,53,430,50,2022-10-04T21:08:09Z
Tanks,Russia,https://upload.wikimedia.org/wikipedia/commons/thumb/a/a9/Flag_of_the_Soviet_Union.svg/23px-Flag_of_the_Soviet_Union.svg.png,Unknown T-72,destroyed,https://twitter.com/UAWeapons/status/1529197849271058432,83,1262,729,53,430,50,2022-10-04T21:08:09Z
Tanks,Russia,https://upload.wikimedia.org/wikipedia/commons/thumb/a/a9/Flag_of_the_Soviet_Union.svg/23px-Flag_of_the_Soviet_Union.svg.png,Unknown T-72,destroyed,https://twitter.com/UAWeapons/status/1529504260676886529,83,1262,729,53,430,50,2022-10-04T21:08:09Z
Tanks,Russia,https://upload.wikimedia.org/wikipedia/commons/thumb/a/a9/Flag_of_the_Soviet_Union.svg/23px-Flag_of_the_Soviet_Union.svg.png,Unknown T-72,destroyed,https://twitter.com/UAWeapons/status/1529504260676886529,83,1262,729,53,430,50,2022-10-04T21:08:09Z
Tanks,Russia,https://upload.wikimedia.org/wikipedia/commons/thumb/a/a9/Flag_of_the_Soviet_Union.svg/23px-Flag_of_the_Soviet_Union.svg.png,Unknown T-72,destroyed,https://twitter.com/UAWeapons/status/1529504260676886529,83,1262,729,53,430,50,2022-10-04T21:08:09Z
Tanks,Russia,https://upload.wikimedia.org/wikipedia/commons/thumb/a/a9/Flag_of_the_Soviet_Union.svg/23px-Flag_of_the_Soviet_Union.svg.png,Unknown T-72,destroyed,https://i.postimg.cc/yxPbYYmS/g544.jpg,83,1262,729,53,430,50,2022-10-04T21:08:09Z
Tanks,Russia,https://upload.wikimedia.org/wikipedia/commons/thumb/a/a9/Flag_of_the_Soviet_Union.svg/23px-Flag_of_the_Soviet_Union.svg.png,Unknown T-72,destroyed,https://i.postimg.cc/yxPbYYmS/g544.jpg,83,1262,729,53,430,50,2022-10-04T21:08:09Z
Tanks,Russia,https://upload.wikimedia.org/wikipedia/commons/thumb/a/a9/Flag_of_the_Soviet_Union.svg/23px-Flag_of_the_Soviet_Union.svg.png,Unknown T-72,destroyed,https://i.postimg.cc/yxPbYYmS/g544.jpg,83,1262,729,53,430,50,2022-10-04T21:08:09Z
Tanks,Russia,https://upload.wikimedia.org/wikipedia/commons/thumb/a/a9/Flag_of_the_Soviet_Union.svg/23px-Flag_of_the_Soviet_Union.svg.png,Unknown T-72,damaged,https://twitter.com/UAWeapons/status/1566072209642340352,83,1262,729,53,430,50,2022-10-04T21:08:09Z
Tanks,Russia,https://upload.wikimedia.org/wikipedia/commons/thumb/a/a9/Flag_of_the_Soviet_Union.svg/23px-Flag_of_the_Soviet_Union.svg.png,Unknown T-72,damaged,https://twitter.com/UAWeapons/status/1566072209642340352,83,1262,729,53,430,50,2022-10-04T21:08:09Z
Tanks,Russia,https://upload.wikimedia.org/wikipedia/commons/thumb/a/a9/Flag_of_the_Soviet_Union.svg/23px-Flag_of_the_Soviet_Union.svg.png,Unknown T-72,damaged,https://twitter.com/UAWeapons/status/1568696183836577798,83,1262,729,53,430,50,2022-10-04T21:08:09Z
Tanks,Russia,https://upload.wikimedia.org/wikipedia/commons/thumb/a/a9/Flag_of_the_Soviet_Union.svg/23px-Flag_of_the_Soviet_Union.svg.png,Unknown T-72,damaged,https://i.postimg.cc/V6Kc8SKP/4370.jpg,83,1262,729,53,430,50,2022-10-04T21:08:09Z
Tanks,Russia,https://upload.wikimedia.org/wikipedia/commons/thumb/a/a9/Flag_of_the_Soviet_Union.svg/23px-Flag_of_the_Soviet_Union.svg.png,Unknown T-72,damaged,https://twitter.com/UAWeapons/status/1512060297607065602,83,1262,729,53,430,50,2022-10-04T21:08:09Z
Tanks,Russia,https://upload.wikimedia.org/wikipedia/commons/thumb/a/a9/Flag_of_the_Soviet_Union.svg/23px-Flag_of_the_Soviet_Union.svg.png,Unknown T-72,damaged,https://twitter.com/UAWeapons/status/1512060297607065602,83,1262,729,53,430,50,2022-10-04T21:08:09Z
Tanks,Russia,https://upload.wikimedia.org/wikipedia/commons/thumb/a/a9/Flag_of_the_Soviet_Union.svg/23px-Flag_of_the_Soviet_Union.svg.png,Unknown T-72,damaged,https://i.postimg.cc/kGf4RmBn/6h.jpg,83,1262,729,53,430,50,2022-10-04T21:08:09Z
Tanks,Russia,https://upload.wikimedia.org/wikipedia/commons/thumb/a/a9/Flag_of_the_Soviet_Union.svg/23px-Flag_of_the_Soviet_Union.svg.png,Unknown T-72,damaged,https://twitter.com/UAWeapons/status/1539601762272804866,83,1262,729,53,430,50,2022-10-04T21:08:09Z
Tanks,Russia,https://upload.wikimedia.org/wikipedia/commons/thumb/a/a9/Flag_of_the_Soviet_Union.svg/23px-Flag_of_the_Soviet_Union.svg.png,Unknown T-72,damaged,https://twitter.com/RALee85/status/1540218005816238081,83,1262,729,53,430,50,2022-10-04T21:08:09Z
Tanks,Russia,https://upload.wikimedia.org/wikipedia/commons/thumb/a/a9/Flag_of_the_Soviet_Union.svg/23px-Flag_of_the_Soviet_Union.svg.png,Unknown T-72,damaged,https://twitter.com/RALee85/status/1540218005816238081,83,1262,729,53,430,50,2022-10-04T21:08:09Z
Tanks,Russia,https://upload.wikimedia.org/wikipedia/commons/thumb/a/a9/Flag_of_the_Soviet_Union.svg/23px-Flag_of_the_Soviet_Union.svg.png,Unknown T-72,damaged,https://twitter.com/UAWeapons/status/1545125584036151297,83,1262,729,53,430,50,2022-10-04T21:08:09Z
Tanks,Russia,https://upload.wikimedia.org/wikipedia/commons/thumb/a/a9/Flag_of_the_Soviet_Union.svg/23px-Flag_of_the_Soviet_Union.svg.png,Unknown T-72,damaged,https://twitter.com/UAWeapons/status/1519310504832942080,83,1262,729,53,430,50,2022-10-04T21:08:09Z
Tanks,Russia,https://upload.wikimedia.org/wikipedia/commons/thumb/a/a9/Flag_of_the_Soviet_Union.svg/23px-Flag_of_the_Soviet_Union.svg.png,Unknown T-72,damaged,https://twitter.com/UAWeapons/status/1544068834604220417,83,1262,729,53,430,50,2022-10-04T21:08:09Z
Tanks,Russia,https://upload.wikimedia.org/wikipedia/commons/thumb/a/a9/Flag_of_the_Soviet_Union.svg/23px-Flag_of_the_Soviet_Union.svg.png,Unknown T-72,damaged,https://i.postimg.cc/y6rMNLPm/d13.jpg,83,1262,729,53,430,50,2022-10-04T21:08:09Z
Tanks,Russia,https://upload.wikimedia.org/wikipedia/commons/thumb/a/a9/Flag_of_the_Soviet_Union.svg/23px-Flag_of_the_Soviet_Union.svg.png,Unknown T-72,captured,https://i.postimg.cc/wx0H0JpY/1019-unkn-t72.jpg,83,1262,729,53,430,50,2022-10-04T21:08:09Z
Tanks,Russia,https://upload.wikimedia.org/wikipedia/commons/thumb/a/a9/Flag_of_the_Soviet_Union.svg/23px-Flag_of_the_Soviet_Union.svg.png,Unknown T-72,captured,https://twitter.com/UAWeapons/status/1568899243397550080,83,1262,729,53,430,50,2022-10-04T21:08:09Z
Tanks,Russia,https://upload.wikimedia.org/wikipedia/commons/thumb/a/a9/Flag_of_the_Soviet_Union.svg/23px-Flag_of_the_Soviet_Union.svg.png,Unknown T-72,captured,https://twitter.com/UAWeapons/status/1568899243397550080,83,1262,729,53,430,50,2022-10-04T21:08:09Z
Tanks,Russia,https://upload.wikimedia.org/wikipedia/commons/thumb/a/a9/Flag_of_the_Soviet_Union.svg/23px-Flag_of_the_Soviet_Union.svg.png,Unknown T-72,captured,https://twitter.com/UAWeapons/status/1569229402860552192,83,1262,729,53,430,50,2022-10-04T21:08:09Z
Tanks,Russia,https://upload.wikimedia.org/wikipedia/commons/thumb/a/a9/Flag_of_the_Soviet_Union.svg/23px-Flag_of_the_Soviet_Union.svg.png,Unknown T-72,captured,https://i.postimg.cc/FHnYXRgw/57j.jpg,83,1262,729,53,430,50,2022-10-04T21:08:09Z
Tanks,Russia,https://upload.wikimedia.org/wikipedia/commons/thumb/a/a9/Flag_of_the_Soviet_Union.svg/23px-Flag_of_the_Soviet_Union.svg.png,T-80BV,destroyed,https://i.postimg.cc/fRTVS0Tt/7u5.png,126,1262,729,53,430,50,2022-10-04T21:08:09Z
Tanks,Russia,https://upload.wikimedia.org/wikipedia/commons/thumb/a/a9/Flag_of_the_Soviet_Union.svg/23px-Flag_of_the_Soviet_Union.svg.png,T-80BV,destroyed,https://i.postimg.cc/rFQR8BVG/689.png,126,1262,729,53,430,50,2022-10-04T21:08:09Z
Tanks,Russia,https://upload.wikimedia.org/wikipedia/commons/thumb/a/a9/Flag_of_the_Soviet_Union.svg/23px-Flag_of_the_Soviet_Union.svg.png,T-80BV,destroyed,https://i.postimg.cc/9fJ6B25d/ad22.jpg,126,1262,729,53,430,50,2022-10-04T21:08:09Z
Tanks,Russia,https://upload.wikimedia.org/wikipedia/commons/thumb/a/a9/Flag_of_the_Soviet_Union.svg/23px-Flag_of_the_Soviet_Union.svg.png,T-80BV,destroyed,https://i.postimg.cc/9fJ6B25d/ad22.jpg,126,1262,729,53,430,50,2022-10-04T21:08:09Z
Tanks,Russia,https://upload.wikimedia.org/wikipedia/commons/thumb/a/a9/Flag_of_the_Soviet_Union.svg/23px-Flag_of_the_Soviet_Union.svg.png,T-80BV,destroyed,https://i.postimg.cc/dVNBcJnB/658.jpg,126,1262,729,53,430,50,2022-10-04T21:08:09Z
Tanks,Russia,https://upload.wikimedia.org/wikipedia/commons/thumb/a/a9/Flag_of_the_Soviet_Union.svg/23px-Flag_of_the_Soviet_Union.svg.png,T-80BV,destroyed,https://postimg.cc/ftgJpyGm,126,1262,729,53,430,50,2022-10-04T21:08:09Z
Tanks,Russia,https://upload.wikimedia.org/wikipedia/commons/thumb/a/a9/Flag_of_the_Soviet_Union.svg/23px-Flag_of_the_Soviet_Union.svg.png,T-80BV,destroyed,https://i.postimg.cc/W39PgMKb/63f.jpg,126,1262,729,53,430,50,2022-10-04T21:08:09Z
Tanks,Russia,https://upload.wikimedia.org/wikipedia/commons/thumb/a/a9/Flag_of_the_Soviet_Union.svg/23px-Flag_of_the_Soviet_Union.svg.png,T-80BV,destroyed,https://i.postimg.cc/W39PgMKb/63f.jpg,126,1262,729,53,430,50,2022-10-04T21:08:09Z
Tanks,Russia,https://upload.wikimedia.org/wikipedia/commons/thumb/a/a9/Flag_of_the_Soviet_Union.svg/23px-Flag_of_the_Soviet_Union.svg.png,T-80BV,destroyed,https://i.postimg.cc/ZRypGcSC/6529.png,126,1262,729,53,430,50,2022-10-04T21:08:09Z
Tanks,Russia,https://upload.wikimedia.org/wikipedia/commons/thumb/a/a9/Flag_of_the_Soviet_Union.svg/23px-Flag_of_the_Soviet_Union.svg.png,T-80BV,destroyed,https://i.postimg.cc/nLrbrQ77/b1.png,126,1262,729,53,430,50,2022-10-04T21:08:09Z
Tanks,Russia,https://upload.wikimedia.org/wikipedia/commons/thumb/a/a9/Flag_of_the_Soviet_Union.svg/23px-Flag_of_the_Soviet_Union.svg.png,T-80BV,destroyed,https://i.postimg.cc/3wqMvJCq/b2.png,126,1262,729,53,430,50,2022-10-04T21:08:09Z
Tanks,Russia,https://upload.wikimedia.org/wikipedia/commons/thumb/a/a9/Flag_of_the_Soviet_Union.svg/23px-Flag_of_the_Soviet_Union.svg.png,T-80BV,destroyed,https://i.postimg.cc/027vTwP3/557.png,126,1262,729,53,430,50,2022-10-04T21:08:09Z
Tanks,Russia,https://upload.wikimedia.org/wikipedia/commons/thumb/a/a9/Flag_of_the_Soviet_Union.svg/23px-Flag_of_the_Soviet_Union.svg.png,T-80BV,destroyed,https://twitter.com/UAWeapons/status/1532760462873571334,126,1262,729,53,430,50,2022-10-04T21:08:09Z
Tanks,Russia,https://upload.wikimedia.org/wikipedia/commons/thumb/a/a9/Flag_of_the_Soviet_Union.svg/23px-Flag_of_the_Soviet_Union.svg.png,T-80BV,destroyed,https://i.postimg.cc/NMXy144j/5544.png,126,1262,729,53,430,50,2022-10-04T21:08:09Z
Tanks,Russia,https://upload.wikimedia.org/wikipedia/commons/thumb/a/a9/Flag_of_the_Soviet_Union.svg/23px-Flag_of_the_Soviet_Union.svg.png,T-80BV,destroyed,https://i.postimg.cc/02vS2Cnh/887.jpg,126,1262,729,53,430,50,2022-10-04T21:08:09Z
Tanks,Russia,https://upload.wikimedia.org/wikipedia/commons/thumb/a/a9/Flag_of_the_Soviet_Union.svg/23px-Flag_of_the_Soviet_Union.svg.png,T-80BV,destroyed,https://i.postimg.cc/2SGjFQ4b/665.jpg,126,1262,729,53,430,50,2022-10-04T21:08:09Z
Tanks,Russia,https://upload.wikimedia.org/wikipedia/commons/thumb/a/a9/Flag_of_the_Soviet_Union.svg/23px-Flag_of_the_Soviet_Union.svg.png,T-80BV,destroyed,https://i.postimg.cc/2SGjFQ4b/665.jpg,126,1262,729,53,430,50,2022-10-04T21:08:09Z
Tanks,Russia,https://upload.wikimedia.org/wikipedia/commons/thumb/a/a9/Flag_of_the_Soviet_Union.svg/23px-Flag_of_the_Soviet_Union.svg.png,T-80BV,destroyed,https://i.postimg.cc/15Wq7HV2/f3.jpg,126,1262,729,53,430,50,2022-10-04T21:08:09Z
Tanks,Russia,https://upload.wikimedia.org/wikipedia/commons/thumb/a/a9/Flag_of_the_Soviet_Union.svg/23px-Flag_of_the_Soviet_Union.svg.png,T-80BV,destroyed,https://twitter.com/UAWeapons/status/1541017371116281856,126,1262,729,53,430,50,2022-10-04T21:08:09Z
Tanks,Russia,https://upload.wikimedia.org/wikipedia/commons/thumb/a/a9/Flag_of_the_Soviet_Union.svg/23px-Flag_of_the_Soviet_Union.svg.png,T-80BV,destroyed,https://twitter.com/UAWeapons/status/1541418033574551553,126,1262,729,53,430,50,2022-10-04T21:08:09Z
Tanks,Russia,https://upload.wikimedia.org/wikipedia/commons/thumb/a/a9/Flag_of_the_Soviet_Union.svg/23px-Flag_of_the_Soviet_Union.svg.png,T-80BV,destroyed,https://twitter.com/UAWeapons/status/1542871757719232512,126,1262,729,53,430,50,2022-10-04T21:08:09Z
Tanks,Russia,https://upload.wikimedia.org/wikipedia/commons/thumb/a/a9/Flag_of_the_Soviet_Union.svg/23px-Flag_of_the_Soviet_Union.svg.png,T-80BV,destroyed,https://twitter.com/Orxan_012/status/1543299399861903361,126,1262,729,53,430,50,2022-10-04T21:08:09Z
Tanks,Russia,https://upload.wikimedia.org/wikipedia/commons/thumb/a/a9/Flag_of_the_Soviet_Union.svg/23px-Flag_of_the_Soviet_Union.svg.png,T-80BV,destroyed,https://i.postimg.cc/YCQMHMpM/1011.jpg,126,1262,729,53,430,50,2022-10-04T21:08:09Z
Tanks,Russia,https://upload.wikimedia.org/wikipedia/commons/thumb/a/a9/Flag_of_the_Soviet_Union.svg/23px-Flag_of_the_Soviet_Union.svg.png,T-80BV,destroyed,https://twitter.com/UAWeapons/status/1543924470162886659,126,1262,729,53,430,50,2022-10-04T21:08:09Z
Tanks,Russia,https://upload.wikimedia.org/wikipedia/commons/thumb/a/a9/Flag_of_the_Soviet_Union.svg/23px-Flag_of_the_Soviet_Union.svg.png,T-80BV,destroyed,https://twitter.com/UAWeapons/status/1543985520300130305,126,1262,729,53,430,50,2022-10-04T21:08:09Z
Tanks,Russia,https://upload.wikimedia.org/wikipedia/commons/thumb/a/a9/Flag_of_the_Soviet_Union.svg/23px-Flag_of_the_Soviet_Union.svg.png,T-80BV,destroyed,https://twitter.com/Blue_Sauron/status/1544253911238070273,126,1262,729,53,430,50,2022-10-04T21:08:09Z
Tanks,Russia,https://upload.wikimedia.org/wikipedia/commons/thumb/a/a9/Flag_of_the_Soviet_Union.svg/23px-Flag_of_the_Soviet_Union.svg.png,T-80BV,destroyed,https://i.postimg.cc/yNvLh6T7/1000.jpg,126,1262,729,53,430,50,2022-10-04T21:08:09Z
Tanks,Russia,https://upload.wikimedia.org/wikipedia/commons/thumb/a/a9/Flag_of_the_Soviet_Union.svg/23px-Flag_of_the_Soviet_Union.svg.png,T-80BV,destroyed,https://i.postimg.cc/1zv5f6Tg/1005.jpg,126,1262,729,53,430,50,2022-10-04T21:08:09Z
Tanks,Russia,https://upload.wikimedia.org/wikipedia/commons/thumb/a/a9/Flag_of_the_Soviet_Union.svg/23px-Flag_of_the_Soviet_Union.svg.png,T-80BV,destroyed,https://i.postimg.cc/Gmt3cnVG/1006.jpg,126,1262,729,53,430,50,2022-10-04T21:08:09Z
Tanks,Russia,https://upload.wikimedia.org/wikipedia/commons/thumb/a/a9/Flag_of_the_Soviet_Union.svg/23px-Flag_of_the_Soviet_Union.svg.png,T-80BV,destroyed,https://i.postimg.cc/zf9CX1vj/1001.jpg,126,1262,729,53,430,50,2022-10-04T21:08:09Z
Tanks,Russia,https://upload.wikimedia.org/wikipedia/commons/thumb/a/a9/Flag_of_the_Soviet_Union.svg/23px-Flag_of_the_Soviet_Union.svg.png,T-80BV,destroyed,https://i.postimg.cc/SxbmMZrB/442.png,126,1262,729,53,430,50,2022-10-04T21:08:09Z
Tanks,Russia,https://upload.wikimedia.org/wikipedia/commons/thumb/a/a9/Flag_of_the_Soviet_Union.svg/23px-Flag_of_the_Soviet_Union.svg.png,T-80BV,destroyed,https://i.postimg.cc/HnFnDvJQ/3dgd.png,126,1262,729,53,430,50,2022-10-04T21:08:09Z
Tanks,Russia,https://upload.wikimedia.org/wikipedia/commons/thumb/a/a9/Flag_of_the_Soviet_Union.svg/23px-Flag_of_the_Soviet_Union.svg.png,T-80BV,destroyed,https://i.postimg.cc/X78NgvLf/f44.png,126,1262,729,53,430,50,2022-10-04T21:08:09Z
Tanks,Russia,https://upload.wikimedia.org/wikipedia/commons/thumb/a/a9/Flag_of_the_Soviet_Union.svg/23px-Flag_of_the_Soviet_Union.svg.png,T-80BV,destroyed,https://i.postimg.cc/c4WFMDVP/1000.jpg,126,1262,729,53,430,50,2022-10-04T21:08:09Z
Tanks,Russia,https://upload.wikimedia.org/wikipedia/commons/thumb/a/a9/Flag_of_the_Soviet_Union.svg/23px-Flag_of_the_Soviet_Union.svg.png,T-80BV,destroyed,https://twitter.com/UAWeapons/status/1552668515819208705,126,1262,729,53,430,50,2022-10-04T21:08:09Z
Tanks,Russia,https://upload.wikimedia.org/wikipedia/commons/thumb/a/a9/Flag_of_the_Soviet_Union.svg/23px-Flag_of_the_Soviet_Union.svg.png,T-80BV,destroyed,https://i.postimg.cc/WzB1j0sv/1000-t80bv.jpg,126,1262,729,53,430,50,2022-10-04T21:08:09Z
Tanks,Russia,https://upload.wikimedia.org/wikipedia/commons/thumb/a/a9/Flag_of_the_Soviet_Union.svg/23px-Flag_of_the_Soviet_Union.svg.png,T-80BV,destroyed,https://twitter.com/UAWeapons/status/1556214456669052929,126,1262,729,53,430,50,2022-10-04T21:08:09Z
Tanks,Russia,https://upload.wikimedia.org/wikipedia/commons/thumb/a/a9/Flag_of_the_Soviet_Union.svg/23px-Flag_of_the_Soviet_Union.svg.png,T-80BV,destroyed,https://twitter.com/UAWeapons/status/1553428936708837376,126,1262,729,53,430,50,2022-10-04T21:08:09Z
Tanks,Russia,https://upload.wikimedia.org/wikipedia/commons/thumb/a/a9/Flag_of_the_Soviet_Union.svg/23px-Flag_of_the_Soviet_Union.svg.png,T-80BV,destroyed,https://i.postimg.cc/mgFJxNpD/544.png,126,1262,729,53,430,50,2022-10-04T21:08:09Z
Tanks,Russia,https://upload.wikimedia.org/wikipedia/commons/thumb/a/a9/Flag_of_the_Soviet_Union.svg/23px-Flag_of_the_Soviet_Union.svg.png,T-80BV,destroyed,https://twitter.com/UAWeapons/status/1559189995625275396,126,1262,729,53,430,50,2022-10-04T21:08:09Z
Tanks,Russia,https://upload.wikimedia.org/wikipedia/commons/thumb/a/a9/Flag_of_the_Soviet_Union.svg/23px-Flag_of_the_Soviet_Union.svg.png,T-80BV,destroyed,https://i.postimg.cc/HLByRhfp/1013-t80bv.jpg,126,1262,729,53,430,50,2022-10-04T21:08:09Z
Tanks,Russia,https://upload.wikimedia.org/wikipedia/commons/thumb/a/a9/Flag_of_the_Soviet_Union.svg/23px-Flag_of_the_Soviet_Union.svg.png,T-80BV,destroyed,https://i.postimg.cc/nLyqDxjG/1009-t80bv.jpg,126,1262,729,53,430,50,2022-10-04T21:08:09Z
Tanks,Russia,https://upload.wikimedia.org/wikipedia/commons/thumb/a/a9/Flag_of_the_Soviet_Union.svg/23px-Flag_of_the_Soviet_Union.svg.png,T-80BV,destroyed,https://twitter.com/UAWeapons/status/1565693493812527108,126,1262,729,53,430,50,2022-10-04T21:08:09Z
Tanks,Russia,https://upload.wikimedia.org/wikipedia/commons/thumb/a/a9/Flag_of_the_Soviet_Union.svg/23px-Flag_of_the_Soviet_Union.svg.png,T-80BV,destroyed,https://twitter.com/UAWeapons/status/1565695602746396680,126,1262,729,53,430,50,2022-10-04T21:08:09Z
Tanks,Russia,https://upload.wikimedia.org/wikipedia/commons/thumb/a/a9/Flag_of_the_Soviet_Union.svg/23px-Flag_of_the_Soviet_Union.svg.png,T-80BV,destroyed,https://i.postimg.cc/K8WGNKcq/1002-t80bv.jpg,126,1262,729,53,430,50,2022-10-04T21:08:09Z
Tanks,Russia,https://upload.wikimedia.org/wikipedia/commons/thumb/a/a9/Flag_of_the_Soviet_Union.svg/23px-Flag_of_the_Soviet_Union.svg.png,T-80BV,destroyed,https://twitter.com/UAWeapons/status/1569405928914538496,126,1262,729,53,430,50,2022-10-04T21:08:09Z
Tanks,Russia,https://upload.wikimedia.org/wikipedia/commons/thumb/a/a9/Flag_of_the_Soviet_Union.svg/23px-Flag_of_the_Soviet_Union.svg.png,T-80BV,destroyed,https://twitter.com/UAWeapons/status/1569426437119123458,126,1262,729,53,430,50,2022-10-04T21:08:09Z
Tanks,Russia,https://upload.wikimedia.org/wikipedia/commons/thumb/a/a9/Flag_of_the_Soviet_Union.svg/23px-Flag_of_the_Soviet_Union.svg.png,T-80BV,destroyed,https://i.postimg.cc/hjBbwHmB/1013-t80bv.jpg,126,1262,729,53,430,50,2022-10-04T21:08:09Z
Tanks,Russia,https://upload.wikimedia.org/wikipedia/commons/thumb/a/a9/Flag_of_the_Soviet_Union.svg/23px-Flag_of_the_Soviet_Union.svg.png,T-80BV,destroyed,https://twitter.com/UAWeapons/status/1570091173825642497,126,1262,729,53,430,50,2022-10-04T21:08:09Z
Tanks,Russia,https://upload.wikimedia.org/wikipedia/commons/thumb/a/a9/Flag_of_the_Soviet_Union.svg/23px-Flag_of_the_Soviet_Union.svg.png,T-80BV,destroyed,https://twitter.com/UAWeapons/status/1570481019035258886,126,1262,729,53,430,50,2022-10-04T21:08:09Z
Tanks,Russia,https://upload.wikimedia.org/wikipedia/commons/thumb/a/a9/Flag_of_the_Soviet_Union.svg/23px-Flag_of_the_Soviet_Union.svg.png,T-80BV,destroyed,https://i.postimg.cc/63yvq1nG/2022-09-12-T-80-BV-2.png,126,1262,729,53,430,50,2022-10-04T21:08:09Z
Tanks,Russia,https://upload.wikimedia.org/wikipedia/commons/thumb/a/a9/Flag_of_the_Soviet_Union.svg/23px-Flag_of_the_Soviet_Union.svg.png,T-80BV,destroyed,https://i.postimg.cc/Bn4PHv23/2022-09-12-T-80-BV.png,126,1262,729,53,430,50,2022-10-04T21:08:09Z
Tanks,Russia,https://upload.wikimedia.org/wikipedia/commons/thumb/a/a9/Flag_of_the_Soviet_Union.svg/23px-Flag_of_the_Soviet_Union.svg.png,T-80BV,destroyed,https://twitter.com/UAWeapons/status/1572671983057510400,126,1262,729,53,430,50,2022-10-04T21:08:09Z
Tanks,Russia,https://upload.wikimedia.org/wikipedia/commons/thumb/a/a9/Flag_of_the_Soviet_Union.svg/23px-Flag_of_the_Soviet_Union.svg.png,T-80BV,destroyed,https://i.postimg.cc/TYwjZjKp/1003-unkn-t80.jpg,126,1262,729,53,430,50,2022-10-04T21:08:09Z
Tanks,Russia,https://upload.wikimedia.org/wikipedia/commons/thumb/a/a9/Flag_of_the_Soviet_Union.svg/23px-Flag_of_the_Soviet_Union.svg.png,T-80BV,destroyed,https://i.postimg.cc/nLyTXp5f/1003-t80bv.jpg,126,1262,729,53,430,50,2022-10-04T21:08:09Z
Tanks,Russia,https://upload.wikimedia.org/wikipedia/commons/thumb/a/a9/Flag_of_the_Soviet_Union.svg/23px-Flag_of_the_Soviet_Union.svg.png,T-80BV,destroyed,https://i.postimg.cc/Bv4J5rwn/2022-09-10-T-80-BV.jpg,126,1262,729,53,430,50,2022-10-04T21:08:09Z
Tanks,Russia,https://upload.wikimedia.org/wikipedia/commons/thumb/a/a9/Flag_of_the_Soviet_Union.svg/23px-Flag_of_the_Soviet_Union.svg.png,T-80BV,destroyed,https://twitter.com/UAWeapons/status/1573728155927470081,126,1262,729,53,430,50,2022-10-04T21:08:09Z
Tanks,Russia,https://upload.wikimedia.org/wikipedia/commons/thumb/a/a9/Flag_of_the_Soviet_Union.svg/23px-Flag_of_the_Soviet_Union.svg.png,T-80BV,destroyed,https://i.postimg.cc/W38PKhmt/2022-09-23-T-80-BV-2.jpg,126,1262,729,53,430,50,2022-10-04T21:08:09Z
Tanks,Russia,https://upload.wikimedia.org/wikipedia/commons/thumb/a/a9/Flag_of_the_Soviet_Union.svg/23px-Flag_of_the_Soviet_Union.svg.png,T-80BV,destroyed,https://i.postimg.cc/MHLg2RnZ/2022-09-23-T-80-BV.jpg,126,1262,729,53,430,50,2022-10-04T21:08:09Z
Tanks,Russia,https://upload.wikimedia.org/wikipedia/commons/thumb/a/a9/Flag_of_the_Soviet_Union.svg/23px-Flag_of_the_Soviet_Union.svg.png,T-80BV,destroyed,https://twitter.com/UAWeapons/status/1574862729478807561,126,1262,729,53,430,50,2022-10-04T21:08:09Z
Tanks,Russia,https://upload.wikimedia.org/wikipedia/commons/thumb/a/a9/Flag_of_the_Soviet_Union.svg/23px-Flag_of_the_Soviet_Union.svg.png,T-80BV,destroyed,https://i.postimg.cc/W4Gxns5H/T-80-BV-Kamyanka.png,126,1262,729,53,430,50,2022-10-04T21:08:09Z
Tanks,Russia,https://upload.wikimedia.org/wikipedia/commons/thumb/a/a9/Flag_of_the_Soviet_Union.svg/23px-Flag_of_the_Soviet_Union.svg.png,T-80BV,destroyed,https://i.postimg.cc/9QYzgmdq/T-80-BV-number-2-Izium.png,126,1262,729,53,430,50,2022-10-04T21:08:09Z
Tanks,Russia,https://upload.wikimedia.org/wikipedia/commons/thumb/a/a9/Flag_of_the_Soviet_Union.svg/23px-Flag_of_the_Soviet_Union.svg.png,T-80BV,destroyed,https://i.postimg.cc/GtSjVwcD/1003-Destroyed-T-80-BV.jpg,126,1262,729,53,430,50,2022-10-04T21:08:09Z
Tanks,Russia,https://upload.wikimedia.org/wikipedia/commons/thumb/a/a9/Flag_of_the_Soviet_Union.svg/23px-Flag_of_the_Soviet_Union.svg.png,T-80BV,destroyed,https://i.postimg.cc/tR199pHX/2022-10-02-T-80-BV-x2.jpg,126,1262,729,53,430,50,2022-10-04T21:08:09Z
Tanks,Russia,https://upload.wikimedia.org/wikipedia/commons/thumb/a/a9/Flag_of_the_Soviet_Union.svg/23px-Flag_of_the_Soviet_Union.svg.png,T-80BV,destroyed,https://i.postimg.cc/tR199pHX/2022-10-02-T-80-BV-x2.jpg,126,1262,729,53,430,50,2022-10-04T21:08:09Z
Tanks,Russia,https://upload.wikimedia.org/wikipedia/commons/thumb/a/a9/Flag_of_the_Soviet_Union.svg/23px-Flag_of_the_Soviet_Union.svg.png,T-80BV,damaged,https://i.postimg.cc/MpQzsjSp/1007-t80bv.jpg,126,1262,729,53,430,50,2022-10-04T21:08:09Z
Tanks,Russia,https://upload.wikimedia.org/wikipedia/commons/thumb/a/a9/Flag_of_the_Soviet_Union.svg/23px-Flag_of_the_Soviet_Union.svg.png,T-80BV,abandoned,https://i.postimg.cc/hv8ShJDX/97.png,126,1262,729,53,430,50,2022-10-04T21:08:09Z
Tanks,Russia,https://upload.wikimedia.org/wikipedia/commons/thumb/a/a9/Flag_of_the_Soviet_Union.svg/23px-Flag_of_the_Soviet_Union.svg.png,T-80BV,abandoned,https://i.postimg.cc/hv8ShJDX/97.png,126,1262,729,53,430,50,2022-10-04T21:08:09Z
Tanks,Russia,https://upload.wikimedia.org/wikipedia/commons/thumb/a/a9/Flag_of_the_Soviet_Union.svg/23px-Flag_of_the_Soviet_Union.svg.png,T-80BV,damaged,https://twitter.com/UAWeapons/status/1541017371116281856,126,1262,729,53,430,50,2022-10-04T21:08:09Z
Tanks,Russia,https://upload.wikimedia.org/wikipedia/commons/thumb/a/a9/Flag_of_the_Soviet_Union.svg/23px-Flag_of_the_Soviet_Union.svg.png,T-80BV,abandoned,https://i.postimg.cc/X7GD7K2Y/h66.jpg,126,1262,729,53,430,50,2022-10-04T21:08:09Z
Tanks,Russia,https://upload.wikimedia.org/wikipedia/commons/thumb/a/a9/Flag_of_the_Soviet_Union.svg/23px-Flag_of_the_Soviet_Union.svg.png,T-80BV,damaged,https://twitter.com/UAWeapons/status/1572198403517419523,126,1262,729,53,430,50,2022-10-04T21:08:09Z
Tanks,Russia,https://upload.wikimedia.org/wikipedia/commons/thumb/a/a9/Flag_of_the_Soviet_Union.svg/23px-Flag_of_the_Soviet_Union.svg.png,T-80BV,captured,https://i.postimg.cc/4yWGbC6D/578.png,126,1262,729,53,430,50,2022-10-04T21:08:09Z
Tanks,Russia,https://upload.wikimedia.org/wikipedia/commons/thumb/a/a9/Flag_of_the_Soviet_Union.svg/23px-Flag_of_the_Soviet_Union.svg.png,T-80BV,captured,https://i.postimg.cc/ydxcLGC0/68.png,126,1262,729,53,430,50,2022-10-04T21:08:09Z
Tanks,Russia,https://upload.wikimedia.org/wikipedia/commons/thumb/a/a9/Flag_of_the_Soviet_Union.svg/23px-Flag_of_the_Soviet_Union.svg.png,T-80BV,captured,https://i.postimg.cc/1zNj1Pjv/44355.png,126,1262,729,53,430,50,2022-10-04T21:08:09Z
Tanks,Russia,https://upload.wikimedia.org/wikipedia/commons/thumb/a/a9/Flag_of_the_Soviet_Union.svg/23px-Flag_of_the_Soviet_Union.svg.png,T-80BV,captured,https://i.postimg.cc/1zNj1Pjv/44355.png,126,1262,729,53,430,50,2022-10-04T21:08:09Z
Tanks,Russia,https://upload.wikimedia.org/wikipedia/commons/thumb/a/a9/Flag_of_the_Soviet_Union.svg/23px-Flag_of_the_Soviet_Union.svg.png,T-80BV,captured,https://i.postimg.cc/bwdPNHP3/579.png,126,1262,729,53,430,50,2022-10-04T21:08:09Z
Tanks,Russia,https://upload.wikimedia.org/wikipedia/commons/thumb/a/a9/Flag_of_the_Soviet_Union.svg/23px-Flag_of_the_Soviet_Union.svg.png,T-80BV,captured,https://i.postimg.cc/dV7Y2m59/36.png,126,1262,729,53,430,50,2022-10-04T21:08:09Z
Tanks,Russia,https://upload.wikimedia.org/wikipedia/commons/thumb/a/a9/Flag_of_the_Soviet_Union.svg/23px-Flag_of_the_Soviet_Union.svg.png,T-80BV,captured,https://i.postimg.cc/vZft2pYF/1010.jpg,126,1262,729,53,430,50,2022-10-04T21:08:09Z
Tanks,Russia,https://upload.wikimedia.org/wikipedia/commons/thumb/a/a9/Flag_of_the_Soviet_Union.svg/23px-Flag_of_the_Soviet_Union.svg.png,T-80BV,captured,https://i.postimg.cc/25SzW9Xv/6h.jpg,126,1262,729,53,430,50,2022-10-04T21:08:09Z
Tanks,Russia,https://upload.wikimedia.org/wikipedia/commons/thumb/a/a9/Flag_of_the_Soviet_Union.svg/23px-Flag_of_the_Soviet_Union.svg.png,T-80BV,captured,https://i.postimg.cc/28NZTGvw/4449.png,126,1262,729,53,430,50,2022-10-04T21:08:09Z
Tanks,Russia,https://upload.wikimedia.org/wikipedia/commons/thumb/a/a9/Flag_of_the_Soviet_Union.svg/23px-Flag_of_the_Soviet_Union.svg.png,T-80BV,captured,https://i.postimg.cc/CxXtTwB7/g5.jpg,126,1262,729,53,430,50,2022-10-04T21:08:09Z
Tanks,Russia,https://upload.wikimedia.org/wikipedia/commons/thumb/a/a9/Flag_of_the_Soviet_Union.svg/23px-Flag_of_the_Soviet_Union.svg.png,T-80BV,captured,https://i.postimg.cc/m25sg2hc/37.jpg,126,1262,729,53,430,50,2022-10-04T21:08:09Z
Tanks,Russia,https://upload.wikimedia.org/wikipedia/commons/thumb/a/a9/Flag_of_the_Soviet_Union.svg/23px-Flag_of_the_Soviet_Union.svg.png,T-80BV,captured,https://i.postimg.cc/J7B4DXFq/665.jpg,126,1262,729,53,430,50,2022-10-04T21:08:09Z
Tanks,Russia,https://upload.wikimedia.org/wikipedia/commons/thumb/a/a9/Flag_of_the_Soviet_Union.svg/23px-Flag_of_the_Soviet_Union.svg.png,T-80BV,captured,https://i.postimg.cc/pL0kDz9x/f4.jpg,126,1262,729,53,430,50,2022-10-04T21:08:09Z
Tanks,Russia,https://upload.wikimedia.org/wikipedia/commons/thumb/a/a9/Flag_of_the_Soviet_Union.svg/23px-Flag_of_the_Soviet_Union.svg.png,T-80BV,captured,https://twitter.com/UAWeapons/status/1554949166467776512,126,1262,729,53,430,50,2022-10-04T21:08:09Z
Tanks,Russia,https://upload.wikimedia.org/wikipedia/commons/thumb/a/a9/Flag_of_the_Soviet_Union.svg/23px-Flag_of_the_Soviet_Union.svg.png,T-80BV,captured,https://i.postimg.cc/TPp0Q1mb/f5.jpg,126,1262,729,53,430,50,2022-10-04T21:08:09Z
Tanks,Russia,https://upload.wikimedia.org/wikipedia/commons/thumb/a/a9/Flag_of_the_Soviet_Union.svg/23px-Flag_of_the_Soviet_Union.svg.png,T-80BV,captured,https://i.postimg.cc/63bVWQwX/470.png,126,1262,729,53,430,50,2022-10-04T21:08:09Z
Tanks,Russia,https://upload.wikimedia.org/wikipedia/commons/thumb/a/a9/Flag_of_the_Soviet_Union.svg/23px-Flag_of_the_Soviet_Union.svg.png,T-80BV,captured,https://twitter.com/UAWeapons/status/1561729247223418880,126,1262,729,53,430,50,2022-10-04T21:08:09Z
Tanks,Russia,https://upload.wikimedia.org/wikipedia/commons/thumb/a/a9/Flag_of_the_Soviet_Union.svg/23px-Flag_of_the_Soviet_Union.svg.png,T-80BV,captured,https://twitter.com/Danspiun/status/1563497026880282635,126,1262,729,53,430,50,2022-10-04T21:08:09Z
Tanks,Russia,https://upload.wikimedia.org/wikipedia/commons/thumb/a/a9/Flag_of_the_Soviet_Union.svg/23px-Flag_of_the_Soviet_Union.svg.png,T-80BV,captured,https://twitter.com/UAWeapons/status/1563968461998641154,126,1262,729,53,430,50,2022-10-04T21:08:09Z
Tanks,Russia,https://upload.wikimedia.org/wikipedia/commons/thumb/a/a9/Flag_of_the_Soviet_Union.svg/23px-Flag_of_the_Soviet_Union.svg.png,T-80BV,damaged,https://twitter.com/UAWeapons/status/1564716856950366208,126,1262,729,53,430,50,2022-10-04T21:08:09Z
Tanks,Russia,https://upload.wikimedia.org/wikipedia/commons/thumb/a/a9/Flag_of_the_Soviet_Union.svg/23px-Flag_of_the_Soviet_Union.svg.png,T-80BV,captured,https://twitter.com/Blue_Sauron/status/1568895598777991169,126,1262,729,53,430,50,2022-10-04T21:08:09Z
Tanks,Russia,https://upload.wikimedia.org/wikipedia/commons/thumb/a/a9/Flag_of_the_Soviet_Union.svg/23px-Flag_of_the_Soviet_Union.svg.png,T-80BV,captured,https://twitter.com/Blue_Sauron/status/1568895598777991169,126,1262,729,53,430,50,2022-10-04T21:08:09Z
Tanks,Russia,https://upload.wikimedia.org/wikipedia/commons/thumb/a/a9/Flag_of_the_Soviet_Union.svg/23px-Flag_of_the_Soviet_Union.svg.png,T-80BV,captured,https://twitter.com/Blue_Sauron/status/1568895598777991169,126,1262,729,53,430,50,2022-10-04T21:08:09Z
Tanks,Russia,https://upload.wikimedia.org/wikipedia/commons/thumb/a/a9/Flag_of_the_Soviet_Union.svg/23px-Flag_of_the_Soviet_Union.svg.png,T-80BV,captured,https://twitter.com/Blue_Sauron/status/1568895598777991169,126,1262,729,53,430,50,2022-10-04T21:08:09Z
Tanks,Russia,https://upload.wikimedia.org/wikipedia/commons/thumb/a/a9/Flag_of_the_Soviet_Union.svg/23px-Flag_of_the_Soviet_Union.svg.png,T-80BV,captured,https://twitter.com/Blue_Sauron/status/1568895598777991169,126,1262,729,53,430,50,2022-10-04T21:08:09Z
Tanks,Russia,https://upload.wikimedia.org/wikipedia/commons/thumb/a/a9/Flag_of_the_Soviet_Union.svg/23px-Flag_of_the_Soviet_Union.svg.png,T-80BV,captured,https://twitter.com/Blue_Sauron/status/1568895598777991169,126,1262,729,53,430,50,2022-10-04T21:08:09Z
Tanks,Russia,https://upload.wikimedia.org/wikipedia/commons/thumb/a/a9/Flag_of_the_Soviet_Union.svg/23px-Flag_of_the_Soviet_Union.svg.png,T-80BV,captured,https://twitter.com/UAWeapons/status/1569426437119123458,126,1262,729,53,430,50,2022-10-04T21:08:09Z
Tanks,Russia,https://upload.wikimedia.org/wikipedia/commons/thumb/a/a9/Flag_of_the_Soviet_Union.svg/23px-Flag_of_the_Soviet_Union.svg.png,T-80BV,captured,https://twitter.com/UAWeapons/status/1569739016995569664,126,1262,729,53,430,50,2022-10-04T21:08:09Z
Tanks,Russia,https://upload.wikimedia.org/wikipedia/commons/thumb/a/a9/Flag_of_the_Soviet_Union.svg/23px-Flag_of_the_Soviet_Union.svg.png,T-80BV,captured,https://twitter.com/UAWeapons/status/1569736199413309442,126,1262,729,53,430,50,2022-10-04T21:08:09Z
Tanks,Russia,https://upload.wikimedia.org/wikipedia/commons/thumb/a/a9/Flag_of_the_Soviet_Union.svg/23px-Flag_of_the_Soviet_Union.svg.png,T-80BV,captured,https://twitter.com/UAWeapons/status/1569736199413309442,126,1262,729,53,430,50,2022-10-04T21:08:09Z
Tanks,Russia,https://upload.wikimedia.org/wikipedia/commons/thumb/a/a9/Flag_of_the_Soviet_Union.svg/23px-Flag_of_the_Soviet_Union.svg.png,T-80BV,captured,https://twitter.com/UAWeapons/status/1569711880675139585,126,1262,729,53,430,50,2022-10-04T21:08:09Z
Tanks,Russia,https://upload.wikimedia.org/wikipedia/commons/thumb/a/a9/Flag_of_the_Soviet_Union.svg/23px-Flag_of_the_Soviet_Union.svg.png,T-80BV,captured,https://twitter.com/UAWeapons/status/1569711880675139585,126,1262,729,53,430,50,2022-10-04T21:08:09Z
Tanks,Russia,https://upload.wikimedia.org/wikipedia/commons/thumb/a/a9/Flag_of_the_Soviet_Union.svg/23px-Flag_of_the_Soviet_Union.svg.png,T-80BV,captured,https://twitter.com/UAWeapons/status/1569640170562912259,126,1262,729,53,430,50,2022-10-04T21:08:09Z
Tanks,Russia,https://upload.wikimedia.org/wikipedia/commons/thumb/a/a9/Flag_of_the_Soviet_Union.svg/23px-Flag_of_the_Soviet_Union.svg.png,T-80BV,captured,https://twitter.com/UAWeapons/status/1569639365655072770,126,1262,729,53,430,50,2022-10-04T21:08:09Z
Tanks,Russia,https://upload.wikimedia.org/wikipedia/commons/thumb/a/a9/Flag_of_the_Soviet_Union.svg/23px-Flag_of_the_Soviet_Union.svg.png,T-80BV,damaged,https://twitter.com/UAWeapons/status/1570138425843408896,126,1262,729,53,430,50,2022-10-04T21:08:09Z
Tanks,Russia,https://upload.wikimedia.org/wikipedia/commons/thumb/a/a9/Flag_of_the_Soviet_Union.svg/23px-Flag_of_the_Soviet_Union.svg.png,T-80BV,captured,https://twitter.com/UAWeapons/status/1570506077929877504,126,1262,729,53,430,50,2022-10-04T21:08:09Z
Tanks,Russia,https://upload.wikimedia.org/wikipedia/commons/thumb/a/a9/Flag_of_the_Soviet_Union.svg/23px-Flag_of_the_Soviet_Union.svg.png,T-80BV,captured,https://twitter.com/UAWeapons/status/1562876165164900352,126,1262,729,53,430,50,2022-10-04T21:08:09Z
Tanks,Russia,https://upload.wikimedia.org/wikipedia/commons/thumb/a/a9/Flag_of_the_Soviet_Union.svg/23px-Flag_of_the_Soviet_Union.svg.png,T-80BV,captured,https://twitter.com/UAWeapons/status/1570808949737394178,126,1262,729,53,430,50,2022-10-04T21:08:09Z
Tanks,Russia,https://upload.wikimedia.org/wikipedia/commons/thumb/a/a9/Flag_of_the_Soviet_Union.svg/23px-Flag_of_the_Soviet_Union.svg.png,T-80BV,captured,https://i.postimg.cc/3NfS2jCB/1009-t80bv.jpg,126,1262,729,53,430,50,2022-10-04T21:08:09Z
Tanks,Russia,https://upload.wikimedia.org/wikipedia/commons/thumb/a/a9/Flag_of_the_Soviet_Union.svg/23px-Flag_of_the_Soviet_Union.svg.png,T-80BV,captured,https://twitter.com/UAWeapons/status/1572154236183486467,126,1262,729,53,430,50,2022-10-04T21:08:09Z
Tanks,Russia,https://upload.wikimedia.org/wikipedia/commons/thumb/a/a9/Flag_of_the_Soviet_Union.svg/23px-Flag_of_the_Soviet_Union.svg.png,T-80BV,captured,https://i.postimg.cc/pV3r5Xzf/2022-09-18-T80-BV.jpg,126,1262,729,53,430,50,2022-10-04T21:08:09Z
Tanks,Russia,https://upload.wikimedia.org/wikipedia/commons/thumb/a/a9/Flag_of_the_Soviet_Union.svg/23px-Flag_of_the_Soviet_Union.svg.png,T-80BV,captured,https://i.postimg.cc/0QCWJrKJ/1009-t80bv.jpg,126,1262,729,53,430,50,2022-10-04T21:08:09Z
Tanks,Russia,https://upload.wikimedia.org/wikipedia/commons/thumb/a/a9/Flag_of_the_Soviet_Union.svg/23px-Flag_of_the_Soviet_Union.svg.png,T-80BV,captured,https://i.postimg.cc/0QCWJrKJ/1009-t80bv.jpg,126,1262,729,53,430,50,2022-10-04T21:08:09Z
Tanks,Russia,https://upload.wikimedia.org/wikipedia/commons/thumb/a/a9/Flag_of_the_Soviet_Union.svg/23px-Flag_of_the_Soviet_Union.svg.png,T-80BV,captured,https://i.postimg.cc/7LddjXTx/1014-t80bv.jpg,126,1262,729,53,430,50,2022-10-04T21:08:09Z
Tanks,Russia,https://upload.wikimedia.org/wikipedia/commons/thumb/a/a9/Flag_of_the_Soviet_Union.svg/23px-Flag_of_the_Soviet_Union.svg.png,T-80BV,captured,https://i.postimg.cc/Qx5nD5X3/1002-t80bv.jpg,126,1262,729,53,430,50,2022-10-04T21:08:09Z
Tanks,Russia,https://upload.wikimedia.org/wikipedia/commons/thumb/a/a9/Flag_of_the_Soviet_Union.svg/23px-Flag_of_the_Soviet_Union.svg.png,T-80BV,captured,https://twitter.com/Danspiun/status/1566477992401977344,126,1262,729,53,430,50,2022-10-04T21:08:09Z
Tanks,Russia,https://upload.wikimedia.org/wikipedia/commons/thumb/a/a9/Flag_of_the_Soviet_Union.svg/23px-Flag_of_the_Soviet_Union.svg.png,T-80BV,captured,https://i.postimg.cc/fR8yKN6V/1013-t80bv.jpg,126,1262,729,53,430,50,2022-10-04T21:08:09Z
Tanks,Russia,https://upload.wikimedia.org/wikipedia/commons/thumb/a/a9/Flag_of_the_Soviet_Union.svg/23px-Flag_of_the_Soviet_Union.svg.png,T-80BV,captured,https://twitter.com/UAWeapons/status/1575477537861292035,126,1262,729,53,430,50,2022-10-04T21:08:09Z
Tanks,Russia,https://upload.wikimedia.org/wikipedia/commons/thumb/a/a9/Flag_of_the_Soviet_Union.svg/23px-Flag_of_the_Soviet_Union.svg.png,T-80BV,captured,https://twitter.com/UAWeapons/status/1575477537861292035,126,1262,729,53,430,50,2022-10-04T21:08:09Z
Tanks,Russia,https://upload.wikimedia.org/wikipedia/commons/thumb/a/a9/Flag_of_the_Soviet_Union.svg/23px-Flag_of_the_Soviet_Union.svg.png,T-80BV,captured,https://i.postimg.cc/4NYp8LZK/2022-09-27-T-80-BV.jpg,126,1262,729,53,430,50,2022-10-04T21:08:09Z
Tanks,Russia,https://upload.wikimedia.org/wikipedia/commons/thumb/a/a9/Flag_of_the_Soviet_Union.svg/23px-Flag_of_the_Soviet_Union.svg.png,T-80BV,captured,https://twitter.com/UAWeapons/status/1576199767675138048,126,1262,729,53,430,50,2022-10-04T21:08:09Z
Tanks,Russia,https://upload.wikimedia.org/wikipedia/commons/thumb/a/a9/Flag_of_the_Soviet_Union.svg/23px-Flag_of_the_Soviet_Union.svg.png,T-80BV,captured,https://twitter.com/UAWeapons/status/1576607791170564098,126,1262,729,53,430,50,2022-10-04T21:08:09Z
Tanks,Russia,https://upload.wikimedia.org/wikipedia/commons/thumb/a/a9/Flag_of_the_Soviet_Union.svg/23px-Flag_of_the_Soviet_Union.svg.png,T-80BV,captured,https://twitter.com/UAWeapons/status/1576871029003022336,126,1262,729,53,430,50,2022-10-04T21:08:09Z
Tanks,Russia,https://upload.wikimedia.org/wikipedia/commons/thumb/a/a9/Flag_of_the_Soviet_Union.svg/23px-Flag_of_the_Soviet_Union.svg.png,T-80BV,captured,https://i.postimg.cc/rmY9sYr6/1001-t80bv-capt.jpg,126,1262,729,53,430,50,2022-10-04T21:08:09Z
Tanks,Russia,https://upload.wikimedia.org/wikipedia/commons/thumb/a/a9/Flag_of_the_Soviet_Union.svg/23px-Flag_of_the_Soviet_Union.svg.png,T-80BV,captured,https://i.postimg.cc/Y0XcMDTL/1008-t80bv-capt.jpg,126,1262,729,53,430,50,2022-10-04T21:08:09Z
Tanks,Russia,https://upload.wikimedia.org/wikipedia/commons/thumb/a/a9/Flag_of_the_Soviet_Union.svg/23px-Flag_of_the_Soviet_Union.svg.png,T-80BVK,captured,https://postimg.cc/SjXrcw7T,1,1262,729,53,430,50,2022-10-04T21:08:09Z
Tanks,Russia,https://upload.wikimedia.org/wikipedia/en/thumb/f/f3/Flag_of_Russia.svg/23px-Flag_of_Russia.svg.png,T-80U,destroyed,https://i.postimg.cc/NM9ys7Kt/c8.png,84,1262,729,53,430,50,2022-10-04T21:08:09Z
Tanks,Russia,https://upload.wikimedia.org/wikipedia/en/thumb/f/f3/Flag_of_Russia.svg/23px-Flag_of_Russia.svg.png,T-80U,destroyed,https://i.postimg.cc/0yppcmwj/1005.jpg,84,1262,729,53,430,50,2022-10-04T21:08:09Z
Tanks,Russia,https://upload.wikimedia.org/wikipedia/en/thumb/f/f3/Flag_of_Russia.svg/23px-Flag_of_Russia.svg.png,T-80U,destroyed,https://i.postimg.cc/F1tnjNHH/f431.png,84,1262,729,53,430,50,2022-10-04T21:08:09Z
Tanks,Russia,https://upload.wikimedia.org/wikipedia/en/thumb/f/f3/Flag_of_Russia.svg/23px-Flag_of_Russia.svg.png,T-80U,destroyed,https://i.postimg.cc/tRFL7Tj8/h7.jpg,84,1262,729,53,430,50,2022-10-04T21:08:09Z
Tanks,Russia,https://upload.wikimedia.org/wikipedia/en/thumb/f/f3/Flag_of_Russia.svg/23px-Flag_of_Russia.svg.png,T-80U,destroyed,https://i.postimg.cc/2Src3YPH/b67.png,84,1262,729,53,430,50,2022-10-04T21:08:09Z
Tanks,Russia,https://upload.wikimedia.org/wikipedia/en/thumb/f/f3/Flag_of_Russia.svg/23px-Flag_of_Russia.svg.png,T-80U,destroyed,https://i.postimg.cc/qRcxhvhj/7u5.jpg,84,1262,729,53,430,50,2022-10-04T21:08:09Z
Tanks,Russia,https://upload.wikimedia.org/wikipedia/en/thumb/f/f3/Flag_of_Russia.svg/23px-Flag_of_Russia.svg.png,T-80U,destroyed,https://i.postimg.cc/6Qx9fWM3/u1.jpg,84,1262,729,53,430,50,2022-10-04T21:08:09Z
Tanks,Russia,https://upload.wikimedia.org/wikipedia/en/thumb/f/f3/Flag_of_Russia.svg/23px-Flag_of_Russia.svg.png,T-80U,destroyed,https://i.postimg.cc/W1GRjM7N/r1.png,84,1262,729,53,430,50,2022-10-04T21:08:09Z
Tanks,Russia,https://upload.wikimedia.org/wikipedia/en/thumb/f/f3/Flag_of_Russia.svg/23px-Flag_of_Russia.svg.png,T-80U,destroyed,https://i.postimg.cc/GtccWdNQ/d11.png,84,1262,729,53,430,50,2022-10-04T21:08:09Z
Tanks,Russia,https://upload.wikimedia.org/wikipedia/en/thumb/f/f3/Flag_of_Russia.svg/23px-Flag_of_Russia.svg.png,T-80U,destroyed,https://i.postimg.cc/GtccWdNQ/d11.png,84,1262,729,53,430,50,2022-10-04T21:08:09Z
Tanks,Russia,https://upload.wikimedia.org/wikipedia/en/thumb/f/f3/Flag_of_Russia.svg/23px-Flag_of_Russia.svg.png,T-80U,destroyed,https://i.postimg.cc/SxK50W3z/887.jpg,84,1262,729,53,430,50,2022-10-04T21:08:09Z
Tanks,Russia,https://upload.wikimedia.org/wikipedia/en/thumb/f/f3/Flag_of_Russia.svg/23px-Flag_of_Russia.svg.png,T-80U,destroyed,https://i.postimg.cc/RVRrnQvV/4322.jpg,84,1262,729,53,430,50,2022-10-04T21:08:09Z
Tanks,Russia,https://upload.wikimedia.org/wikipedia/en/thumb/f/f3/Flag_of_Russia.svg/23px-Flag_of_Russia.svg.png,T-80U,destroyed,https://i.postimg.cc/C5crKsZw/r1.jpg,84,1262,729,53,430,50,2022-10-04T21:08:09Z
Tanks,Russia,https://upload.wikimedia.org/wikipedia/en/thumb/f/f3/Flag_of_Russia.svg/23px-Flag_of_Russia.svg.png,T-80U,destroyed,https://i.postimg.cc/ZKY1hC9T/r2.jpg,84,1262,729,53,430,50,2022-10-04T21:08:09Z
Tanks,Russia,https://upload.wikimedia.org/wikipedia/en/thumb/f/f3/Flag_of_Russia.svg/23px-Flag_of_Russia.svg.png,T-80U,destroyed,https://i.postimg.cc/28Y9LSQg/4788.jpg,84,1262,729,53,430,50,2022-10-04T21:08:09Z
Tanks,Russia,https://upload.wikimedia.org/wikipedia/en/thumb/f/f3/Flag_of_Russia.svg/23px-Flag_of_Russia.svg.png,T-80U,destroyed,https://i.postimg.cc/Yq8R4fqm/5800.jpg,84,1262,729,53,430,50,2022-10-04T21:08:09Z
Tanks,Russia,https://upload.wikimedia.org/wikipedia/en/thumb/f/f3/Flag_of_Russia.svg/23px-Flag_of_Russia.svg.png,T-80U,destroyed,https://i.postimg.cc/pdQwzGBj/7763.png,84,1262,729,53,430,50,2022-10-04T21:08:09Z
Tanks,Russia,https://upload.wikimedia.org/wikipedia/en/thumb/f/f3/Flag_of_Russia.svg/23px-Flag_of_Russia.svg.png,T-80U,destroyed,https://i.postimg.cc/QxhMbJ3V/a1.png,84,1262,729,53,430,50,2022-10-04T21:08:09Z
Tanks,Russia,https://upload.wikimedia.org/wikipedia/en/thumb/f/f3/Flag_of_Russia.svg/23px-Flag_of_Russia.svg.png,T-80U,destroyed,https://i.postimg.cc/zvs4kSSz/g3-2yo-R5-jpg-large.jpg,84,1262,729,53,430,50,2022-10-04T21:08:09Z
Tanks,Russia,https://upload.wikimedia.org/wikipedia/en/thumb/f/f3/Flag_of_Russia.svg/23px-Flag_of_Russia.svg.png,T-80U,destroyed,https://i.postimg.cc/PfWyPFy0/465.jpg,84,1262,729,53,430,50,2022-10-04T21:08:09Z
Tanks,Russia,https://upload.wikimedia.org/wikipedia/en/thumb/f/f3/Flag_of_Russia.svg/23px-Flag_of_Russia.svg.png,T-80U,destroyed,https://i.postimg.cc/MGTLkhhC/655.jpg,84,1262,729,53,430,50,2022-10-04T21:08:09Z
Tanks,Russia,https://upload.wikimedia.org/wikipedia/en/thumb/f/f3/Flag_of_Russia.svg/23px-Flag_of_Russia.svg.png,T-80U,destroyed,https://i.postimg.cc/vTqM1th1/v1.png,84,1262,729,53,430,50,2022-10-04T21:08:09Z
Tanks,Russia,https://upload.wikimedia.org/wikipedia/en/thumb/f/f3/Flag_of_Russia.svg/23px-Flag_of_Russia.svg.png,T-80U,destroyed,https://i.postimg.cc/QCyhSf37/76.jpg,84,1262,729,53,430,50,2022-10-04T21:08:09Z
Tanks,Russia,https://upload.wikimedia.org/wikipedia/en/thumb/f/f3/Flag_of_Russia.svg/23px-Flag_of_Russia.svg.png,T-80U,destroyed,https://i.postimg.cc/XJp4BYQV/489.png,84,1262,729,53,430,50,2022-10-04T21:08:09Z
Tanks,Russia,https://upload.wikimedia.org/wikipedia/en/thumb/f/f3/Flag_of_Russia.svg/23px-Flag_of_Russia.svg.png,T-80U,destroyed,https://i.postimg.cc/1R0kpm9c/488.jpg,84,1262,729,53,430,50,2022-10-04T21:08:09Z
Tanks,Russia,https://upload.wikimedia.org/wikipedia/en/thumb/f/f3/Flag_of_Russia.svg/23px-Flag_of_Russia.svg.png,T-80U,destroyed,https://i.postimg.cc/43R4pVNp/5g.jpg,84,1262,729,53,430,50,2022-10-04T21:08:09Z
Tanks,Russia,https://upload.wikimedia.org/wikipedia/en/thumb/f/f3/Flag_of_Russia.svg/23px-Flag_of_Russia.svg.png,T-80U,destroyed,https://i.postimg.cc/DyPtqWL3/31.png,84,1262,729,53,430,50,2022-10-04T21:08:09Z
Tanks,Russia,https://upload.wikimedia.org/wikipedia/en/thumb/f/f3/Flag_of_Russia.svg/23px-Flag_of_Russia.svg.png,T-80U,destroyed,https://i.postimg.cc/d3GM8tWp/443.png,84,1262,729,53,430,50,2022-10-04T21:08:09Z
Tanks,Russia,https://upload.wikimedia.org/wikipedia/en/thumb/f/f3/Flag_of_Russia.svg/23px-Flag_of_Russia.svg.png,T-80U,destroyed,https://i.postimg.cc/QC9GXSks/477.png,84,1262,729,53,430,50,2022-10-04T21:08:09Z
Tanks,Russia,https://upload.wikimedia.org/wikipedia/en/thumb/f/f3/Flag_of_Russia.svg/23px-Flag_of_Russia.svg.png,T-80U,destroyed,https://i.postimg.cc/q7yrqVbh/1001.jpg,84,1262,729,53,430,50,2022-10-04T21:08:09Z
Tanks,Russia,https://upload.wikimedia.org/wikipedia/en/thumb/f/f3/Flag_of_Russia.svg/23px-Flag_of_Russia.svg.png,T-80U,destroyed,https://i.postimg.cc/mg4XyzzX/1004.jpg,84,1262,729,53,430,50,2022-10-04T21:08:09Z
Tanks,Russia,https://upload.wikimedia.org/wikipedia/en/thumb/f/f3/Flag_of_Russia.svg/23px-Flag_of_Russia.svg.png,T-80U,destroyed,https://i.postimg.cc/rpxkmFWx/1010-t80u.jpg,84,1262,729,53,430,50,2022-10-04T21:08:09Z
Tanks,Russia,https://upload.wikimedia.org/wikipedia/en/thumb/f/f3/Flag_of_Russia.svg/23px-Flag_of_Russia.svg.png,T-80U,destroyed,https://i.postimg.cc/JnZFQnwx/5477.png,84,1262,729,53,430,50,2022-10-04T21:08:09Z
Tanks,Russia,https://upload.wikimedia.org/wikipedia/en/thumb/f/f3/Flag_of_Russia.svg/23px-Flag_of_Russia.svg.png,T-80U,destroyed,https://i.postimg.cc/5ys6P3S7/652.png,84,1262,729,53,430,50,2022-10-04T21:08:09Z
Tanks,Russia,https://upload.wikimedia.org/wikipedia/en/thumb/f/f3/Flag_of_Russia.svg/23px-Flag_of_Russia.svg.png,T-80U,destroyed,https://twitter.com/UAWeapons/status/1570485188786024450,84,1262,729,53,430,50,2022-10-04T21:08:09Z
Tanks,Russia,https://upload.wikimedia.org/wikipedia/en/thumb/f/f3/Flag_of_Russia.svg/23px-Flag_of_Russia.svg.png,T-80U,destroyed,https://twitter.com/naalsio26/status/1572321696488603648,84,1262,729,53,430,50,2022-10-04T21:08:09Z
Tanks,Russia,https://upload.wikimedia.org/wikipedia/en/thumb/f/f3/Flag_of_Russia.svg/23px-Flag_of_Russia.svg.png,T-80U,damaged,https://i.postimg.cc/6QgyG7dv/1000-t80u.jpg,84,1262,729,53,430,50,2022-10-04T21:08:09Z
Tanks,Russia,https://upload.wikimedia.org/wikipedia/en/thumb/f/f3/Flag_of_Russia.svg/23px-Flag_of_Russia.svg.png,T-80U,abandoned,https://i.postimg.cc/yYRCdvZV/1500-t80u.jpg,84,1262,729,53,430,50,2022-10-04T21:08:09Z
Tanks,Russia,https://upload.wikimedia.org/wikipedia/en/thumb/f/f3/Flag_of_Russia.svg/23px-Flag_of_Russia.svg.png,T-80U,abandoned,https://i.postimg.cc/Bb1f2rCj/b8.jpg,84,1262,729,53,430,50,2022-10-04T21:08:09Z
Tanks,Russia,https://upload.wikimedia.org/wikipedia/en/thumb/f/f3/Flag_of_Russia.svg/23px-Flag_of_Russia.svg.png,T-80U,abandoned,https://i.postimg.cc/6pZrMGJj/5554.png,84,1262,729,53,430,50,2022-10-04T21:08:09Z
Tanks,Russia,https://upload.wikimedia.org/wikipedia/en/thumb/f/f3/Flag_of_Russia.svg/23px-Flag_of_Russia.svg.png,T-80U,abandoned,https://i.postimg.cc/fT1zwVth/l2.png,84,1262,729,53,430,50,2022-10-04T21:08:09Z
Tanks,Russia,https://upload.wikimedia.org/wikipedia/en/thumb/f/f3/Flag_of_Russia.svg/23px-Flag_of_Russia.svg.png,T-80U,abandoned,https://i.postimg.cc/mg84T7cL/4g.jpg,84,1262,729,53,430,50,2022-10-04T21:08:09Z
Tanks,Russia,https://upload.wikimedia.org/wikipedia/en/thumb/f/f3/Flag_of_Russia.svg/23px-Flag_of_Russia.svg.png,T-80U,abandoned,https://i.postimg.cc/mg84T7cL/4g.jpg,84,1262,729,53,430,50,2022-10-04T21:08:09Z
Tanks,Russia,https://upload.wikimedia.org/wikipedia/en/thumb/f/f3/Flag_of_Russia.svg/23px-Flag_of_Russia.svg.png,T-80U,abandoned,https://i.postimg.cc/rF2MjVXk/5g3.jpg,84,1262,729,53,430,50,2022-10-04T21:08:09Z
Tanks,Russia,https://upload.wikimedia.org/wikipedia/en/thumb/f/f3/Flag_of_Russia.svg/23px-Flag_of_Russia.svg.png,T-80U,abandoned,https://i.postimg.cc/vBWYKzb7/47.png,84,1262,729,53,430,50,2022-10-04T21:08:09Z
Tanks,Russia,https://upload.wikimedia.org/wikipedia/en/thumb/f/f3/Flag_of_Russia.svg/23px-Flag_of_Russia.svg.png,T-80U,abandoned,https://i.postimg.cc/sf47Cvsh/76.jpg,84,1262,729,53,430,50,2022-10-04T21:08:09Z
Tanks,Russia,https://upload.wikimedia.org/wikipedia/en/thumb/f/f3/Flag_of_Russia.svg/23px-Flag_of_Russia.svg.png,T-80U,abandoned,https://i.postimg.cc/MGTLkhhC/655.jpg,84,1262,729,53,430,50,2022-10-04T21:08:09Z
Tanks,Russia,https://upload.wikimedia.org/wikipedia/en/thumb/f/f3/Flag_of_Russia.svg/23px-Flag_of_Russia.svg.png,T-80U,damaged,https://i.postimg.cc/Pf2gzrfP/f5.png,84,1262,729,53,430,50,2022-10-04T21:08:09Z
Tanks,Russia,https://upload.wikimedia.org/wikipedia/en/thumb/f/f3/Flag_of_Russia.svg/23px-Flag_of_Russia.svg.png,T-80U,damaged,https://i.postimg.cc/vZ0cT4bY/47j.png,84,1262,729,53,430,50,2022-10-04T21:08:09Z
Tanks,Russia,https://upload.wikimedia.org/wikipedia/en/thumb/f/f3/Flag_of_Russia.svg/23px-Flag_of_Russia.svg.png,T-80U,destroyed,https://i.postimg.cc/qRzMckW1/5472.png,84,1262,729,53,430,50,2022-10-04T21:08:09Z
Tanks,Russia,https://upload.wikimedia.org/wikipedia/en/thumb/f/f3/Flag_of_Russia.svg/23px-Flag_of_Russia.svg.png,T-80U,captured,https://i.postimg.cc/XY9XK8Qj/f25.png,84,1262,729,53,430,50,2022-10-04T21:08:09Z
Tanks,Russia,https://upload.wikimedia.org/wikipedia/en/thumb/f/f3/Flag_of_Russia.svg/23px-Flag_of_Russia.svg.png,T-80U,captured,https://i.postimg.cc/GtdbBMjV/4f7.png,84,1262,729,53,430,50,2022-10-04T21:08:09Z
Tanks,Russia,https://upload.wikimedia.org/wikipedia/en/thumb/f/f3/Flag_of_Russia.svg/23px-Flag_of_Russia.svg.png,T-80U,captured,https://i.postimg.cc/GmVvVvpf/8k.png,84,1262,729,53,430,50,2022-10-04T21:08:09Z
Tanks,Russia,https://upload.wikimedia.org/wikipedia/en/thumb/f/f3/Flag_of_Russia.svg/23px-Flag_of_Russia.svg.png,T-80U,captured,https://i.postimg.cc/7PWhmmcg/u8.jpg,84,1262,729,53,430,50,2022-10-04T21:08:09Z
Tanks,Russia,https://upload.wikimedia.org/wikipedia/en/thumb/f/f3/Flag_of_Russia.svg/23px-Flag_of_Russia.svg.png,T-80U,captured,https://twitter.com/UAWeapons/status/1573968779972907008,84,1262,729,53,430,50,2022-10-04T21:08:09Z
Tanks,Russia,https://upload.wikimedia.org/wikipedia/en/thumb/f/f3/Flag_of_Russia.svg/23px-Flag_of_Russia.svg.png,T-80U,captured,https://i.postimg.cc/HxYDSTTS/542.png,84,1262,729,53,430,50,2022-10-04T21:08:09Z
Tanks,Russia,https://upload.wikimedia.org/wikipedia/en/thumb/f/f3/Flag_of_Russia.svg/23px-Flag_of_Russia.svg.png,T-80U,captured,https://i.postimg.cc/pLq1qg8p/1002.jpg,84,1262,729,53,430,50,2022-10-04T21:08:09Z
Tanks,Russia,https://upload.wikimedia.org/wikipedia/en/thumb/f/f3/Flag_of_Russia.svg/23px-Flag_of_Russia.svg.png,T-80U,captured,https://i.postimg.cc/JnK0gXrB/763.png,84,1262,729,53,430,50,2022-10-04T21:08:09Z
Tanks,Russia,https://upload.wikimedia.org/wikipedia/en/thumb/f/f3/Flag_of_Russia.svg/23px-Flag_of_Russia.svg.png,T-80U,captured,https://i.postimg.cc/nrBdhrmk/3da.png,84,1262,729,53,430,50,2022-10-04T21:08:09Z
Tanks,Russia,https://upload.wikimedia.org/wikipedia/en/thumb/f/f3/Flag_of_Russia.svg/23px-Flag_of_Russia.svg.png,T-80U,captured,https://i.postimg.cc/SxpBCFNR/4433.png,84,1262,729,53,430,50,2022-10-04T21:08:09Z
Tanks,Russia,https://upload.wikimedia.org/wikipedia/en/thumb/f/f3/Flag_of_Russia.svg/23px-Flag_of_Russia.svg.png,T-80U,captured,https://i.postimg.cc/SxpBCFNR/4433.png,84,1262,729,53,430,50,2022-10-04T21:08:09Z
Tanks,Russia,https://upload.wikimedia.org/wikipedia/en/thumb/f/f3/Flag_of_Russia.svg/23px-Flag_of_Russia.svg.png,T-80U,captured,https://i.postimg.cc/nrLk93TH/d2c.png,84,1262,729,53,430,50,2022-10-04T21:08:09Z
Tanks,Russia,https://upload.wikimedia.org/wikipedia/en/thumb/f/f3/Flag_of_Russia.svg/23px-Flag_of_Russia.svg.png,T-80U,destroyed,https://i.postimg.cc/W1bDL7xH/787.png,84,1262,729,53,430,50,2022-10-04T21:08:09Z
Tanks,Russia,https://upload.wikimedia.org/wikipedia/en/thumb/f/f3/Flag_of_Russia.svg/23px-Flag_of_Russia.svg.png,T-80U,captured,https://i.postimg.cc/sXz38mY9/32d.png,84,1262,729,53,430,50,2022-10-04T21:08:09Z
Tanks,Russia,https://upload.wikimedia.org/wikipedia/en/thumb/f/f3/Flag_of_Russia.svg/23px-Flag_of_Russia.svg.png,T-80U,captured,https://i.postimg.cc/sXz38mY9/32d.png,84,1262,729,53,430,50,2022-10-04T21:08:09Z
Tanks,Russia,https://upload.wikimedia.org/wikipedia/en/thumb/f/f3/Flag_of_Russia.svg/23px-Flag_of_Russia.svg.png,T-80U,captured,https://i.postimg.cc/YCx7XJ5N/4r.png,84,1262,729,53,430,50,2022-10-04T21:08:09Z
Tanks,Russia,https://upload.wikimedia.org/wikipedia/en/thumb/f/f3/Flag_of_Russia.svg/23px-Flag_of_Russia.svg.png,T-80U,captured,https://i.postimg.cc/YCx7XJ5N/4r.png,84,1262,729,53,430,50,2022-10-04T21:08:09Z
Tanks,Russia,https://upload.wikimedia.org/wikipedia/en/thumb/f/f3/Flag_of_Russia.svg/23px-Flag_of_Russia.svg.png,T-80U,captured,https://i.postimg.cc/nc7CpXxk/4y8.png,84,1262,729,53,430,50,2022-10-04T21:08:09Z
Tanks,Russia,https://upload.wikimedia.org/wikipedia/en/thumb/f/f3/Flag_of_Russia.svg/23px-Flag_of_Russia.svg.png,T-80U,captured,https://i.postimg.cc/9f2LgLrM/43f.jpg,84,1262,729,53,430,50,2022-10-04T21:08:09Z
Tanks,Russia,https://upload.wikimedia.org/wikipedia/en/thumb/f/f3/Flag_of_Russia.svg/23px-Flag_of_Russia.svg.png,T-80U,captured,https://i.postimg.cc/Gpp0CYB5/c1.jpg,84,1262,729,53,430,50,2022-10-04T21:08:09Z
Tanks,Russia,https://upload.wikimedia.org/wikipedia/en/thumb/f/f3/Flag_of_Russia.svg/23px-Flag_of_Russia.svg.png,T-80U,captured,https://i.postimg.cc/FHWbsTzf/87j.jpg,84,1262,729,53,430,50,2022-10-04T21:08:09Z
Tanks,Russia,https://upload.wikimedia.org/wikipedia/en/thumb/f/f3/Flag_of_Russia.svg/23px-Flag_of_Russia.svg.png,T-80U,captured,https://i.postimg.cc/7LFzTNhH/5466.png,84,1262,729,53,430,50,2022-10-04T21:08:09Z
Tanks,Russia,https://upload.wikimedia.org/wikipedia/en/thumb/f/f3/Flag_of_Russia.svg/23px-Flag_of_Russia.svg.png,T-80U,damaged,https://twitter.com/UAWeapons/status/1571501699348430849,84,1262,729,53,430,50,2022-10-04T21:08:09Z
Tanks,Russia,https://upload.wikimedia.org/wikipedia/en/thumb/f/f3/Flag_of_Russia.svg/23px-Flag_of_Russia.svg.png,T-80U,captured,https://i.postimg.cc/PryFfPyC/1006.jpg,84,1262,729,53,430,50,2022-10-04T21:08:09Z
Tanks,Russia,https://upload.wikimedia.org/wikipedia/en/thumb/f/f3/Flag_of_Russia.svg/23px-Flag_of_Russia.svg.png,T-80U,captured,https://i.postimg.cc/fbG8qXzr/1007.jpg,84,1262,729,53,430,50,2022-10-04T21:08:09Z
Tanks,Russia,https://upload.wikimedia.org/wikipedia/en/thumb/f/f3/Flag_of_Russia.svg/23px-Flag_of_Russia.svg.png,T-80U,captured,https://i.postimg.cc/HkLvrdvB/1008.jpg,84,1262,729,53,430,50,2022-10-04T21:08:09Z
Tanks,Russia,https://upload.wikimedia.org/wikipedia/en/thumb/f/f3/Flag_of_Russia.svg/23px-Flag_of_Russia.svg.png,T-80U,captured,https://twitter.com/Danspiun/status/1554950823968399367,84,1262,729,53,430,50,2022-10-04T21:08:09Z
Tanks,Russia,https://upload.wikimedia.org/wikipedia/en/thumb/f/f3/Flag_of_Russia.svg/23px-Flag_of_Russia.svg.png,T-80U,captured,https://twitter.com/Blue_Sauron/status/1568895598777991169,84,1262,729,53,430,50,2022-10-04T21:08:09Z
Tanks,Russia,https://upload.wikimedia.org/wikipedia/en/thumb/f/f3/Flag_of_Russia.svg/23px-Flag_of_Russia.svg.png,T-80U,captured,https://twitter.com/Blue_Sauron/status/1568895598777991169,84,1262,729,53,430,50,2022-10-04T21:08:09Z
Tanks,Russia,https://upload.wikimedia.org/wikipedia/en/thumb/f/f3/Flag_of_Russia.svg/23px-Flag_of_Russia.svg.png,T-80U,captured,https://twitter.com/UAWeapons/status/1569711880675139585,84,1262,729,53,430,50,2022-10-04T21:08:09Z
Tanks,Russia,https://upload.wikimedia.org/wikipedia/en/thumb/f/f3/Flag_of_Russia.svg/23px-Flag_of_Russia.svg.png,T-80U,captured,https://twitter.com/UAWeapons/status/1569973201358176258,84,1262,729,53,430,50,2022-10-04T21:08:09Z
Tanks,Russia,https://upload.wikimedia.org/wikipedia/en/thumb/f/f3/Flag_of_Russia.svg/23px-Flag_of_Russia.svg.png,T-80U,damaged,https://twitter.com/UAWeapons/status/1570479830562672640,84,1262,729,53,430,50,2022-10-04T21:08:09Z
Tanks,Russia,https://upload.wikimedia.org/wikipedia/en/thumb/f/f3/Flag_of_Russia.svg/23px-Flag_of_Russia.svg.png,T-80U,damaged,https://twitter.com/UAWeapons/status/1570479830562672640,84,1262,729,53,430,50,2022-10-04T21:08:09Z
Tanks,Russia,https://upload.wikimedia.org/wikipedia/en/thumb/f/f3/Flag_of_Russia.svg/23px-Flag_of_Russia.svg.png,T-80U,captured,https://twitter.com/UAWeapons/status/1573968779972907008,84,1262,729,53,430,50,2022-10-04T21:08:09Z
Tanks,Russia,https://upload.wikimedia.org/wikipedia/en/thumb/f/f3/Flag_of_Russia.svg/23px-Flag_of_Russia.svg.png,T-80UK,destroyed,https://i.postimg.cc/Tw85mW08/f4.png,3,1262,729,53,430,50,2022-10-04T21:08:09Z
Tanks,Russia,https://upload.wikimedia.org/wikipedia/en/thumb/f/f3/Flag_of_Russia.svg/23px-Flag_of_Russia.svg.png,T-80UK,captured,https://i.postimg.cc/RhG269gm/63.jpg,3,1262,729,53,430,50,2022-10-04T21:08:09Z
Tanks,Russia,https://upload.wikimedia.org/wikipedia/en/thumb/f/f3/Flag_of_Russia.svg/23px-Flag_of_Russia.svg.png,T-80UK,captured,https://i.postimg.cc/1znWKMQF/1009.jpg,3,1262,729,53,430,50,2022-10-04T21:08:09Z
Tanks,Russia,https://upload.wikimedia.org/wikipedia/en/thumb/f/f3/Flag_of_Russia.svg/23px-Flag_of_Russia.svg.png,T-80UE-1,destroyed,https://i.postimg.cc/YCSxpFYc/3d1.jpg,8,1262,729,53,430,50,2022-10-04T21:08:09Z
Tanks,Russia,https://upload.wikimedia.org/wikipedia/en/thumb/f/f3/Flag_of_Russia.svg/23px-Flag_of_Russia.svg.png,T-80UE-1,captured,https://i.postimg.cc/Ls88PXB9/74.png,8,1262,729,53,430,50,2022-10-04T21:08:09Z
Tanks,Russia,https://upload.wikimedia.org/wikipedia/en/thumb/f/f3/Flag_of_Russia.svg/23px-Flag_of_Russia.svg.png,T-80UE-1,captured,https://i.postimg.cc/FHDVg0xB/3dd.png,8,1262,729,53,430,50,2022-10-04T21:08:09Z
Tanks,Russia,https://upload.wikimedia.org/wikipedia/en/thumb/f/f3/Flag_of_Russia.svg/23px-Flag_of_Russia.svg.png,T-80UE-1,captured,https://postlmg.cc/HVYptsVc,8,1262,729,53,430,50,2022-10-04T21:08:09Z
Tanks,Russia,https://upload.wikimedia.org/wikipedia/en/thumb/f/f3/Flag_of_Russia.svg/23px-Flag_of_Russia.svg.png,T-80UE-1,captured,https://i.postimg.cc/fb0m5nJQ/4388.jpg,8,1262,729,53,430,50,2022-10-04T21:08:09Z
Tanks,Russia,https://upload.wikimedia.org/wikipedia/en/thumb/f/f3/Flag_of_Russia.svg/23px-Flag_of_Russia.svg.png,T-80UE-1,captured,https://i.postimg.cc/7PgrKTDY/s1.jpg,8,1262,729,53,430,50,2022-10-04T21:08:09Z
Tanks,Russia,https://upload.wikimedia.org/wikipedia/en/thumb/f/f3/Flag_of_Russia.svg/23px-Flag_of_Russia.svg.png,T-80UE-1,captured,https://i.postimg.cc/5N9DjYzn/390.png,8,1262,729,53,430,50,2022-10-04T21:08:09Z
Tanks,Russia,https://upload.wikimedia.org/wikipedia/en/thumb/f/f3/Flag_of_Russia.svg/23px-Flag_of_Russia.svg.png,T-80UE-1,captured,https://i.postimg.cc/4xQL7g72/1000-t80u.jpg,8,1262,729,53,430,50,2022-10-04T21:08:09Z
Tanks,Russia,https://upload.wikimedia.org/wikipedia/en/thumb/f/f3/Flag_of_Russia.svg/23px-Flag_of_Russia.svg.png,T-80UM2,destroyed,https://i.postimg.cc/XJJ81n2X/68.png,1,1262,729,53,430,50,2022-10-04T21:08:09Z
Tanks,Russia,https://upload.wikimedia.org/wikipedia/en/thumb/f/f3/Flag_of_Russia.svg/23px-Flag_of_Russia.svg.png,T-80BVM,destroyed,https://i.postimg.cc/h469K9pD/4h.png,43,1262,729,53,430,50,2022-10-04T21:08:09Z
Tanks,Russia,https://upload.wikimedia.org/wikipedia/en/thumb/f/f3/Flag_of_Russia.svg/23px-Flag_of_Russia.svg.png,T-80BVM,destroyed,https://postimg.cc/n9zQmMvR,43,1262,729,53,430,50,2022-10-04T21:08:09Z
Tanks,Russia,https://upload.wikimedia.org/wikipedia/en/thumb/f/f3/Flag_of_Russia.svg/23px-Flag_of_Russia.svg.png,T-80BVM,destroyed,https://i.postimg.cc/YSnxY02f/1014-t80bvm.png,43,1262,729,53,430,50,2022-10-04T21:08:09Z
Tanks,Russia,https://upload.wikimedia.org/wikipedia/en/thumb/f/f3/Flag_of_Russia.svg/23px-Flag_of_Russia.svg.png,T-80BVM,destroyed,https://i.postimg.cc/JnXXXNbJ/1003.jpg,43,1262,729,53,430,50,2022-10-04T21:08:09Z
Tanks,Russia,https://upload.wikimedia.org/wikipedia/en/thumb/f/f3/Flag_of_Russia.svg/23px-Flag_of_Russia.svg.png,T-80BVM,destroyed,https://i.postimg.cc/MHv6Bc4t/366.jpg,43,1262,729,53,430,50,2022-10-04T21:08:09Z
Tanks,Russia,https://upload.wikimedia.org/wikipedia/en/thumb/f/f3/Flag_of_Russia.svg/23px-Flag_of_Russia.svg.png,T-80BVM,destroyed,https://i.postimg.cc/Dw8vCvxp/443.jpg,43,1262,729,53,430,50,2022-10-04T21:08:09Z
Tanks,Russia,https://upload.wikimedia.org/wikipedia/en/thumb/f/f3/Flag_of_Russia.svg/23px-Flag_of_Russia.svg.png,T-80BVM,destroyed,https://i.postimg.cc/0jpdhfs9/r2.jpg,43,1262,729,53,430,50,2022-10-04T21:08:09Z
Tanks,Russia,https://upload.wikimedia.org/wikipedia/en/thumb/f/f3/Flag_of_Russia.svg/23px-Flag_of_Russia.svg.png,T-80BVM,destroyed,https://i.postimg.cc/QN9PJ42B/g42.jpg,43,1262,729,53,430,50,2022-10-04T21:08:09Z
Tanks,Russia,https://upload.wikimedia.org/wikipedia/en/thumb/f/f3/Flag_of_Russia.svg/23px-Flag_of_Russia.svg.png,T-80BVM,destroyed,https://i.postimg.cc/rsrPys1G/g43.jpg,43,1262,729,53,430,50,2022-10-04T21:08:09Z
Tanks,Russia,https://upload.wikimedia.org/wikipedia/en/thumb/f/f3/Flag_of_Russia.svg/23px-Flag_of_Russia.svg.png,T-80BVM,destroyed,https://i.postimg.cc/cLmTmFNx/ff3.jpg,43,1262,729,53,430,50,2022-10-04T21:08:09Z
Tanks,Russia,https://upload.wikimedia.org/wikipedia/en/thumb/f/f3/Flag_of_Russia.svg/23px-Flag_of_Russia.svg.png,T-80BVM,destroyed,https://i.postimg.cc/L6wNT0jg/1010.jpg,43,1262,729,53,430,50,2022-10-04T21:08:09Z
Tanks,Russia,https://upload.wikimedia.org/wikipedia/en/thumb/f/f3/Flag_of_Russia.svg/23px-Flag_of_Russia.svg.png,T-80BVM,destroyed,https://i.postimg.cc/pVCJD7hg/1000-t80bvm.jpg,43,1262,729,53,430,50,2022-10-04T21:08:09Z
Tanks,Russia,https://upload.wikimedia.org/wikipedia/en/thumb/f/f3/Flag_of_Russia.svg/23px-Flag_of_Russia.svg.png,T-80BVM,destroyed,https://i.postimg.cc/G34Kvxyy/1005-t80bvm.jpg,43,1262,729,53,430,50,2022-10-04T21:08:09Z
Tanks,Russia,https://upload.wikimedia.org/wikipedia/en/thumb/f/f3/Flag_of_Russia.svg/23px-Flag_of_Russia.svg.png,T-80BVM,destroyed,https://i.postimg.cc/d0YT59gV/1007-t80bvm.jpg,43,1262,729,53,430,50,2022-10-04T21:08:09Z
Tanks,Russia,https://upload.wikimedia.org/wikipedia/en/thumb/f/f3/Flag_of_Russia.svg/23px-Flag_of_Russia.svg.png,T-80BVM,destroyed,https://twitter.com/UAWeapons/status/1568644104724090881,43,1262,729,53,430,50,2022-10-04T21:08:09Z
Tanks,Russia,https://upload.wikimedia.org/wikipedia/en/thumb/f/f3/Flag_of_Russia.svg/23px-Flag_of_Russia.svg.png,T-80BVM,destroyed,https://i.postimg.cc/RCbcS5MZ/2022-09-28-T-80-BVM.jpg,43,1262,729,53,430,50,2022-10-04T21:08:09Z
Tanks,Russia,https://upload.wikimedia.org/wikipedia/en/thumb/f/f3/Flag_of_Russia.svg/23px-Flag_of_Russia.svg.png,T-80BVM,destroyed,https://i.postimg.cc/Zq0SCqxN/1011-t80bvm.jpg,43,1262,729,53,430,50,2022-10-04T21:08:09Z
Tanks,Russia,https://upload.wikimedia.org/wikipedia/en/thumb/f/f3/Flag_of_Russia.svg/23px-Flag_of_Russia.svg.png,T-80BVM,destroyed,https://twitter.com/UAWeapons/status/1577310511212920834,43,1262,729,53,430,50,2022-10-04T21:08:09Z
Tanks,Russia,https://upload.wikimedia.org/wikipedia/en/thumb/f/f3/Flag_of_Russia.svg/23px-Flag_of_Russia.svg.png,T-80BVM,destroyed,https://twitter.com/UAWeapons/status/1577310511212920834,43,1262,729,53,430,50,2022-10-04T21:08:09Z
Tanks,Russia,https://upload.wikimedia.org/wikipedia/en/thumb/f/f3/Flag_of_Russia.svg/23px-Flag_of_Russia.svg.png,T-80BVM,damaged,https://twitter.com/UAWeapons/status/1552708993830854657,43,1262,729,53,430,50,2022-10-04T21:08:09Z
Tanks,Russia,https://upload.wikimedia.org/wikipedia/en/thumb/f/f3/Flag_of_Russia.svg/23px-Flag_of_Russia.svg.png,T-80BVM,damaged,https://i.postimg.cc/qRpN5jRw/1002-t80bvm.jpg,43,1262,729,53,430,50,2022-10-04T21:08:09Z
Tanks,Russia,https://upload.wikimedia.org/wikipedia/en/thumb/f/f3/Flag_of_Russia.svg/23px-Flag_of_Russia.svg.png,T-80BVM,abandoned,https://i.postimg.cc/qMTDvQnb/1003-t80bvm.jpg,43,1262,729,53,430,50,2022-10-04T21:08:09Z
Tanks,Russia,https://upload.wikimedia.org/wikipedia/en/thumb/f/f3/Flag_of_Russia.svg/23px-Flag_of_Russia.svg.png,T-80BVM,damaged,https://i.postimg.cc/rwk9X6Y1/1000-t80bvm-nr-14.jpg,43,1262,729,53,430,50,2022-10-04T21:08:09Z
Tanks,Russia,https://upload.wikimedia.org/wikipedia/en/thumb/f/f3/Flag_of_Russia.svg/23px-Flag_of_Russia.svg.png,T-80BVM,captured,https://i.postimg.cc/BQnQ8tqm/5799.png,43,1262,729,53,430,50,2022-10-04T21:08:09Z
Tanks,Russia,https://upload.wikimedia.org/wikipedia/en/thumb/f/f3/Flag_of_Russia.svg/23px-Flag_of_Russia.svg.png,T-80BVM,captured,https://i.postimg.cc/jdKNRZQV/v6.jpg,43,1262,729,53,430,50,2022-10-04T21:08:09Z
Tanks,Russia,https://upload.wikimedia.org/wikipedia/en/thumb/f/f3/Flag_of_Russia.svg/23px-Flag_of_Russia.svg.png,T-80BVM,captured,https://i.postimg.cc/KzmrkB8F/bf.png,43,1262,729,53,430,50,2022-10-04T21:08:09Z
Tanks,Russia,https://upload.wikimedia.org/wikipedia/en/thumb/f/f3/Flag_of_Russia.svg/23px-Flag_of_Russia.svg.png,T-80BVM,captured,https://i.postimg.cc/DZqKW1G3/4gf.png,43,1262,729,53,430,50,2022-10-04T21:08:09Z
Tanks,Russia,https://upload.wikimedia.org/wikipedia/en/thumb/f/f3/Flag_of_Russia.svg/23px-Flag_of_Russia.svg.png,T-80BVM,captured,https://i.postimg.cc/Jz3zpSPT/699.jpg,43,1262,729,53,430,50,2022-10-04T21:08:09Z
Tanks,Russia,https://upload.wikimedia.org/wikipedia/en/thumb/f/f3/Flag_of_Russia.svg/23px-Flag_of_Russia.svg.png,T-80BVM,captured,https://i.postimg.cc/zBtgdVxQ/652.png,43,1262,729,53,430,50,2022-10-04T21:08:09Z
Tanks,Russia,https://upload.wikimedia.org/wikipedia/en/thumb/f/f3/Flag_of_Russia.svg/23px-Flag_of_Russia.svg.png,T-80BVM,captured,https://i.postimg.cc/TwC8D6n3/678.png,43,1262,729,53,430,50,2022-10-04T21:08:09Z
Tanks,Russia,https://upload.wikimedia.org/wikipedia/en/thumb/f/f3/Flag_of_Russia.svg/23px-Flag_of_Russia.svg.png,T-80BVM,captured,https://i.postimg.cc/7LpghV24/g2.jpg,43,1262,729,53,430,50,2022-10-04T21:08:09Z
Tanks,Russia,https://upload.wikimedia.org/wikipedia/en/thumb/f/f3/Flag_of_Russia.svg/23px-Flag_of_Russia.svg.png,T-80BVM,captured,https://i.postimg.cc/tRvyG2y7/32.png,43,1262,729,53,430,50,2022-10-04T21:08:09Z
Tanks,Russia,https://upload.wikimedia.org/wikipedia/en/thumb/f/f3/Flag_of_Russia.svg/23px-Flag_of_Russia.svg.png,T-80BVM,captured,https://i.postimg.cc/zDd2qYhc/658.jpg,43,1262,729,53,430,50,2022-10-04T21:08:09Z
Tanks,Russia,https://upload.wikimedia.org/wikipedia/en/thumb/f/f3/Flag_of_Russia.svg/23px-Flag_of_Russia.svg.png,T-80BVM,captured,https://i.postimg.cc/Ls5fcmpp/332.png,43,1262,729,53,430,50,2022-10-04T21:08:09Z
Tanks,Russia,https://upload.wikimedia.org/wikipedia/en/thumb/f/f3/Flag_of_Russia.svg/23px-Flag_of_Russia.svg.png,T-80BVM,captured,https://i.postimg.cc/rFRQbXwh/h5.jpg,43,1262,729,53,430,50,2022-10-04T21:08:09Z
Tanks,Russia,https://upload.wikimedia.org/wikipedia/en/thumb/f/f3/Flag_of_Russia.svg/23px-Flag_of_Russia.svg.png,T-80BVM,captured,https://i.postimg.cc/pT8gPXns/g78.png,43,1262,729,53,430,50,2022-10-04T21:08:09Z
Tanks,Russia,https://upload.wikimedia.org/wikipedia/en/thumb/f/f3/Flag_of_Russia.svg/23px-Flag_of_Russia.svg.png,T-80BVM,captured,https://i.postimg.cc/QMpKGxyL/324.png,43,1262,729,53,430,50,2022-10-04T21:08:09Z
Tanks,Russia,https://upload.wikimedia.org/wikipedia/en/thumb/f/f3/Flag_of_Russia.svg/23px-Flag_of_Russia.svg.png,T-80BVM,captured,https://i.postimg.cc/fLpZW20x/d35.png,43,1262,729,53,430,50,2022-10-04T21:08:09Z
Tanks,Russia,https://upload.wikimedia.org/wikipedia/en/thumb/f/f3/Flag_of_Russia.svg/23px-Flag_of_Russia.svg.png,T-80BVM,captured,https://postimg.cc/xkfbcmNr,43,1262,729,53,430,50,2022-10-04T21:08:09Z
Tanks,Russia,https://upload.wikimedia.org/wikipedia/en/thumb/f/f3/Flag_of_Russia.svg/23px-Flag_of_Russia.svg.png,T-80BVM,captured,https://twitter.com/UAWeapons/status/1569038512116334592,43,1262,729,53,430,50,2022-10-04T21:08:09Z
Tanks,Russia,https://upload.wikimedia.org/wikipedia/en/thumb/f/f3/Flag_of_Russia.svg/23px-Flag_of_Russia.svg.png,T-80BVM,captured,https://twitter.com/UAWeapons/status/1570423464971976705,43,1262,729,53,430,50,2022-10-04T21:08:09Z
Tanks,Russia,https://upload.wikimedia.org/wikipedia/en/thumb/f/f3/Flag_of_Russia.svg/23px-Flag_of_Russia.svg.png,T-80BVM,damaged,https://i.postimg.cc/SKr2CC26/1003-t80bvm.jpg,43,1262,729,53,430,50,2022-10-04T21:08:09Z
Tanks,Russia,https://upload.wikimedia.org/wikipedia/en/thumb/f/f3/Flag_of_Russia.svg/23px-Flag_of_Russia.svg.png,T-80BVM,captured,https://i.postimg.cc/hj94SdBL/488.png,43,1262,729,53,430,50,2022-10-04T21:08:09Z
Tanks,Russia,https://upload.wikimedia.org/wikipedia/en/thumb/f/f3/Flag_of_Russia.svg/23px-Flag_of_Russia.svg.png,Unknown T-80,destroyed,https://twitter.com/UAWeapons/status/1569229438864195589,6,1262,729,53,430,50,2022-10-04T21:08:09Z
Tanks,Russia,https://upload.wikimedia.org/wikipedia/en/thumb/f/f3/Flag_of_Russia.svg/23px-Flag_of_Russia.svg.png,Unknown T-80,destroyed,https://i.postimg.cc/NMcs7XJn/5800.jpg,6,1262,729,53,430,50,2022-10-04T21:08:09Z
Tanks,Russia,https://upload.wikimedia.org/wikipedia/en/thumb/f/f3/Flag_of_Russia.svg/23px-Flag_of_Russia.svg.png,Unknown T-80,destroyed,https://i.postimg.cc/C1DV6CDC/1011-t80-destr.jpg,6,1262,729,53,430,50,2022-10-04T21:08:09Z
Tanks,Russia,https://upload.wikimedia.org/wikipedia/en/thumb/f/f3/Flag_of_Russia.svg/23px-Flag_of_Russia.svg.png,Unknown T-80,abandoned,https://i.postimg.cc/65bxy8wG/8j.png,6,1262,729,53,430,50,2022-10-04T21:08:09Z
Tanks,Russia,https://upload.wikimedia.org/wikipedia/en/thumb/f/f3/Flag_of_Russia.svg/23px-Flag_of_Russia.svg.png,Unknown T-80,captured,https://twitter.com/Blue_Sauron/status/1568895598777991169,6,1262,729,53,430,50,2022-10-04T21:08:09Z
Tanks,Russia,https://upload.wikimedia.org/wikipedia/en/thumb/f/f3/Flag_of_Russia.svg/23px-Flag_of_Russia.svg.png,Unknown T-80,captured,https://twitter.com/Blue_Sauron/status/1568895598777991169,6,1262,729,53,430,50,2022-10-04T21:08:09Z
Tanks,Russia,https://upload.wikimedia.org/wikipedia/en/thumb/f/f3/Flag_of_Russia.svg/23px-Flag_of_Russia.svg.png,T-90A,destroyed,https://i.postimg.cc/4dtYkZVp/43.png,26,1262,729,53,430,50,2022-10-04T21:08:09Z
Tanks,Russia,https://upload.wikimedia.org/wikipedia/en/thumb/f/f3/Flag_of_Russia.svg/23px-Flag_of_Russia.svg.png,T-90A,destroyed,https://i.postimg.cc/VsC0bQZ3/541.png,26,1262,729,53,430,50,2022-10-04T21:08:09Z
Tanks,Russia,https://upload.wikimedia.org/wikipedia/en/thumb/f/f3/Flag_of_Russia.svg/23px-Flag_of_Russia.svg.png,T-90A,destroyed,https://i.postimg.cc/T2DGFDC5/h65.png,26,1262,729,53,430,50,2022-10-04T21:08:09Z
Tanks,Russia,https://upload.wikimedia.org/wikipedia/en/thumb/f/f3/Flag_of_Russia.svg/23px-Flag_of_Russia.svg.png,T-90A,destroyed,https://i.postimg.cc/bNjTnG5H/762.png,26,1262,729,53,430,50,2022-10-04T21:08:09Z
Tanks,Russia,https://upload.wikimedia.org/wikipedia/en/thumb/f/f3/Flag_of_Russia.svg/23px-Flag_of_Russia.svg.png,T-90A,destroyed,https://i.postimg.cc/Dy8ngXMd/887.jpg,26,1262,729,53,430,50,2022-10-04T21:08:09Z
Tanks,Russia,https://upload.wikimedia.org/wikipedia/en/thumb/f/f3/Flag_of_Russia.svg/23px-Flag_of_Russia.svg.png,T-90A,destroyed,https://i.postimg.cc/tTdVSJcQ/577.jpg,26,1262,729,53,430,50,2022-10-04T21:08:09Z
Tanks,Russia,https://upload.wikimedia.org/wikipedia/en/thumb/f/f3/Flag_of_Russia.svg/23px-Flag_of_Russia.svg.png,T-90A,destroyed,https://i.postimg.cc/YCR6HGkq/76.jpg,26,1262,729,53,430,50,2022-10-04T21:08:09Z
Tanks,Russia,https://upload.wikimedia.org/wikipedia/en/thumb/f/f3/Flag_of_Russia.svg/23px-Flag_of_Russia.svg.png,T-90A,destroyed,https://i.postimg.cc/hv56LFZ3/t5.png,26,1262,729,53,430,50,2022-10-04T21:08:09Z
Tanks,Russia,https://upload.wikimedia.org/wikipedia/en/thumb/f/f3/Flag_of_Russia.svg/23px-Flag_of_Russia.svg.png,T-90A,destroyed,https://i.postimg.cc/90XRZvq9/4432.png,26,1262,729,53,430,50,2022-10-04T21:08:09Z
Tanks,Russia,https://upload.wikimedia.org/wikipedia/en/thumb/f/f3/Flag_of_Russia.svg/23px-Flag_of_Russia.svg.png,T-90A,destroyed,https://i.postimg.cc/PJxLN77q/3h.png,26,1262,729,53,430,50,2022-10-04T21:08:09Z
Tanks,Russia,https://upload.wikimedia.org/wikipedia/en/thumb/f/f3/Flag_of_Russia.svg/23px-Flag_of_Russia.svg.png,T-90A,destroyed,https://twitter.com/UAWeapons/status/1570091921846026240,26,1262,729,53,430,50,2022-10-04T21:08:09Z
Tanks,Russia,https://upload.wikimedia.org/wikipedia/en/thumb/f/f3/Flag_of_Russia.svg/23px-Flag_of_Russia.svg.png,T-90A,destroyed,https://twitter.com/RALee85/status/1575159507549933568,26,1262,729,53,430,50,2022-10-04T21:08:09Z
Tanks,Russia,https://upload.wikimedia.org/wikipedia/en/thumb/f/f3/Flag_of_Russia.svg/23px-Flag_of_Russia.svg.png,T-90A,abandoned,https://i.postimg.cc/vHYqqTjM/544.png,26,1262,729,53,430,50,2022-10-04T21:08:09Z
Tanks,Russia,https://upload.wikimedia.org/wikipedia/en/thumb/f/f3/Flag_of_Russia.svg/23px-Flag_of_Russia.svg.png,T-90A,abandoned,https://i.postimg.cc/5txSTbY7/368.png,26,1262,729,53,430,50,2022-10-04T21:08:09Z
Tanks,Russia,https://upload.wikimedia.org/wikipedia/en/thumb/f/f3/Flag_of_Russia.svg/23px-Flag_of_Russia.svg.png,T-90A,captured,https://i.postimg.cc/85Vs1vt5/v6.jpg,26,1262,729,53,430,50,2022-10-04T21:08:09Z
Tanks,Russia,https://upload.wikimedia.org/wikipedia/en/thumb/f/f3/Flag_of_Russia.svg/23px-Flag_of_Russia.svg.png,T-90A,captured,https://i.postimg.cc/L6XCZSwz/3f4.png,26,1262,729,53,430,50,2022-10-04T21:08:09Z
Tanks,Russia,https://upload.wikimedia.org/wikipedia/en/thumb/f/f3/Flag_of_Russia.svg/23px-Flag_of_Russia.svg.png,T-90A,captured,https://i.postimg.cc/hPHLMRrc/65h.png,26,1262,729,53,430,50,2022-10-04T21:08:09Z
Tanks,Russia,https://upload.wikimedia.org/wikipedia/en/thumb/f/f3/Flag_of_Russia.svg/23px-Flag_of_Russia.svg.png,T-90A,captured,https://i.postimg.cc/hPHLMRrc/65h.png,26,1262,729,53,430,50,2022-10-04T21:08:09Z
Tanks,Russia,https://upload.wikimedia.org/wikipedia/en/thumb/f/f3/Flag_of_Russia.svg/23px-Flag_of_Russia.svg.png,T-90A,captured,https://i.postimg.cc/vTdS88R3/6h.jpg,26,1262,729,53,430,50,2022-10-04T21:08:09Z
Tanks,Russia,https://upload.wikimedia.org/wikipedia/en/thumb/f/f3/Flag_of_Russia.svg/23px-Flag_of_Russia.svg.png,T-90A,captured,https://i.postimg.cc/Nj7PbcQ4/466.png,26,1262,729,53,430,50,2022-10-04T21:08:09Z
Tanks,Russia,https://upload.wikimedia.org/wikipedia/en/thumb/f/f3/Flag_of_Russia.svg/23px-Flag_of_Russia.svg.png,T-90A,captured,https://i.postimg.cc/Wbw3jKGG/4j.png,26,1262,729,53,430,50,2022-10-04T21:08:09Z
Tanks,Russia,https://upload.wikimedia.org/wikipedia/en/thumb/f/f3/Flag_of_Russia.svg/23px-Flag_of_Russia.svg.png,T-90A,captured,https://i.postimg.cc/02nsRB7F/36.png,26,1262,729,53,430,50,2022-10-04T21:08:09Z
Tanks,Russia,https://upload.wikimedia.org/wikipedia/en/thumb/f/f3/Flag_of_Russia.svg/23px-Flag_of_Russia.svg.png,T-90A,captured,https://twitter.com/UAWeapons/status/1575477537861292035,26,1262,729,53,430,50,2022-10-04T21:08:09Z
Tanks,Russia,https://upload.wikimedia.org/wikipedia/en/thumb/f/f3/Flag_of_Russia.svg/23px-Flag_of_Russia.svg.png,T-90A,captured,https://twitter.com/UAWeapons/status/1573971359092412416,26,1262,729,53,430,50,2022-10-04T21:08:09Z
Tanks,Russia,https://upload.wikimedia.org/wikipedia/en/thumb/f/f3/Flag_of_Russia.svg/23px-Flag_of_Russia.svg.png,T-90A,captured,https://twitter.com/UAWeapons/status/1573971359092412416,26,1262,729,53,430,50,2022-10-04T21:08:09Z
Tanks,Russia,https://upload.wikimedia.org/wikipedia/en/thumb/f/f3/Flag_of_Russia.svg/23px-Flag_of_Russia.svg.png,T-90A,captured,https://i.postimg.cc/Cdp0dM2b/1023-t90a-capt.jpg,26,1262,729,53,430,50,2022-10-04T21:08:09Z
Tanks,Russia,https://upload.wikimedia.org/wikipedia/en/thumb/f/f3/Flag_of_Russia.svg/23px-Flag_of_Russia.svg.png,T-90M,destroyed,https://i.postimg.cc/9QQkNyG5/69.png,3,1262,729,53,430,50,2022-10-04T21:08:09Z
Tanks,Russia,https://upload.wikimedia.org/wikipedia/en/thumb/f/f3/Flag_of_Russia.svg/23px-Flag_of_Russia.svg.png,T-90M,abandoned,https://i.postimg.cc/C1Zgwtwq/1004.jpg,3,1262,729,53,430,50,2022-10-04T21:08:09Z
Tanks,Russia,https://upload.wikimedia.org/wikipedia/en/thumb/f/f3/Flag_of_Russia.svg/23px-Flag_of_Russia.svg.png,T-90M,captured,https://i.postimg.cc/ZKSvFkdP/1000.jpg,3,1262,729,53,430,50,2022-10-04T21:08:09Z
Tanks,Russia,https://upload.wikimedia.org/wikipedia/en/thumb/f/f3/Flag_of_Russia.svg/23px-Flag_of_Russia.svg.png,Unknown tank,destroyed,https://i.postimg.cc/ZYXm1v90/d1k.png,144,1262,729,53,430,50,2022-10-04T21:08:09Z
Tanks,Russia,https://upload.wikimedia.org/wikipedia/en/thumb/f/f3/Flag_of_Russia.svg/23px-Flag_of_Russia.svg.png,Unknown tank,destroyed,https://i.postimg.cc/FKmnM11S/43fh.png,144,1262,729,53,430,50,2022-10-04T21:08:09Z
Tanks,Russia,https://upload.wikimedia.org/wikipedia/en/thumb/f/f3/Flag_of_Russia.svg/23px-Flag_of_Russia.svg.png,Unknown tank,destroyed,https://i.postimg.cc/PxJk1gpS/4688.png,144,1262,729,53,430,50,2022-10-04T21:08:09Z
Tanks,Russia,https://upload.wikimedia.org/wikipedia/en/thumb/f/f3/Flag_of_Russia.svg/23px-Flag_of_Russia.svg.png,Unknown tank,destroyed,https://i.postimg.cc/DzBFGGz9/m9.jpg,144,1262,729,53,430,50,2022-10-04T21:08:09Z
Tanks,Russia,https://upload.wikimedia.org/wikipedia/en/thumb/f/f3/Flag_of_Russia.svg/23px-Flag_of_Russia.svg.png,Unknown tank,destroyed,https://twitter.com/UAWeapons/status/1503839555555889153,144,1262,729,53,430,50,2022-10-04T21:08:09Z
Tanks,Russia,https://upload.wikimedia.org/wikipedia/en/thumb/f/f3/Flag_of_Russia.svg/23px-Flag_of_Russia.svg.png,Unknown tank,destroyed,https://i.postimg.cc/FzXxr0rk/32.png,144,1262,729,53,430,50,2022-10-04T21:08:09Z
Tanks,Russia,https://upload.wikimedia.org/wikipedia/en/thumb/f/f3/Flag_of_Russia.svg/23px-Flag_of_Russia.svg.png,Unknown tank,destroyed,https://twitter.com/UAWeapons/status/1505645975767064580,144,1262,729,53,430,50,2022-10-04T21:08:09Z
Tanks,Russia,https://upload.wikimedia.org/wikipedia/en/thumb/f/f3/Flag_of_Russia.svg/23px-Flag_of_Russia.svg.png,Unknown tank,destroyed,https://i.postimg.cc/zXwV0qJ5/544.jpg,144,1262,729,53,430,50,2022-10-04T21:08:09Z
Tanks,Russia,https://upload.wikimedia.org/wikipedia/en/thumb/f/f3/Flag_of_Russia.svg/23px-Flag_of_Russia.svg.png,Unknown tank,destroyed,https://twitter.com/RALee85/status/1506944223437897734,144,1262,729,53,430,50,2022-10-04T21:08:09Z
Tanks,Russia,https://upload.wikimedia.org/wikipedia/en/thumb/f/f3/Flag_of_Russia.svg/23px-Flag_of_Russia.svg.png,Unknown tank,destroyed,https://twitter.com/UAWeapons/status/1507004560996401168,144,1262,729,53,430,50,2022-10-04T21:08:09Z
Tanks,Russia,https://upload.wikimedia.org/wikipedia/en/thumb/f/f3/Flag_of_Russia.svg/23px-Flag_of_Russia.svg.png,Unknown tank,destroyed,https://i.postimg.cc/NMKQLbn8/8jj.jpg,144,1262,729,53,430,50,2022-10-04T21:08:09Z
Tanks,Russia,https://upload.wikimedia.org/wikipedia/en/thumb/f/f3/Flag_of_Russia.svg/23px-Flag_of_Russia.svg.png,Unknown tank,destroyed,https://twitter.com/UAWeapons/status/1508569156525998084,144,1262,729,53,430,50,2022-10-04T21:08:09Z
Tanks,Russia,https://upload.wikimedia.org/wikipedia/en/thumb/f/f3/Flag_of_Russia.svg/23px-Flag_of_Russia.svg.png,Unknown tank,destroyed,https://i.postimg.cc/MKS7yF3G/1007.jpg,144,1262,729,53,430,50,2022-10-04T21:08:09Z
Tanks,Russia,https://upload.wikimedia.org/wikipedia/en/thumb/f/f3/Flag_of_Russia.svg/23px-Flag_of_Russia.svg.png,Unknown tank,destroyed,https://i.postimg.cc/cLzxC5Gj/1008.jpg,144,1262,729,53,430,50,2022-10-04T21:08:09Z
Tanks,Russia,https://upload.wikimedia.org/wikipedia/en/thumb/f/f3/Flag_of_Russia.svg/23px-Flag_of_Russia.svg.png,Unknown tank,destroyed,https://i.postimg.cc/5ySG8G0n/2f.png,144,1262,729,53,430,50,2022-10-04T21:08:09Z
Tanks,Russia,https://upload.wikimedia.org/wikipedia/en/thumb/f/f3/Flag_of_Russia.svg/23px-Flag_of_Russia.svg.png,Unknown tank,destroyed,https://i.postimg.cc/NjWVL03k/3211.jpg,144,1262,729,53,430,50,2022-10-04T21:08:09Z
Tanks,Russia,https://upload.wikimedia.org/wikipedia/en/thumb/f/f3/Flag_of_Russia.svg/23px-Flag_of_Russia.svg.png,Unknown tank,destroyed,https://twitter.com/UAWeapons/status/1510015312648888325,144,1262,729,53,430,50,2022-10-04T21:08:09Z
Tanks,Russia,https://upload.wikimedia.org/wikipedia/en/thumb/f/f3/Flag_of_Russia.svg/23px-Flag_of_Russia.svg.png,Unknown tank,destroyed,https://twitter.com/UAWeapons/status/1569621227542642691,144,1262,729,53,430,50,2022-10-04T21:08:09Z
Tanks,Russia,https://upload.wikimedia.org/wikipedia/en/thumb/f/f3/Flag_of_Russia.svg/23px-Flag_of_Russia.svg.png,Unknown tank,destroyed,https://twitter.com/UAWeapons/status/1511724218848849920,144,1262,729,53,430,50,2022-10-04T21:08:09Z
Tanks,Russia,https://upload.wikimedia.org/wikipedia/en/thumb/f/f3/Flag_of_Russia.svg/23px-Flag_of_Russia.svg.png,Unknown tank,destroyed,https://twitter.com/UAWeapons/status/1512009619387957254,144,1262,729,53,430,50,2022-10-04T21:08:09Z
Tanks,Russia,https://upload.wikimedia.org/wikipedia/en/thumb/f/f3/Flag_of_Russia.svg/23px-Flag_of_Russia.svg.png,Unknown tank,destroyed,https://twitter.com/UAWeapons/status/1511692761048784907,144,1262,729,53,430,50,2022-10-04T21:08:09Z
Tanks,Russia,https://upload.wikimedia.org/wikipedia/en/thumb/f/f3/Flag_of_Russia.svg/23px-Flag_of_Russia.svg.png,Unknown tank,destroyed,https://i.postimg.cc/T20j4wxV/dt11.png,144,1262,729,53,430,50,2022-10-04T21:08:09Z
Tanks,Russia,https://upload.wikimedia.org/wikipedia/en/thumb/f/f3/Flag_of_Russia.svg/23px-Flag_of_Russia.svg.png,Unknown tank,destroyed,https://i.postimg.cc/rp0QX6Pk/578.jpg,144,1262,729,53,430,50,2022-10-04T21:08:09Z
Tanks,Russia,https://upload.wikimedia.org/wikipedia/en/thumb/f/f3/Flag_of_Russia.svg/23px-Flag_of_Russia.svg.png,Unknown tank,destroyed,https://twitter.com/UAWeapons/status/1515784115055960071,144,1262,729,53,430,50,2022-10-04T21:08:09Z
Tanks,Russia,https://upload.wikimedia.org/wikipedia/en/thumb/f/f3/Flag_of_Russia.svg/23px-Flag_of_Russia.svg.png,Unknown tank,destroyed,https://i.postimg.cc/pVZ9ZdST/1004-unkn-tank.jpg,144,1262,729,53,430,50,2022-10-04T21:08:09Z
Tanks,Russia,https://upload.wikimedia.org/wikipedia/en/thumb/f/f3/Flag_of_Russia.svg/23px-Flag_of_Russia.svg.png,Unknown tank,destroyed,https://twitter.com/UAWeapons/status/1518654601611956229,144,1262,729,53,430,50,2022-10-04T21:08:09Z
Tanks,Russia,https://upload.wikimedia.org/wikipedia/en/thumb/f/f3/Flag_of_Russia.svg/23px-Flag_of_Russia.svg.png,Unknown tank,destroyed,https://twitter.com/UAWeapons/status/1518654601611956229,144,1262,729,53,430,50,2022-10-04T21:08:09Z
Tanks,Russia,https://upload.wikimedia.org/wikipedia/en/thumb/f/f3/Flag_of_Russia.svg/23px-Flag_of_Russia.svg.png,Unknown tank,destroyed,https://twitter.com/UAWeapons/status/1518654644544802818,144,1262,729,53,430,50,2022-10-04T21:08:09Z
Tanks,Russia,https://upload.wikimedia.org/wikipedia/en/thumb/f/f3/Flag_of_Russia.svg/23px-Flag_of_Russia.svg.png,Unknown tank,destroyed,https://twitter.com/UAWeapons/status/1574819474984902660,144,1262,729,53,430,50,2022-10-04T21:08:09Z
Tanks,Russia,https://upload.wikimedia.org/wikipedia/en/thumb/f/f3/Flag_of_Russia.svg/23px-Flag_of_Russia.svg.png,Unknown tank,destroyed,https://i.postimg.cc/pTqLw6r7/g11.jpg,144,1262,729,53,430,50,2022-10-04T21:08:09Z
Tanks,Russia,https://upload.wikimedia.org/wikipedia/en/thumb/f/f3/Flag_of_Russia.svg/23px-Flag_of_Russia.svg.png,Unknown tank,destroyed,https://i.postimg.cc/d1fv2Z0W/448.png,144,1262,729,53,430,50,2022-10-04T21:08:09Z
Tanks,Russia,https://upload.wikimedia.org/wikipedia/en/thumb/f/f3/Flag_of_Russia.svg/23px-Flag_of_Russia.svg.png,Unknown tank,destroyed,https://twitter.com/UAWeapons/status/1519750346498883585,144,1262,729,53,430,50,2022-10-04T21:08:09Z
Tanks,Russia,https://upload.wikimedia.org/wikipedia/en/thumb/f/f3/Flag_of_Russia.svg/23px-Flag_of_Russia.svg.png,Unknown tank,destroyed,https://twitter.com/UAWeapons/status/1520054564732510215,144,1262,729,53,430,50,2022-10-04T21:08:09Z
Tanks,Russia,https://upload.wikimedia.org/wikipedia/en/thumb/f/f3/Flag_of_Russia.svg/23px-Flag_of_Russia.svg.png,Unknown tank,destroyed,https://i.postimg.cc/fW9cht7Q/t1.png,144,1262,729,53,430,50,2022-10-04T21:08:09Z
Tanks,Russia,https://upload.wikimedia.org/wikipedia/en/thumb/f/f3/Flag_of_Russia.svg/23px-Flag_of_Russia.svg.png,Unknown tank,destroyed,https://i.postimg.cc/9Q1J9NX2/444.jpg,144,1262,729,53,430,50,2022-10-04T21:08:09Z
Tanks,Russia,https://upload.wikimedia.org/wikipedia/en/thumb/f/f3/Flag_of_Russia.svg/23px-Flag_of_Russia.svg.png,Unknown tank,destroyed,https://i.postimg.cc/kMQNyLLV/3f3.jpg,144,1262,729,53,430,50,2022-10-04T21:08:09Z
Tanks,Russia,https://upload.wikimedia.org/wikipedia/en/thumb/f/f3/Flag_of_Russia.svg/23px-Flag_of_Russia.svg.png,Unknown tank,destroyed,https://i.postimg.cc/ZnP0rRzK/3d.png,144,1262,729,53,430,50,2022-10-04T21:08:09Z
Tanks,Russia,https://upload.wikimedia.org/wikipedia/en/thumb/f/f3/Flag_of_Russia.svg/23px-Flag_of_Russia.svg.png,Unknown tank,destroyed,https://postimg.cc/kDFRpdkC,144,1262,729,53,430,50,2022-10-04T21:08:09Z
Tanks,Russia,https://upload.wikimedia.org/wikipedia/en/thumb/f/f3/Flag_of_Russia.svg/23px-Flag_of_Russia.svg.png,Unknown tank,destroyed,https://twitter.com/UAWeapons/status/1524370554438004736,144,1262,729,53,430,50,2022-10-04T21:08:09Z
Tanks,Russia,https://upload.wikimedia.org/wikipedia/en/thumb/f/f3/Flag_of_Russia.svg/23px-Flag_of_Russia.svg.png,Unknown tank,destroyed,https://twitter.com/UAWeapons/status/1522214564380569605,144,1262,729,53,430,50,2022-10-04T21:08:09Z
Tanks,Russia,https://upload.wikimedia.org/wikipedia/en/thumb/f/f3/Flag_of_Russia.svg/23px-Flag_of_Russia.svg.png,Unknown tank,destroyed,https://twitter.com/UAWeapons/status/1522214564380569605,144,1262,729,53,430,50,2022-10-04T21:08:09Z
Tanks,Russia,https://upload.wikimedia.org/wikipedia/en/thumb/f/f3/Flag_of_Russia.svg/23px-Flag_of_Russia.svg.png,Unknown tank,destroyed,https://twitter.com/UAWeapons/status/1529111411489636358,144,1262,729,53,430,50,2022-10-04T21:08:09Z
Tanks,Russia,https://upload.wikimedia.org/wikipedia/en/thumb/f/f3/Flag_of_Russia.svg/23px-Flag_of_Russia.svg.png,Unknown tank,destroyed,https://i.postimg.cc/Hkc4GppB/4436.png,144,1262,729,53,430,50,2022-10-04T21:08:09Z
Tanks,Russia,https://upload.wikimedia.org/wikipedia/en/thumb/f/f3/Flag_of_Russia.svg/23px-Flag_of_Russia.svg.png,Unknown tank,destroyed,https://twitter.com/UAWeapons/status/1529828913882583040,144,1262,729,53,430,50,2022-10-04T21:08:09Z
Tanks,Russia,https://upload.wikimedia.org/wikipedia/en/thumb/f/f3/Flag_of_Russia.svg/23px-Flag_of_Russia.svg.png,Unknown tank,destroyed,https://i.postimg.cc/PxD6kXQc/7666.jpg,144,1262,729,53,430,50,2022-10-04T21:08:09Z
Tanks,Russia,https://upload.wikimedia.org/wikipedia/en/thumb/f/f3/Flag_of_Russia.svg/23px-Flag_of_Russia.svg.png,Unknown tank,destroyed,https://i.postimg.cc/XJbRmFkm/6655.jpg,144,1262,729,53,430,50,2022-10-04T21:08:09Z
Tanks,Russia,https://upload.wikimedia.org/wikipedia/en/thumb/f/f3/Flag_of_Russia.svg/23px-Flag_of_Russia.svg.png,Unknown tank,destroyed,https://i.postimg.cc/m2bVTrzz/4431.jpg,144,1262,729,53,430,50,2022-10-04T21:08:09Z
Tanks,Russia,https://upload.wikimedia.org/wikipedia/en/thumb/f/f3/Flag_of_Russia.svg/23px-Flag_of_Russia.svg.png,Unknown tank,destroyed,https://i.postimg.cc/vmDJngJK/dd2.jpg,144,1262,729,53,430,50,2022-10-04T21:08:09Z
Tanks,Russia,https://upload.wikimedia.org/wikipedia/en/thumb/f/f3/Flag_of_Russia.svg/23px-Flag_of_Russia.svg.png,Unknown tank,destroyed,https://twitter.com/UAWeapons/status/1535549426261008385,144,1262,729,53,430,50,2022-10-04T21:08:09Z
Tanks,Russia,https://upload.wikimedia.org/wikipedia/en/thumb/f/f3/Flag_of_Russia.svg/23px-Flag_of_Russia.svg.png,Unknown tank,destroyed,https://i.postimg.cc/x1DGkX3Q/28.png,144,1262,729,53,430,50,2022-10-04T21:08:09Z
Tanks,Russia,https://upload.wikimedia.org/wikipedia/en/thumb/f/f3/Flag_of_Russia.svg/23px-Flag_of_Russia.svg.png,Unknown tank,destroyed,https://twitter.com/UAWeapons/status/1537135796490231808,144,1262,729,53,430,50,2022-10-04T21:08:09Z
Tanks,Russia,https://upload.wikimedia.org/wikipedia/en/thumb/f/f3/Flag_of_Russia.svg/23px-Flag_of_Russia.svg.png,Unknown tank,destroyed,https://twitter.com/UAWeapons/status/1536748207925088261,144,1262,729,53,430,50,2022-10-04T21:08:09Z
Tanks,Russia,https://upload.wikimedia.org/wikipedia/en/thumb/f/f3/Flag_of_Russia.svg/23px-Flag_of_Russia.svg.png,Unknown tank,destroyed,https://twitter.com/UAWeapons/status/1537502655030956038,144,1262,729,53,430,50,2022-10-04T21:08:09Z
Tanks,Russia,https://upload.wikimedia.org/wikipedia/en/thumb/f/f3/Flag_of_Russia.svg/23px-Flag_of_Russia.svg.png,Unknown tank,destroyed,https://twitter.com/UAWeapons/status/1538475247455850496,144,1262,729,53,430,50,2022-10-04T21:08:09Z
Tanks,Russia,https://upload.wikimedia.org/wikipedia/en/thumb/f/f3/Flag_of_Russia.svg/23px-Flag_of_Russia.svg.png,Unknown tank,destroyed,https://twitter.com/UAWeapons/status/1538474573905252352,144,1262,729,53,430,50,2022-10-04T21:08:09Z
Tanks,Russia,https://upload.wikimedia.org/wikipedia/en/thumb/f/f3/Flag_of_Russia.svg/23px-Flag_of_Russia.svg.png,Unknown tank,destroyed,https://i.postimg.cc/XNzTZ5zw/5g.png,144,1262,729,53,430,50,2022-10-04T21:08:09Z
Tanks,Russia,https://upload.wikimedia.org/wikipedia/en/thumb/f/f3/Flag_of_Russia.svg/23px-Flag_of_Russia.svg.png,Unknown tank,destroyed,https://i.postimg.cc/D0VjgL8g/5541.jpg,144,1262,729,53,430,50,2022-10-04T21:08:09Z
Tanks,Russia,https://upload.wikimedia.org/wikipedia/en/thumb/f/f3/Flag_of_Russia.svg/23px-Flag_of_Russia.svg.png,Unknown tank,destroyed,https://twitter.com/UAWeapons/status/1541387063408427009,144,1262,729,53,430,50,2022-10-04T21:08:09Z
Tanks,Russia,https://upload.wikimedia.org/wikipedia/en/thumb/f/f3/Flag_of_Russia.svg/23px-Flag_of_Russia.svg.png,Unknown tank,destroyed,https://i.postimg.cc/k4HyYmhY/1004-unkn-tank.jpg,144,1262,729,53,430,50,2022-10-04T21:08:09Z
Tanks,Russia,https://upload.wikimedia.org/wikipedia/en/thumb/f/f3/Flag_of_Russia.svg/23px-Flag_of_Russia.svg.png,Unknown tank,destroyed,https://i.postimg.cc/yW4t59rG/1005-tank-fuel-truck.jpg,144,1262,729,53,430,50,2022-10-04T21:08:09Z
Tanks,Russia,https://upload.wikimedia.org/wikipedia/en/thumb/f/f3/Flag_of_Russia.svg/23px-Flag_of_Russia.svg.png,Unknown tank,destroyed,https://twitter.com/UAWeapons/status/1542963571310706689,144,1262,729,53,430,50,2022-10-04T21:08:09Z
Tanks,Russia,https://upload.wikimedia.org/wikipedia/en/thumb/f/f3/Flag_of_Russia.svg/23px-Flag_of_Russia.svg.png,Unknown tank,destroyed,https://twitter.com/UAWeapons/status/1542963571310706689,144,1262,729,53,430,50,2022-10-04T21:08:09Z
Tanks,Russia,https://upload.wikimedia.org/wikipedia/en/thumb/f/f3/Flag_of_Russia.svg/23px-Flag_of_Russia.svg.png,Unknown tank,destroyed,https://twitter.com/UAWeapons/status/1543547733197332480,144,1262,729,53,430,50,2022-10-04T21:08:09Z
Tanks,Russia,https://upload.wikimedia.org/wikipedia/en/thumb/f/f3/Flag_of_Russia.svg/23px-Flag_of_Russia.svg.png,Unknown tank,destroyed,https://twitter.com/Blue_Sauron/status/1543546487849861120,144,1262,729,53,430,50,2022-10-04T21:08:09Z
Tanks,Russia,https://upload.wikimedia.org/wikipedia/en/thumb/f/f3/Flag_of_Russia.svg/23px-Flag_of_Russia.svg.png,Unknown tank,destroyed,https://twitter.com/UAWeapons/status/1544577293460332544,144,1262,729,53,430,50,2022-10-04T21:08:09Z
Tanks,Russia,https://upload.wikimedia.org/wikipedia/en/thumb/f/f3/Flag_of_Russia.svg/23px-Flag_of_Russia.svg.png,Unknown tank,destroyed,https://twitter.com/Blue_Sauron/status/1545507845508063234,144,1262,729,53,430,50,2022-10-04T21:08:09Z
Tanks,Russia,https://upload.wikimedia.org/wikipedia/en/thumb/f/f3/Flag_of_Russia.svg/23px-Flag_of_Russia.svg.png,Unknown tank,destroyed,https://twitter.com/Blue_Sauron/status/1545668249886474241,144,1262,729,53,430,50,2022-10-04T21:08:09Z
Tanks,Russia,https://upload.wikimedia.org/wikipedia/en/thumb/f/f3/Flag_of_Russia.svg/23px-Flag_of_Russia.svg.png,Unknown tank,destroyed,https://twitter.com/UAWeapons/status/1545728233173286913,144,1262,729,53,430,50,2022-10-04T21:08:09Z
Tanks,Russia,https://upload.wikimedia.org/wikipedia/en/thumb/f/f3/Flag_of_Russia.svg/23px-Flag_of_Russia.svg.png,Unknown tank,destroyed,https://twitter.com/UAWeapons/status/1546089606365552640,144,1262,729,53,430,50,2022-10-04T21:08:09Z
Tanks,Russia,https://upload.wikimedia.org/wikipedia/en/thumb/f/f3/Flag_of_Russia.svg/23px-Flag_of_Russia.svg.png,Unknown tank,destroyed,https://twitter.com/UAWeapons/status/1546579953671602178,144,1262,729,53,430,50,2022-10-04T21:08:09Z
Tanks,Russia,https://upload.wikimedia.org/wikipedia/en/thumb/f/f3/Flag_of_Russia.svg/23px-Flag_of_Russia.svg.png,Unknown tank,destroyed,https://twitter.com/Blue_Sauron/status/1547198165182455808,144,1262,729,53,430,50,2022-10-04T21:08:09Z
Tanks,Russia,https://upload.wikimedia.org/wikipedia/en/thumb/f/f3/Flag_of_Russia.svg/23px-Flag_of_Russia.svg.png,Unknown tank,destroyed,https://twitter.com/UAWeapons/status/1547654653889748998,144,1262,729,53,430,50,2022-10-04T21:08:09Z
Tanks,Russia,https://upload.wikimedia.org/wikipedia/en/thumb/f/f3/Flag_of_Russia.svg/23px-Flag_of_Russia.svg.png,Unknown tank,destroyed,https://twitter.com/Blue_Sauron/status/1547854376047284229,144,1262,729,53,430,50,2022-10-04T21:08:09Z
Tanks,Russia,https://upload.wikimedia.org/wikipedia/en/thumb/f/f3/Flag_of_Russia.svg/23px-Flag_of_Russia.svg.png,Unknown tank,destroyed,https://i.postimg.cc/D0jkH2ZD/1008.jpg,144,1262,729,53,430,50,2022-10-04T21:08:09Z
Tanks,Russia,https://upload.wikimedia.org/wikipedia/en/thumb/f/f3/Flag_of_Russia.svg/23px-Flag_of_Russia.svg.png,Unknown tank,destroyed,https://i.postimg.cc/Y07qkGBC/1007.jpg,144,1262,729,53,430,50,2022-10-04T21:08:09Z
Tanks,Russia,https://upload.wikimedia.org/wikipedia/en/thumb/f/f3/Flag_of_Russia.svg/23px-Flag_of_Russia.svg.png,Unknown tank,destroyed,https://twitter.com/UAWeapons/status/1567847516401434624,144,1262,729,53,430,50,2022-10-04T21:08:09Z
Tanks,Russia,https://upload.wikimedia.org/wikipedia/en/thumb/f/f3/Flag_of_Russia.svg/23px-Flag_of_Russia.svg.png,Unknown tank,destroyed,https://twitter.com/UAWeapons/status/1550900206165696512,144,1262,729,53,430,50,2022-10-04T21:08:09Z
Tanks,Russia,https://upload.wikimedia.org/wikipedia/en/thumb/f/f3/Flag_of_Russia.svg/23px-Flag_of_Russia.svg.png,Unknown tank,destroyed,https://twitter.com/UAWeapons/status/1553346896877477890,144,1262,729,53,430,50,2022-10-04T21:08:09Z
Tanks,Russia,https://upload.wikimedia.org/wikipedia/en/thumb/f/f3/Flag_of_Russia.svg/23px-Flag_of_Russia.svg.png,Unknown tank,destroyed,https://twitter.com/UAWeapons/status/1567837725889384450,144,1262,729,53,430,50,2022-10-04T21:08:09Z
Tanks,Russia,https://upload.wikimedia.org/wikipedia/en/thumb/f/f3/Flag_of_Russia.svg/23px-Flag_of_Russia.svg.png,Unknown tank,destroyed,https://i.postimg.cc/Hxcf7KKM/1003-unkn-t72.jpg,144,1262,729,53,430,50,2022-10-04T21:08:09Z
Tanks,Russia,https://upload.wikimedia.org/wikipedia/en/thumb/f/f3/Flag_of_Russia.svg/23px-Flag_of_Russia.svg.png,Unknown tank,destroyed,https://i.postimg.cc/90x9bbw6/1003-3x-unkn-tank.jpg,144,1262,729,53,430,50,2022-10-04T21:08:09Z
Tanks,Russia,https://upload.wikimedia.org/wikipedia/en/thumb/f/f3/Flag_of_Russia.svg/23px-Flag_of_Russia.svg.png,Unknown tank,destroyed,https://i.postimg.cc/90x9bbw6/1003-3x-unkn-tank.jpg,144,1262,729,53,430,50,2022-10-04T21:08:09Z
Tanks,Russia,https://upload.wikimedia.org/wikipedia/en/thumb/f/f3/Flag_of_Russia.svg/23px-Flag_of_Russia.svg.png,Unknown tank,destroyed,https://twitter.com/UAWeapons/status/1553847002877804551,144,1262,729,53,430,50,2022-10-04T21:08:09Z
Tanks,Russia,https://upload.wikimedia.org/wikipedia/en/thumb/f/f3/Flag_of_Russia.svg/23px-Flag_of_Russia.svg.png,Unknown tank,destroyed,https://twitter.com/UAWeapons/status/1554872804365025282,144,1262,729,53,430,50,2022-10-04T21:08:09Z
Tanks,Russia,https://upload.wikimedia.org/wikipedia/en/thumb/f/f3/Flag_of_Russia.svg/23px-Flag_of_Russia.svg.png,Unknown tank,destroyed,https://i.postimg.cc/50TWZFMg/1003-unkn-tank.jpg,144,1262,729,53,430,50,2022-10-04T21:08:09Z
Tanks,Russia,https://upload.wikimedia.org/wikipedia/en/thumb/f/f3/Flag_of_Russia.svg/23px-Flag_of_Russia.svg.png,Unknown tank,destroyed,https://i.postimg.cc/MKyJFT30/1007-unkn-tank.jpg,144,1262,729,53,430,50,2022-10-04T21:08:09Z
Tanks,Russia,https://upload.wikimedia.org/wikipedia/en/thumb/f/f3/Flag_of_Russia.svg/23px-Flag_of_Russia.svg.png,Unknown tank,destroyed,https://i.postimg.cc/Y9hwnzTj/1008-unkn-tank.jpg,144,1262,729,53,430,50,2022-10-04T21:08:09Z
Tanks,Russia,https://upload.wikimedia.org/wikipedia/en/thumb/f/f3/Flag_of_Russia.svg/23px-Flag_of_Russia.svg.png,Unknown tank,destroyed,https://i.postimg.cc/Pfvj1KmR/1009-unkn-tank.jpg,144,1262,729,53,430,50,2022-10-04T21:08:09Z
Tanks,Russia,https://upload.wikimedia.org/wikipedia/en/thumb/f/f3/Flag_of_Russia.svg/23px-Flag_of_Russia.svg.png,Unknown tank,destroyed,https://twitter.com/RALee85/status/1557720274518302720,144,1262,729,53,430,50,2022-10-04T21:08:09Z
Tanks,Russia,https://upload.wikimedia.org/wikipedia/en/thumb/f/f3/Flag_of_Russia.svg/23px-Flag_of_Russia.svg.png,Unknown tank,destroyed,https://twitter.com/UAWeapons/status/1558758284521349125,144,1262,729,53,430,50,2022-10-04T21:08:09Z
Tanks,Russia,https://upload.wikimedia.org/wikipedia/en/thumb/f/f3/Flag_of_Russia.svg/23px-Flag_of_Russia.svg.png,Unknown tank,destroyed,https://twitter.com/UAWeapons/status/1558930124329943043,144,1262,729,53,430,50,2022-10-04T21:08:09Z
Tanks,Russia,https://upload.wikimedia.org/wikipedia/en/thumb/f/f3/Flag_of_Russia.svg/23px-Flag_of_Russia.svg.png,Unknown tank,destroyed,https://twitter.com/RALee85/status/1560008324124385281,144,1262,729,53,430,50,2022-10-04T21:08:09Z
Tanks,Russia,https://upload.wikimedia.org/wikipedia/en/thumb/f/f3/Flag_of_Russia.svg/23px-Flag_of_Russia.svg.png,Unknown tank,destroyed,https://i.postimg.cc/QNQzp0fJ/1016-tank.jpg,144,1262,729,53,430,50,2022-10-04T21:08:09Z
Tanks,Russia,https://upload.wikimedia.org/wikipedia/en/thumb/f/f3/Flag_of_Russia.svg/23px-Flag_of_Russia.svg.png,Unknown tank,destroyed,https://i.postimg.cc/5tHnRYnh/1004-unkn-tank.jpg,144,1262,729,53,430,50,2022-10-04T21:08:09Z
Tanks,Russia,https://upload.wikimedia.org/wikipedia/en/thumb/f/f3/Flag_of_Russia.svg/23px-Flag_of_Russia.svg.png,Unknown tank,destroyed,https://twitter.com/RALee85/status/1560333378066448384,144,1262,729,53,430,50,2022-10-04T21:08:09Z
Tanks,Russia,https://upload.wikimedia.org/wikipedia/en/thumb/f/f3/Flag_of_Russia.svg/23px-Flag_of_Russia.svg.png,Unknown tank,destroyed,https://twitter.com/RALee85/status/1560347251972739073,144,1262,729,53,430,50,2022-10-04T21:08:09Z
Tanks,Russia,https://upload.wikimedia.org/wikipedia/en/thumb/f/f3/Flag_of_Russia.svg/23px-Flag_of_Russia.svg.png,Unknown tank,destroyed,https://i.postimg.cc/Jh2SqqZH/1000-unkn-tank-2x.jpg,144,1262,729,53,430,50,2022-10-04T21:08:09Z
Tanks,Russia,https://upload.wikimedia.org/wikipedia/en/thumb/f/f3/Flag_of_Russia.svg/23px-Flag_of_Russia.svg.png,Unknown tank,destroyed,https://i.postimg.cc/QdS2BsMb/1009-unkn-tank.jpg,144,1262,729,53,430,50,2022-10-04T21:08:09Z
Tanks,Russia,https://upload.wikimedia.org/wikipedia/en/thumb/f/f3/Flag_of_Russia.svg/23px-Flag_of_Russia.svg.png,Unknown tank,destroyed,https://i.postimg.cc/Bn5Dc6pP/1014-unkn-tank.jpg,144,1262,729,53,430,50,2022-10-04T21:08:09Z
Tanks,Russia,https://upload.wikimedia.org/wikipedia/en/thumb/f/f3/Flag_of_Russia.svg/23px-Flag_of_Russia.svg.png,Unknown tank,destroyed,https://i.postimg.cc/Sx2YxcfP/1006-unkn-tank.jpg,144,1262,729,53,430,50,2022-10-04T21:08:09Z
Tanks,Russia,https://upload.wikimedia.org/wikipedia/en/thumb/f/f3/Flag_of_Russia.svg/23px-Flag_of_Russia.svg.png,Unknown tank,destroyed,https://twitter.com/RALee85/status/1562899328532099075,144,1262,729,53,430,50,2022-10-04T21:08:09Z
Tanks,Russia,https://upload.wikimedia.org/wikipedia/en/thumb/f/f3/Flag_of_Russia.svg/23px-Flag_of_Russia.svg.png,Unknown tank,destroyed,https://twitter.com/UAWeapons/status/1562865128189489155,144,1262,729,53,430,50,2022-10-04T21:08:09Z
Tanks,Russia,https://upload.wikimedia.org/wikipedia/en/thumb/f/f3/Flag_of_Russia.svg/23px-Flag_of_Russia.svg.png,Unknown tank,destroyed,https://i.postimg.cc/P515v2Kw/1001-unkn-tank.jpg,144,1262,729,53,430,50,2022-10-04T21:08:09Z
Tanks,Russia,https://upload.wikimedia.org/wikipedia/en/thumb/f/f3/Flag_of_Russia.svg/23px-Flag_of_Russia.svg.png,Unknown tank,destroyed,https://twitter.com/UAWeapons/status/1563175738022326272,144,1262,729,53,430,50,2022-10-04T21:08:09Z
Tanks,Russia,https://upload.wikimedia.org/wikipedia/en/thumb/f/f3/Flag_of_Russia.svg/23px-Flag_of_Russia.svg.png,Unknown tank,destroyed,https://twitter.com/UAWeapons/status/1563933056326516736,144,1262,729,53,430,50,2022-10-04T21:08:09Z
Tanks,Russia,https://upload.wikimedia.org/wikipedia/en/thumb/f/f3/Flag_of_Russia.svg/23px-Flag_of_Russia.svg.png,Unknown tank,destroyed,https://i.postimg.cc/Y9QYNPQK/1004-unkn-tank.jpg,144,1262,729,53,430,50,2022-10-04T21:08:09Z
Tanks,Russia,https://upload.wikimedia.org/wikipedia/en/thumb/f/f3/Flag_of_Russia.svg/23px-Flag_of_Russia.svg.png,Unknown tank,destroyed,https://twitter.com/UAWeapons/status/1565986608003817472,144,1262,729,53,430,50,2022-10-04T21:08:09Z
Tanks,Russia,https://upload.wikimedia.org/wikipedia/en/thumb/f/f3/Flag_of_Russia.svg/23px-Flag_of_Russia.svg.png,Unknown tank,destroyed,https://postimg.cc/CRvkWbCb,144,1262,729,53,430,50,2022-10-04T21:08:09Z
Tanks,Russia,https://upload.wikimedia.org/wikipedia/en/thumb/f/f3/Flag_of_Russia.svg/23px-Flag_of_Russia.svg.png,Unknown tank,destroyed,https://twitter.com/UAWeapons/status/1567194634383679497,144,1262,729,53,430,50,2022-10-04T21:08:09Z
Tanks,Russia,https://upload.wikimedia.org/wikipedia/en/thumb/f/f3/Flag_of_Russia.svg/23px-Flag_of_Russia.svg.png,Unknown tank,destroyed,https://twitter.com/UAWeapons/status/1567264410871136258,144,1262,729,53,430,50,2022-10-04T21:08:09Z
Tanks,Russia,https://upload.wikimedia.org/wikipedia/en/thumb/f/f3/Flag_of_Russia.svg/23px-Flag_of_Russia.svg.png,Unknown tank,destroyed,https://i.postimg.cc/TYJxmDhT/1004-unkn-tank.jpg,144,1262,729,53,430,50,2022-10-04T21:08:09Z
Tanks,Russia,https://upload.wikimedia.org/wikipedia/en/thumb/f/f3/Flag_of_Russia.svg/23px-Flag_of_Russia.svg.png,Unknown tank,destroyed,https://twitter.com/UAWeapons/status/1567848850748051461,144,1262,729,53,430,50,2022-10-04T21:08:09Z
Tanks,Russia,https://upload.wikimedia.org/wikipedia/en/thumb/f/f3/Flag_of_Russia.svg/23px-Flag_of_Russia.svg.png,Unknown tank,destroyed,https://twitter.com/UAWeapons/status/1567848850748051461,144,1262,729,53,430,50,2022-10-04T21:08:09Z
Tanks,Russia,https://upload.wikimedia.org/wikipedia/en/thumb/f/f3/Flag_of_Russia.svg/23px-Flag_of_Russia.svg.png,Unknown tank,destroyed,https://i.postimg.cc/s2CX1rKm/1005-unkn-tank.jpg,144,1262,729,53,430,50,2022-10-04T21:08:09Z
Tanks,Russia,https://upload.wikimedia.org/wikipedia/en/thumb/f/f3/Flag_of_Russia.svg/23px-Flag_of_Russia.svg.png,Unknown tank,destroyed,https://twitter.com/UAWeapons/status/1569411914693738498,144,1262,729,53,430,50,2022-10-04T21:08:09Z
Tanks,Russia,https://upload.wikimedia.org/wikipedia/en/thumb/f/f3/Flag_of_Russia.svg/23px-Flag_of_Russia.svg.png,Unknown tank,destroyed,https://twitter.com/UAWeapons/status/1569411914693738498,144,1262,729,53,430,50,2022-10-04T21:08:09Z
Tanks,Russia,https://upload.wikimedia.org/wikipedia/en/thumb/f/f3/Flag_of_Russia.svg/23px-Flag_of_Russia.svg.png,Unknown tank,destroyed,https://twitter.com/UAWeapons/status/1569411914693738498,144,1262,729,53,430,50,2022-10-04T21:08:09Z
Tanks,Russia,https://upload.wikimedia.org/wikipedia/en/thumb/f/f3/Flag_of_Russia.svg/23px-Flag_of_Russia.svg.png,Unknown tank,destroyed,https://twitter.com/UAWeapons/status/1574379264819941376,144,1262,729,53,430,50,2022-10-04T21:08:09Z
Tanks,Russia,https://upload.wikimedia.org/wikipedia/en/thumb/f/f3/Flag_of_Russia.svg/23px-Flag_of_Russia.svg.png,Unknown tank,destroyed,https://i.postimg.cc/TY93dx2t/1023-unkn-tank.jpg,144,1262,729,53,430,50,2022-10-04T21:08:09Z
Tanks,Russia,https://upload.wikimedia.org/wikipedia/en/thumb/f/f3/Flag_of_Russia.svg/23px-Flag_of_Russia.svg.png,Unknown tank,destroyed,https://twitter.com/Blue_Sauron/status/1574702622765891586,144,1262,729,53,430,50,2022-10-04T21:08:09Z
Tanks,Russia,https://upload.wikimedia.org/wikipedia/en/thumb/f/f3/Flag_of_Russia.svg/23px-Flag_of_Russia.svg.png,Unknown tank,destroyed,https://twitter.com/UAWeapons/status/1575039152717905920,144,1262,729,53,430,50,2022-10-04T21:08:09Z
Tanks,Russia,https://upload.wikimedia.org/wikipedia/en/thumb/f/f3/Flag_of_Russia.svg/23px-Flag_of_Russia.svg.png,Unknown tank,destroyed,https://twitter.com/UAWeapons/status/1575445575604002821,144,1262,729,53,430,50,2022-10-04T21:08:09Z
Tanks,Russia,https://upload.wikimedia.org/wikipedia/en/thumb/f/f3/Flag_of_Russia.svg/23px-Flag_of_Russia.svg.png,Unknown tank,destroyed,https://i.postimg.cc/d398Jzxf/1007-2x-unkn-tank.jpg,144,1262,729,53,430,50,2022-10-04T21:08:09Z
Tanks,Russia,https://upload.wikimedia.org/wikipedia/en/thumb/f/f3/Flag_of_Russia.svg/23px-Flag_of_Russia.svg.png,Unknown tank,destroyed,https://i.postimg.cc/d398Jzxf/1007-2x-unkn-tank.jpg,144,1262,729,53,430,50,2022-10-04T21:08:09Z
Tanks,Russia,https://upload.wikimedia.org/wikipedia/en/thumb/f/f3/Flag_of_Russia.svg/23px-Flag_of_Russia.svg.png,Unknown tank,destroyed,https://twitter.com/UAWeapons/status/1575531759374147584,144,1262,729,53,430,50,2022-10-04T21:08:09Z
Tanks,Russia,https://upload.wikimedia.org/wikipedia/en/thumb/f/f3/Flag_of_Russia.svg/23px-Flag_of_Russia.svg.png,Unknown tank,destroyed,https://twitter.com/Blue_Sauron/status/1575555077724831744,144,1262,729,53,430,50,2022-10-04T21:08:09Z
Tanks,Russia,https://upload.wikimedia.org/wikipedia/en/thumb/f/f3/Flag_of_Russia.svg/23px-Flag_of_Russia.svg.png,Unknown tank,destroyed,https://twitter.com/Blue_Sauron/status/1575425367027892226,144,1262,729,53,430,50,2022-10-04T21:08:09Z
Tanks,Russia,https://upload.wikimedia.org/wikipedia/en/thumb/f/f3/Flag_of_Russia.svg/23px-Flag_of_Russia.svg.png,Unknown tank,destroyed,https://twitter.com/Blue_Sauron/status/1575425367027892226,144,1262,729,53,430,50,2022-10-04T21:08:09Z
Tanks,Russia,https://upload.wikimedia.org/wikipedia/en/thumb/f/f3/Flag_of_Russia.svg/23px-Flag_of_Russia.svg.png,Unknown tank,destroyed,https://twitter.com/UAWeapons/status/1575783659721740288,144,1262,729,53,430,50,2022-10-04T21:08:09Z
Tanks,Russia,https://upload.wikimedia.org/wikipedia/en/thumb/f/f3/Flag_of_Russia.svg/23px-Flag_of_Russia.svg.png,Unknown tank,destroyed,https://i.postimg.cc/mDtj58hB/1001-2x-unkn-tank-ural-destr.jpg,144,1262,729,53,430,50,2022-10-04T21:08:09Z
Tanks,Russia,https://upload.wikimedia.org/wikipedia/en/thumb/f/f3/Flag_of_Russia.svg/23px-Flag_of_Russia.svg.png,Unknown tank,destroyed,https://i.postimg.cc/mDtj58hB/1001-2x-unkn-tank-ural-destr.jpg,144,1262,729,53,430,50,2022-10-04T21:08:09Z
Tanks,Russia,https://upload.wikimedia.org/wikipedia/en/thumb/f/f3/Flag_of_Russia.svg/23px-Flag_of_Russia.svg.png,Unknown tank,damaged,https://twitter.com/UAWeapons/status/1507711151689375750,144,1262,729,53,430,50,2022-10-04T21:08:09Z
Tanks,Russia,https://upload.wikimedia.org/wikipedia/en/thumb/f/f3/Flag_of_Russia.svg/23px-Flag_of_Russia.svg.png,Unknown tank,damaged,https://i.postimg.cc/SRCpdynN/652.jpg,144,1262,729,53,430,50,2022-10-04T21:08:09Z
Tanks,Russia,https://upload.wikimedia.org/wikipedia/en/thumb/f/f3/Flag_of_Russia.svg/23px-Flag_of_Russia.svg.png,Unknown tank,damaged,https://twitter.com/UAWeapons/status/1524385443608936454,144,1262,729,53,430,50,2022-10-04T21:08:09Z
Tanks,Russia,https://upload.wikimedia.org/wikipedia/en/thumb/f/f3/Flag_of_Russia.svg/23px-Flag_of_Russia.svg.png,Unknown tank,damaged,https://twitter.com/UAWeapons/status/1527620102895575040,144,1262,729,53,430,50,2022-10-04T21:08:09Z
Tanks,Russia,https://upload.wikimedia.org/wikipedia/en/thumb/f/f3/Flag_of_Russia.svg/23px-Flag_of_Russia.svg.png,Unknown tank,damaged,https://twitter.com/UAWeapons/status/1535720555680305152,144,1262,729,53,430,50,2022-10-04T21:08:09Z
Tanks,Russia,https://upload.wikimedia.org/wikipedia/en/thumb/f/f3/Flag_of_Russia.svg/23px-Flag_of_Russia.svg.png,Unknown tank,damaged,https://twitter.com/UAWeapons/status/1520362882743123968,144,1262,729,53,430,50,2022-10-04T21:08:09Z
Tanks,Russia,https://upload.wikimedia.org/wikipedia/en/thumb/f/f3/Flag_of_Russia.svg/23px-Flag_of_Russia.svg.png,Unknown tank,damaged,https://i.postimg.cc/44SFGsk4/4373.png,144,1262,729,53,430,50,2022-10-04T21:08:09Z
Tanks,Russia,https://upload.wikimedia.org/wikipedia/en/thumb/f/f3/Flag_of_Russia.svg/23px-Flag_of_Russia.svg.png,Unknown tank,damaged,https://twitter.com/UAWeapons/status/1546579953671602178,144,1262,729,53,430,50,2022-10-04T21:08:09Z
Tanks,Russia,https://upload.wikimedia.org/wikipedia/en/thumb/f/f3/Flag_of_Russia.svg/23px-Flag_of_Russia.svg.png,Unknown tank,abandoned,https://twitter.com/UAWeapons/status/1557732021937455104,144,1262,729,53,430,50,2022-10-04T21:08:09Z
Tanks,Russia,https://upload.wikimedia.org/wikipedia/en/thumb/f/f3/Flag_of_Russia.svg/23px-Flag_of_Russia.svg.png,Unknown tank,abandoned,https://i.postimg.cc/MKzpNpgY/1003.jpg,144,1262,729,53,430,50,2022-10-04T21:08:09Z
Tanks,Russia,https://upload.wikimedia.org/wikipedia/en/thumb/f/f3/Flag_of_Russia.svg/23px-Flag_of_Russia.svg.png,Unknown tank,abandoned,https://i.postimg.cc/8kwYcCfR/1002-unkn-tank.jpg,144,1262,729,53,430,50,2022-10-04T21:08:09Z
Tanks,Russia,https://upload.wikimedia.org/wikipedia/en/thumb/f/f3/Flag_of_Russia.svg/23px-Flag_of_Russia.svg.png,Unknown tank,abandoned,https://i.postimg.cc/j23fFqPt/875.jpg,144,1262,729,53,430,50,2022-10-04T21:08:09Z
Tanks,Russia,https://upload.wikimedia.org/wikipedia/en/thumb/f/f3/Flag_of_Russia.svg/23px-Flag_of_Russia.svg.png,Unknown tank,abandoned,https://twitter.com/UAWeapons/status/1546089606365552640,144,1262,729,53,430,50,2022-10-04T21:08:09Z
Armoured Fighting Vehicles,Russia,https://upload.wikimedia.org/wikipedia/commons/thumb/a/a9/Flag_of_the_Soviet_Union.svg/23px-Flag_of_the_Soviet_Union.svg.png,BRM-1K reconnaissance vehicle,destroyed,https://postimg.cc/bGSbfRQm,20,599,373,26,192,8,2022-10-04T21:08:09Z
Armoured Fighting Vehicles,Russia,https://upload.wikimedia.org/wikipedia/commons/thumb/a/a9/Flag_of_the_Soviet_Union.svg/23px-Flag_of_the_Soviet_Union.svg.png,BRM-1K reconnaissance vehicle,destroyed,https://i.postimg.cc/gj3KbRGG/fsl.png,20,599,373,26,192,8,2022-10-04T21:08:09Z
Armoured Fighting Vehicles,Russia,https://upload.wikimedia.org/wikipedia/commons/thumb/a/a9/Flag_of_the_Soviet_Union.svg/23px-Flag_of_the_Soviet_Union.svg.png,BRM-1K reconnaissance vehicle,destroyed,https://i.postimg.cc/Ss7ZV5zW/d13p.png,20,599,373,26,192,8,2022-10-04T21:08:09Z
Armoured Fighting Vehicles,Russia,https://upload.wikimedia.org/wikipedia/commons/thumb/a/a9/Flag_of_the_Soviet_Union.svg/23px-Flag_of_the_Soviet_Union.svg.png,BRM-1K reconnaissance vehicle,destroyed,https://i.postimg.cc/QVLrdHRK/6880.png,20,599,373,26,192,8,2022-10-04T21:08:09Z
Armoured Fighting Vehicles,Russia,https://upload.wikimedia.org/wikipedia/commons/thumb/a/a9/Flag_of_the_Soviet_Union.svg/23px-Flag_of_the_Soviet_Union.svg.png,BRM-1K reconnaissance vehicle,destroyed,https://i.postimg.cc/yYnZX0Xs/488.png,20,599,373,26,192,8,2022-10-04T21:08:09Z
Armoured Fighting Vehicles,Russia,https://upload.wikimedia.org/wikipedia/commons/thumb/a/a9/Flag_of_the_Soviet_Union.svg/23px-Flag_of_the_Soviet_Union.svg.png,BRM-1K reconnaissance vehicle,destroyed,https://i.postimg.cc/Yq5fmMHs/3d14.png,20,599,373,26,192,8,2022-10-04T21:08:09Z
Armoured Fighting Vehicles,Russia,https://upload.wikimedia.org/wikipedia/commons/thumb/a/a9/Flag_of_the_Soviet_Union.svg/23px-Flag_of_the_Soviet_Union.svg.png,BRM-1K reconnaissance vehicle,destroyed,https://i.postimg.cc/yNVXckN7/s1.png,20,599,373,26,192,8,2022-10-04T21:08:09Z
Armoured Fighting Vehicles,Russia,https://upload.wikimedia.org/wikipedia/commons/thumb/a/a9/Flag_of_the_Soviet_Union.svg/23px-Flag_of_the_Soviet_Union.svg.png,BRM-1K reconnaissance vehicle,destroyed,https://i.postimg.cc/7Lbhr8dz/6658.jpg,20,599,373,26,192,8,2022-10-04T21:08:09Z
Armoured Fighting Vehicles,Russia,https://upload.wikimedia.org/wikipedia/commons/thumb/a/a9/Flag_of_the_Soviet_Union.svg/23px-Flag_of_the_Soviet_Union.svg.png,BRM-1K reconnaissance vehicle,destroyed,https://i.postimg.cc/85k1X8rv/1005-BRM-1-K.jpg,20,599,373,26,192,8,2022-10-04T21:08:09Z
Armoured Fighting Vehicles,Russia,https://upload.wikimedia.org/wikipedia/commons/thumb/a/a9/Flag_of_the_Soviet_Union.svg/23px-Flag_of_the_Soviet_Union.svg.png,BRM-1K reconnaissance vehicle,destroyed,https://i.postimg.cc/3wGmwKjQ/55441.png,20,599,373,26,192,8,2022-10-04T21:08:09Z
Armoured Fighting Vehicles,Russia,https://upload.wikimedia.org/wikipedia/commons/thumb/a/a9/Flag_of_the_Soviet_Union.svg/23px-Flag_of_the_Soviet_Union.svg.png,BRM-1K reconnaissance vehicle,destroyed,https://i.postimg.cc/MTJ9T91Y/f4339.png,20,599,373,26,192,8,2022-10-04T21:08:09Z
Armoured Fighting Vehicles,Russia,https://upload.wikimedia.org/wikipedia/commons/thumb/a/a9/Flag_of_the_Soviet_Union.svg/23px-Flag_of_the_Soviet_Union.svg.png,BRM-1K reconnaissance vehicle,destroyed,https://twitter.com/UAWeapons/status/1569381077759807489,20,599,373,26,192,8,2022-10-04T21:08:09Z
Armoured Fighting Vehicles,Russia,https://upload.wikimedia.org/wikipedia/commons/thumb/a/a9/Flag_of_the_Soviet_Union.svg/23px-Flag_of_the_Soviet_Union.svg.png,BRM-1K reconnaissance vehicle,destroyed,https://i.postimg.cc/bw8mSMpV/1010-BRM-1-K.jpg,20,599,373,26,192,8,2022-10-04T21:08:09Z
Armoured Fighting Vehicles,Russia,https://upload.wikimedia.org/wikipedia/commons/thumb/a/a9/Flag_of_the_Soviet_Union.svg/23px-Flag_of_the_Soviet_Union.svg.png,BRM-1K reconnaissance vehicle,destroyed,https://i.postimg.cc/Hsr8XQHY/1000-bmp2.jpg,20,599,373,26,192,8,2022-10-04T21:08:09Z
Armoured Fighting Vehicles,Russia,https://upload.wikimedia.org/wikipedia/commons/thumb/a/a9/Flag_of_the_Soviet_Union.svg/23px-Flag_of_the_Soviet_Union.svg.png,BRM-1K reconnaissance vehicle,captured,https://i.postimg.cc/W4LXNVTC/567.png,20,599,373,26,192,8,2022-10-04T21:08:09Z
Armoured Fighting Vehicles,Russia,https://upload.wikimedia.org/wikipedia/commons/thumb/a/a9/Flag_of_the_Soviet_Union.svg/23px-Flag_of_the_Soviet_Union.svg.png,BRM-1K reconnaissance vehicle,captured,https://i.postimg.cc/Px4KPtq9/1003-brm1k.jpg,20,599,373,26,192,8,2022-10-04T21:08:09Z
Armoured Fighting Vehicles,Russia,https://upload.wikimedia.org/wikipedia/commons/thumb/a/a9/Flag_of_the_Soviet_Union.svg/23px-Flag_of_the_Soviet_Union.svg.png,BRM-1K reconnaissance vehicle,captured,https://i.postimg.cc/g0nfvNjc/1013-brm1k.jpg,20,599,373,26,192,8,2022-10-04T21:08:09Z
Armoured Fighting Vehicles,Russia,https://upload.wikimedia.org/wikipedia/commons/thumb/a/a9/Flag_of_the_Soviet_Union.svg/23px-Flag_of_the_Soviet_Union.svg.png,BRM-1K reconnaissance vehicle,captured,https://twitter.com/UAWeapons/status/1569229438864195589,20,599,373,26,192,8,2022-10-04T21:08:09Z
Armoured Fighting Vehicles,Russia,https://upload.wikimedia.org/wikipedia/commons/thumb/a/a9/Flag_of_the_Soviet_Union.svg/23px-Flag_of_the_Soviet_Union.svg.png,BRM-1K reconnaissance vehicle,captured,https://i.postimg.cc/C16b4L6P/2022-09-13-Hlynske.jpg,20,599,373,26,192,8,2022-10-04T21:08:09Z
Armoured Fighting Vehicles,Russia,https://upload.wikimedia.org/wikipedia/commons/thumb/a/a9/Flag_of_the_Soviet_Union.svg/23px-Flag_of_the_Soviet_Union.svg.png,BRM-1K reconnaissance vehicle,captured,https://i.postimg.cc/bw5k0g2X/1500-bmp2.jpg,20,599,373,26,192,8,2022-10-04T21:08:09Z
Armoured Fighting Vehicles,Russia,https://upload.wikimedia.org/wikipedia/commons/thumb/a/a9/Flag_of_the_Soviet_Union.svg/23px-Flag_of_the_Soviet_Union.svg.png,BRDM-2,destroyed,https://i.postimg.cc/HWJMWnXs/d4.png,3,599,373,26,192,8,2022-10-04T21:08:09Z
Armoured Fighting Vehicles,Russia,https://upload.wikimedia.org/wikipedia/commons/thumb/a/a9/Flag_of_the_Soviet_Union.svg/23px-Flag_of_the_Soviet_Union.svg.png,BRDM-2,destroyed,https://i.postimg.cc/Qx0xF42r/1001-brdm2.jpg,3,599,373,26,192,8,2022-10-04T21:08:09Z
Armoured Fighting Vehicles,Russia,https://upload.wikimedia.org/wikipedia/commons/thumb/a/a9/Flag_of_the_Soviet_Union.svg/23px-Flag_of_the_Soviet_Union.svg.png,BRDM-2,destroyed,https://i.postimg.cc/hvs0Z6v0/1002-brdm2.jpg,3,599,373,26,192,8,2022-10-04T21:08:09Z
Armoured Fighting Vehicles,Russia,https://upload.wikimedia.org/wikipedia/commons/thumb/a/a9/Flag_of_the_Soviet_Union.svg/23px-Flag_of_the_Soviet_Union.svg.png,MT-LB,destroyed,https://i.postimg.cc/2SJG2hyJ/9po.png,264,599,373,26,192,8,2022-10-04T21:08:09Z
Armoured Fighting Vehicles,Russia,https://upload.wikimedia.org/wikipedia/commons/thumb/a/a9/Flag_of_the_Soviet_Union.svg/23px-Flag_of_the_Soviet_Union.svg.png,MT-LB,destroyed,https://i.postimg.cc/XvpJbF2W/k9.png,264,599,373,26,192,8,2022-10-04T21:08:09Z
Armoured Fighting Vehicles,Russia,https://upload.wikimedia.org/wikipedia/commons/thumb/a/a9/Flag_of_the_Soviet_Union.svg/23px-Flag_of_the_Soviet_Union.svg.png,MT-LB,destroyed,https://twitter.com/UAWeapons/status/1498757622211784707,264,599,373,26,192,8,2022-10-04T21:08:09Z
Armoured Fighting Vehicles,Russia,https://upload.wikimedia.org/wikipedia/commons/thumb/a/a9/Flag_of_the_Soviet_Union.svg/23px-Flag_of_the_Soviet_Union.svg.png,MT-LB,destroyed,https://i.postimg.cc/nLRctZ4r/d6.png,264,599,373,26,192,8,2022-10-04T21:08:09Z
Armoured Fighting Vehicles,Russia,https://upload.wikimedia.org/wikipedia/commons/thumb/a/a9/Flag_of_the_Soviet_Union.svg/23px-Flag_of_the_Soviet_Union.svg.png,MT-LB,destroyed,https://i.postimg.cc/W4x4DFVB/54.jpg,264,599,373,26,192,8,2022-10-04T21:08:09Z
Armoured Fighting Vehicles,Russia,https://upload.wikimedia.org/wikipedia/commons/thumb/a/a9/Flag_of_the_Soviet_Union.svg/23px-Flag_of_the_Soviet_Union.svg.png,MT-LB,destroyed,https://i.postimg.cc/CxNSkmyp/763.png,264,599,373,26,192,8,2022-10-04T21:08:09Z
Armoured Fighting Vehicles,Russia,https://upload.wikimedia.org/wikipedia/commons/thumb/a/a9/Flag_of_the_Soviet_Union.svg/23px-Flag_of_the_Soviet_Union.svg.png,MT-LB,destroyed,https://i.postimg.cc/66k6rQ9g/d17.png,264,599,373,26,192,8,2022-10-04T21:08:09Z
Armoured Fighting Vehicles,Russia,https://upload.wikimedia.org/wikipedia/commons/thumb/a/a9/Flag_of_the_Soviet_Union.svg/23px-Flag_of_the_Soviet_Union.svg.png,MT-LB,destroyed,https://i.postimg.cc/y6m6zVCB/525.png,264,599,373,26,192,8,2022-10-04T21:08:09Z
Armoured Fighting Vehicles,Russia,https://upload.wikimedia.org/wikipedia/commons/thumb/a/a9/Flag_of_the_Soviet_Union.svg/23px-Flag_of_the_Soviet_Union.svg.png,MT-LB,destroyed,https://i.postimg.cc/gJ24TR94/457.png,264,599,373,26,192,8,2022-10-04T21:08:09Z
Armoured Fighting Vehicles,Russia,https://upload.wikimedia.org/wikipedia/commons/thumb/a/a9/Flag_of_the_Soviet_Union.svg/23px-Flag_of_the_Soviet_Union.svg.png,MT-LB,destroyed,https://i.postimg.cc/kg4dJZ3y/23.png,264,599,373,26,192,8,2022-10-04T21:08:09Z
Armoured Fighting Vehicles,Russia,https://upload.wikimedia.org/wikipedia/commons/thumb/a/a9/Flag_of_the_Soviet_Union.svg/23px-Flag_of_the_Soviet_Union.svg.png,MT-LB,destroyed,https://i.postimg.cc/XNTmHGBK/t1.png,264,599,373,26,192,8,2022-10-04T21:08:09Z
Armoured Fighting Vehicles,Russia,https://upload.wikimedia.org/wikipedia/commons/thumb/a/a9/Flag_of_the_Soviet_Union.svg/23px-Flag_of_the_Soviet_Union.svg.png,MT-LB,destroyed,https://i.postimg.cc/GmRNRWQH/t2.png,264,599,373,26,192,8,2022-10-04T21:08:09Z
Armoured Fighting Vehicles,Russia,https://upload.wikimedia.org/wikipedia/commons/thumb/a/a9/Flag_of_the_Soviet_Union.svg/23px-Flag_of_the_Soviet_Union.svg.png,MT-LB,destroyed,https://i.postimg.cc/RZ2hwWLF/3d5.png,264,599,373,26,192,8,2022-10-04T21:08:09Z
Armoured Fighting Vehicles,Russia,https://upload.wikimedia.org/wikipedia/commons/thumb/a/a9/Flag_of_the_Soviet_Union.svg/23px-Flag_of_the_Soviet_Union.svg.png,MT-LB,destroyed,https://i.postimg.cc/tR5r7YLG/4f.png,264,599,373,26,192,8,2022-10-04T21:08:09Z
Armoured Fighting Vehicles,Russia,https://upload.wikimedia.org/wikipedia/commons/thumb/a/a9/Flag_of_the_Soviet_Union.svg/23px-Flag_of_the_Soviet_Union.svg.png,MT-LB,destroyed,https://i.postimg.cc/23p4Kymk/t5.png,264,599,373,26,192,8,2022-10-04T21:08:09Z
Armoured Fighting Vehicles,Russia,https://upload.wikimedia.org/wikipedia/commons/thumb/a/a9/Flag_of_the_Soviet_Union.svg/23px-Flag_of_the_Soviet_Union.svg.png,MT-LB,destroyed,https://i.postimg.cc/QNFfrp3V/332.jpg,264,599,373,26,192,8,2022-10-04T21:08:09Z
Armoured Fighting Vehicles,Russia,https://upload.wikimedia.org/wikipedia/commons/thumb/a/a9/Flag_of_the_Soviet_Union.svg/23px-Flag_of_the_Soviet_Union.svg.png,MT-LB,destroyed,https://i.postimg.cc/xCyC3R9P/7ip.png,264,599,373,26,192,8,2022-10-04T21:08:09Z
Armoured Fighting Vehicles,Russia,https://upload.wikimedia.org/wikipedia/commons/thumb/a/a9/Flag_of_the_Soviet_Union.svg/23px-Flag_of_the_Soviet_Union.svg.png,MT-LB,destroyed,https://i.postimg.cc/k5cwW0Hg/355.png,264,599,373,26,192,8,2022-10-04T21:08:09Z
Armoured Fighting Vehicles,Russia,https://upload.wikimedia.org/wikipedia/commons/thumb/a/a9/Flag_of_the_Soviet_Union.svg/23px-Flag_of_the_Soviet_Union.svg.png,MT-LB,destroyed,https://i.postimg.cc/sg8MqfCK/1022-mtlb.jpg,264,599,373,26,192,8,2022-10-04T21:08:09Z
Armoured Fighting Vehicles,Russia,https://upload.wikimedia.org/wikipedia/commons/thumb/a/a9/Flag_of_the_Soviet_Union.svg/23px-Flag_of_the_Soviet_Union.svg.png,MT-LB,destroyed,https://i.postimg.cc/R0vkHGqJ/mdes1.png,264,599,373,26,192,8,2022-10-04T21:08:09Z
Armoured Fighting Vehicles,Russia,https://upload.wikimedia.org/wikipedia/commons/thumb/a/a9/Flag_of_the_Soviet_Union.svg/23px-Flag_of_the_Soviet_Union.svg.png,MT-LB,destroyed,https://i.postimg.cc/vmqG8CXZ/mdes2.png,264,599,373,26,192,8,2022-10-04T21:08:09Z
Armoured Fighting Vehicles,Russia,https://upload.wikimedia.org/wikipedia/commons/thumb/a/a9/Flag_of_the_Soviet_Union.svg/23px-Flag_of_the_Soviet_Union.svg.png,MT-LB,destroyed,https://i.postimg.cc/ZYM41vF4/68.png,264,599,373,26,192,8,2022-10-04T21:08:09Z
Armoured Fighting Vehicles,Russia,https://upload.wikimedia.org/wikipedia/commons/thumb/a/a9/Flag_of_the_Soviet_Union.svg/23px-Flag_of_the_Soviet_Union.svg.png,MT-LB,destroyed,https://i.postimg.cc/mhxq2y0D/mttllbb1.jpg,264,599,373,26,192,8,2022-10-04T21:08:09Z
Armoured Fighting Vehicles,Russia,https://upload.wikimedia.org/wikipedia/commons/thumb/a/a9/Flag_of_the_Soviet_Union.svg/23px-Flag_of_the_Soviet_Union.svg.png,MT-LB,destroyed,https://postimg.cc/64wYVYXf,264,599,373,26,192,8,2022-10-04T21:08:09Z
Armoured Fighting Vehicles,Russia,https://upload.wikimedia.org/wikipedia/commons/thumb/a/a9/Flag_of_the_Soviet_Union.svg/23px-Flag_of_the_Soviet_Union.svg.png,MT-LB,destroyed,https://postimg.cc/XrpSy7x7,264,599,373,26,192,8,2022-10-04T21:08:09Z
Armoured Fighting Vehicles,Russia,https://upload.wikimedia.org/wikipedia/commons/thumb/a/a9/Flag_of_the_Soviet_Union.svg/23px-Flag_of_the_Soviet_Union.svg.png,MT-LB,destroyed,https://i.postimg.cc/fTmW72W8/XBb-IUx-U9-png-small.png,264,599,373,26,192,8,2022-10-04T21:08:09Z
Armoured Fighting Vehicles,Russia,https://upload.wikimedia.org/wikipedia/commons/thumb/a/a9/Flag_of_the_Soviet_Union.svg/23px-Flag_of_the_Soviet_Union.svg.png,MT-LB,destroyed,https://i.postimg.cc/sfBgxfkd/mttttllbbb.jpg,264,599,373,26,192,8,2022-10-04T21:08:09Z
Armoured Fighting Vehicles,Russia,https://upload.wikimedia.org/wikipedia/commons/thumb/a/a9/Flag_of_the_Soviet_Union.svg/23px-Flag_of_the_Soviet_Union.svg.png,MT-LB,destroyed,https://i.postimg.cc/G25V6CKv/mmtttlllbbbb.jpg,264,599,373,26,192,8,2022-10-04T21:08:09Z
Armoured Fighting Vehicles,Russia,https://upload.wikimedia.org/wikipedia/commons/thumb/a/a9/Flag_of_the_Soviet_Union.svg/23px-Flag_of_the_Soviet_Union.svg.png,MT-LB,destroyed,https://i.postimg.cc/XJXdKG76/1012.jpg,264,599,373,26,192,8,2022-10-04T21:08:09Z
Armoured Fighting Vehicles,Russia,https://upload.wikimedia.org/wikipedia/commons/thumb/a/a9/Flag_of_the_Soviet_Union.svg/23px-Flag_of_the_Soviet_Union.svg.png,MT-LB,destroyed,https://i.postimg.cc/bvNzhqx5/mttllbbb11.png,264,599,373,26,192,8,2022-10-04T21:08:09Z
Armoured Fighting Vehicles,Russia,https://upload.wikimedia.org/wikipedia/commons/thumb/a/a9/Flag_of_the_Soviet_Union.svg/23px-Flag_of_the_Soviet_Union.svg.png,MT-LB,destroyed,https://i.postimg.cc/2S1FjYXP/m1.png,264,599,373,26,192,8,2022-10-04T21:08:09Z
Armoured Fighting Vehicles,Russia,https://upload.wikimedia.org/wikipedia/commons/thumb/a/a9/Flag_of_the_Soviet_Union.svg/23px-Flag_of_the_Soviet_Union.svg.png,MT-LB,destroyed,https://i.postimg.cc/cHktJ5gH/mm1.png,264,599,373,26,192,8,2022-10-04T21:08:09Z
Armoured Fighting Vehicles,Russia,https://upload.wikimedia.org/wikipedia/commons/thumb/a/a9/Flag_of_the_Soviet_Union.svg/23px-Flag_of_the_Soviet_Union.svg.png,MT-LB,destroyed,https://i.postimg.cc/nVQqzp2f/mm2.png,264,599,373,26,192,8,2022-10-04T21:08:09Z
Armoured Fighting Vehicles,Russia,https://upload.wikimedia.org/wikipedia/commons/thumb/a/a9/Flag_of_the_Soviet_Union.svg/23px-Flag_of_the_Soviet_Union.svg.png,MT-LB,destroyed,https://i.postimg.cc/g2wrJ0xZ/652g.jpg,264,599,373,26,192,8,2022-10-04T21:08:09Z
Armoured Fighting Vehicles,Russia,https://upload.wikimedia.org/wikipedia/commons/thumb/a/a9/Flag_of_the_Soviet_Union.svg/23px-Flag_of_the_Soviet_Union.svg.png,MT-LB,destroyed,https://i.postimg.cc/g2wrJ0xZ/652g.jpg,264,599,373,26,192,8,2022-10-04T21:08:09Z
Armoured Fighting Vehicles,Russia,https://upload.wikimedia.org/wikipedia/commons/thumb/a/a9/Flag_of_the_Soviet_Union.svg/23px-Flag_of_the_Soviet_Union.svg.png,MT-LB,destroyed,https://i.postimg.cc/dQ2tP35V/43d.png,264,599,373,26,192,8,2022-10-04T21:08:09Z
Armoured Fighting Vehicles,Russia,https://upload.wikimedia.org/wikipedia/commons/thumb/a/a9/Flag_of_the_Soviet_Union.svg/23px-Flag_of_the_Soviet_Union.svg.png,MT-LB,destroyed,https://i.postimg.cc/BnmkrP58/43ff.jpg,264,599,373,26,192,8,2022-10-04T21:08:09Z
Armoured Fighting Vehicles,Russia,https://upload.wikimedia.org/wikipedia/commons/thumb/a/a9/Flag_of_the_Soviet_Union.svg/23px-Flag_of_the_Soviet_Union.svg.png,MT-LB,destroyed,https://twitter.com/UAWeapons/status/1523774073813168129,264,599,373,26,192,8,2022-10-04T21:08:09Z
Armoured Fighting Vehicles,Russia,https://upload.wikimedia.org/wikipedia/commons/thumb/a/a9/Flag_of_the_Soviet_Union.svg/23px-Flag_of_the_Soviet_Union.svg.png,MT-LB,destroyed,https://twitter.com/UAWeapons/status/1525557064176648205,264,599,373,26,192,8,2022-10-04T21:08:09Z
Armoured Fighting Vehicles,Russia,https://upload.wikimedia.org/wikipedia/commons/thumb/a/a9/Flag_of_the_Soviet_Union.svg/23px-Flag_of_the_Soviet_Union.svg.png,MT-LB,destroyed,https://twitter.com/UAWeapons/status/1527624405009977344,264,599,373,26,192,8,2022-10-04T21:08:09Z
Armoured Fighting Vehicles,Russia,https://upload.wikimedia.org/wikipedia/commons/thumb/a/a9/Flag_of_the_Soviet_Union.svg/23px-Flag_of_the_Soviet_Union.svg.png,MT-LB,destroyed,https://twitter.com/UAWeapons/status/1527977843837255680,264,599,373,26,192,8,2022-10-04T21:08:09Z
Armoured Fighting Vehicles,Russia,https://upload.wikimedia.org/wikipedia/commons/thumb/a/a9/Flag_of_the_Soviet_Union.svg/23px-Flag_of_the_Soviet_Union.svg.png,MT-LB,destroyed,https://twitter.com/UAWeapons/status/1528686611050942466,264,599,373,26,192,8,2022-10-04T21:08:09Z
Armoured Fighting Vehicles,Russia,https://upload.wikimedia.org/wikipedia/commons/thumb/a/a9/Flag_of_the_Soviet_Union.svg/23px-Flag_of_the_Soviet_Union.svg.png,MT-LB,destroyed,https://twitter.com/UAWeapons/status/1525929877966315520,264,599,373,26,192,8,2022-10-04T21:08:09Z
Armoured Fighting Vehicles,Russia,https://upload.wikimedia.org/wikipedia/commons/thumb/a/a9/Flag_of_the_Soviet_Union.svg/23px-Flag_of_the_Soviet_Union.svg.png,MT-LB,destroyed,https://i.postimg.cc/3JJCTH8P/23.jpg,264,599,373,26,192,8,2022-10-04T21:08:09Z
Armoured Fighting Vehicles,Russia,https://upload.wikimedia.org/wikipedia/commons/thumb/a/a9/Flag_of_the_Soviet_Union.svg/23px-Flag_of_the_Soviet_Union.svg.png,MT-LB,destroyed,https://i.postimg.cc/3JJCTH8P/23.jpg,264,599,373,26,192,8,2022-10-04T21:08:09Z
Armoured Fighting Vehicles,Russia,https://upload.wikimedia.org/wikipedia/commons/thumb/a/a9/Flag_of_the_Soviet_Union.svg/23px-Flag_of_the_Soviet_Union.svg.png,MT-LB,destroyed,https://i.postimg.cc/2yjvr4D4/1.jpg,264,599,373,26,192,8,2022-10-04T21:08:09Z
Armoured Fighting Vehicles,Russia,https://upload.wikimedia.org/wikipedia/commons/thumb/a/a9/Flag_of_the_Soviet_Union.svg/23px-Flag_of_the_Soviet_Union.svg.png,MT-LB,destroyed,https://i.postimg.cc/W1xMgFGv/4.jpg,264,599,373,26,192,8,2022-10-04T21:08:09Z
Armoured Fighting Vehicles,Russia,https://upload.wikimedia.org/wikipedia/commons/thumb/a/a9/Flag_of_the_Soviet_Union.svg/23px-Flag_of_the_Soviet_Union.svg.png,MT-LB,destroyed,https://twitter.com/UAWeapons/status/1530210208751951872,264,599,373,26,192,8,2022-10-04T21:08:09Z
Armoured Fighting Vehicles,Russia,https://upload.wikimedia.org/wikipedia/commons/thumb/a/a9/Flag_of_the_Soviet_Union.svg/23px-Flag_of_the_Soviet_Union.svg.png,MT-LB,destroyed,https://i.postimg.cc/2SWdnnqh/j7.jpg,264,599,373,26,192,8,2022-10-04T21:08:09Z
Armoured Fighting Vehicles,Russia,https://upload.wikimedia.org/wikipedia/commons/thumb/a/a9/Flag_of_the_Soviet_Union.svg/23px-Flag_of_the_Soviet_Union.svg.png,MT-LB,destroyed,https://i.postimg.cc/QNPYJMzg/h777.jpg,264,599,373,26,192,8,2022-10-04T21:08:09Z
Armoured Fighting Vehicles,Russia,https://upload.wikimedia.org/wikipedia/commons/thumb/a/a9/Flag_of_the_Soviet_Union.svg/23px-Flag_of_the_Soviet_Union.svg.png,MT-LB,destroyed,https://twitter.com/UAWeapons/status/1541061368434106368,264,599,373,26,192,8,2022-10-04T21:08:09Z
Armoured Fighting Vehicles,Russia,https://upload.wikimedia.org/wikipedia/commons/thumb/a/a9/Flag_of_the_Soviet_Union.svg/23px-Flag_of_the_Soviet_Union.svg.png,MT-LB,destroyed,https://twitter.com/UAWeapons/status/1541061368434106368,264,599,373,26,192,8,2022-10-04T21:08:09Z
Armoured Fighting Vehicles,Russia,https://upload.wikimedia.org/wikipedia/commons/thumb/a/a9/Flag_of_the_Soviet_Union.svg/23px-Flag_of_the_Soviet_Union.svg.png,MT-LB,destroyed,https://postimg.cc/Pp6LzMNd,264,599,373,26,192,8,2022-10-04T21:08:09Z
Armoured Fighting Vehicles,Russia,https://upload.wikimedia.org/wikipedia/commons/thumb/a/a9/Flag_of_the_Soviet_Union.svg/23px-Flag_of_the_Soviet_Union.svg.png,MT-LB,destroyed,https://postimg.cc/Pp6LzMNd,264,599,373,26,192,8,2022-10-04T21:08:09Z
Armoured Fighting Vehicles,Russia,https://upload.wikimedia.org/wikipedia/commons/thumb/a/a9/Flag_of_the_Soviet_Union.svg/23px-Flag_of_the_Soviet_Union.svg.png,MT-LB,destroyed,https://i.postimg.cc/cHwQVqVN/e-Vsa-X8-T8-jpg-large.jpg,264,599,373,26,192,8,2022-10-04T21:08:09Z
Armoured Fighting Vehicles,Russia,https://upload.wikimedia.org/wikipedia/commons/thumb/a/a9/Flag_of_the_Soviet_Union.svg/23px-Flag_of_the_Soviet_Union.svg.png,MT-LB,destroyed,https://i.postimg.cc/W4JrkLpJ/kmz.png,264,599,373,26,192,8,2022-10-04T21:08:09Z
Armoured Fighting Vehicles,Russia,https://upload.wikimedia.org/wikipedia/commons/thumb/a/a9/Flag_of_the_Soviet_Union.svg/23px-Flag_of_the_Soviet_Union.svg.png,MT-LB,destroyed,https://i.postimg.cc/T31nT5Z0/mmtttllbb.jpg,264,599,373,26,192,8,2022-10-04T21:08:09Z
Armoured Fighting Vehicles,Russia,https://upload.wikimedia.org/wikipedia/commons/thumb/a/a9/Flag_of_the_Soviet_Union.svg/23px-Flag_of_the_Soviet_Union.svg.png,MT-LB,destroyed,https://i.postimg.cc/RVXcrLbq/mtlbb.jpg,264,599,373,26,192,8,2022-10-04T21:08:09Z
Armoured Fighting Vehicles,Russia,https://upload.wikimedia.org/wikipedia/commons/thumb/a/a9/Flag_of_the_Soviet_Union.svg/23px-Flag_of_the_Soviet_Union.svg.png,MT-LB,destroyed,https://i.postimg.cc/T2jV06VV/mttllbb.png,264,599,373,26,192,8,2022-10-04T21:08:09Z
Armoured Fighting Vehicles,Russia,https://upload.wikimedia.org/wikipedia/commons/thumb/a/a9/Flag_of_the_Soviet_Union.svg/23px-Flag_of_the_Soviet_Union.svg.png,MT-LB,destroyed,https://i.postimg.cc/mkS7gYLX/n-AF2-QMi1-jpg-small.jpg,264,599,373,26,192,8,2022-10-04T21:08:09Z
Armoured Fighting Vehicles,Russia,https://upload.wikimedia.org/wikipedia/commons/thumb/a/a9/Flag_of_the_Soviet_Union.svg/23px-Flag_of_the_Soviet_Union.svg.png,MT-LB,destroyed,https://i.postimg.cc/SNyWtvdw/p-ZU4-Guo-L-jpg-medium.jpg,264,599,373,26,192,8,2022-10-04T21:08:09Z
Armoured Fighting Vehicles,Russia,https://upload.wikimedia.org/wikipedia/commons/thumb/a/a9/Flag_of_the_Soviet_Union.svg/23px-Flag_of_the_Soviet_Union.svg.png,MT-LB,destroyed,https://i.postimg.cc/htYTvPnB/ziqz0z-Ur-jpg-large.jpg,264,599,373,26,192,8,2022-10-04T21:08:09Z
Armoured Fighting Vehicles,Russia,https://upload.wikimedia.org/wikipedia/commons/thumb/a/a9/Flag_of_the_Soviet_Union.svg/23px-Flag_of_the_Soviet_Union.svg.png,MT-LB,destroyed,https://i.postimg.cc/rppG85WP/2022-09-18-MT-LB-1.jpg,264,599,373,26,192,8,2022-10-04T21:08:09Z
Armoured Fighting Vehicles,Russia,https://upload.wikimedia.org/wikipedia/commons/thumb/a/a9/Flag_of_the_Soviet_Union.svg/23px-Flag_of_the_Soviet_Union.svg.png,MT-LB,destroyed,https://twitter.com/UAWeapons/status/1540759573581008897,264,599,373,26,192,8,2022-10-04T21:08:09Z
Armoured Fighting Vehicles,Russia,https://upload.wikimedia.org/wikipedia/commons/thumb/a/a9/Flag_of_the_Soviet_Union.svg/23px-Flag_of_the_Soviet_Union.svg.png,MT-LB,destroyed,https://twitter.com/UAWeapons/status/1537885697721241600,264,599,373,26,192,8,2022-10-04T21:08:09Z
Armoured Fighting Vehicles,Russia,https://upload.wikimedia.org/wikipedia/commons/thumb/a/a9/Flag_of_the_Soviet_Union.svg/23px-Flag_of_the_Soviet_Union.svg.png,MT-LB,destroyed,https://twitter.com/UAWeapons/status/1538608332218458114,264,599,373,26,192,8,2022-10-04T21:08:09Z
Armoured Fighting Vehicles,Russia,https://upload.wikimedia.org/wikipedia/commons/thumb/a/a9/Flag_of_the_Soviet_Union.svg/23px-Flag_of_the_Soviet_Union.svg.png,MT-LB,destroyed,https://twitter.com/UAWeapons/status/1538608332218458114,264,599,373,26,192,8,2022-10-04T21:08:09Z
Armoured Fighting Vehicles,Russia,https://upload.wikimedia.org/wikipedia/commons/thumb/a/a9/Flag_of_the_Soviet_Union.svg/23px-Flag_of_the_Soviet_Union.svg.png,MT-LB,destroyed,https://twitter.com/UAWeapons/status/1538608332218458114,264,599,373,26,192,8,2022-10-04T21:08:09Z
Armoured Fighting Vehicles,Russia,https://upload.wikimedia.org/wikipedia/commons/thumb/a/a9/Flag_of_the_Soviet_Union.svg/23px-Flag_of_the_Soviet_Union.svg.png,MT-LB,destroyed,https://twitter.com/UAWeapons/status/1537106678654672896,264,599,373,26,192,8,2022-10-04T21:08:09Z
Armoured Fighting Vehicles,Russia,https://upload.wikimedia.org/wikipedia/commons/thumb/a/a9/Flag_of_the_Soviet_Union.svg/23px-Flag_of_the_Soviet_Union.svg.png,MT-LB,destroyed,https://twitter.com/UAWeapons/status/1536387180611895296,264,599,373,26,192,8,2022-10-04T21:08:09Z
Armoured Fighting Vehicles,Russia,https://upload.wikimedia.org/wikipedia/commons/thumb/a/a9/Flag_of_the_Soviet_Union.svg/23px-Flag_of_the_Soviet_Union.svg.png,MT-LB,destroyed,https://twitter.com/UAWeapons/status/1542984634778148864,264,599,373,26,192,8,2022-10-04T21:08:09Z
Armoured Fighting Vehicles,Russia,https://upload.wikimedia.org/wikipedia/commons/thumb/a/a9/Flag_of_the_Soviet_Union.svg/23px-Flag_of_the_Soviet_Union.svg.png,MT-LB,destroyed,https://twitter.com/UAWeapons/status/1542984634778148864,264,599,373,26,192,8,2022-10-04T21:08:09Z
Armoured Fighting Vehicles,Russia,https://upload.wikimedia.org/wikipedia/commons/thumb/a/a9/Flag_of_the_Soviet_Union.svg/23px-Flag_of_the_Soviet_Union.svg.png,MT-LB,destroyed,https://twitter.com/RALee85/status/1542909107832766470,264,599,373,26,192,8,2022-10-04T21:08:09Z
Armoured Fighting Vehicles,Russia,https://upload.wikimedia.org/wikipedia/commons/thumb/a/a9/Flag_of_the_Soviet_Union.svg/23px-Flag_of_the_Soviet_Union.svg.png,MT-LB,destroyed,https://twitter.com/Blue_Sauron/status/1543249912351145986,264,599,373,26,192,8,2022-10-04T21:08:09Z
Armoured Fighting Vehicles,Russia,https://upload.wikimedia.org/wikipedia/commons/thumb/a/a9/Flag_of_the_Soviet_Union.svg/23px-Flag_of_the_Soviet_Union.svg.png,MT-LB,destroyed,https://twitter.com/UAWeapons/status/1543208793907122179,264,599,373,26,192,8,2022-10-04T21:08:09Z
Armoured Fighting Vehicles,Russia,https://upload.wikimedia.org/wikipedia/commons/thumb/a/a9/Flag_of_the_Soviet_Union.svg/23px-Flag_of_the_Soviet_Union.svg.png,MT-LB,destroyed,https://twitter.com/UAWeapons/status/1543208793907122179,264,599,373,26,192,8,2022-10-04T21:08:09Z
Armoured Fighting Vehicles,Russia,https://upload.wikimedia.org/wikipedia/commons/thumb/a/a9/Flag_of_the_Soviet_Union.svg/23px-Flag_of_the_Soviet_Union.svg.png,MT-LB,destroyed,https://twitter.com/UAWeapons/status/1543208793907122179,264,599,373,26,192,8,2022-10-04T21:08:09Z
Armoured Fighting Vehicles,Russia,https://upload.wikimedia.org/wikipedia/commons/thumb/a/a9/Flag_of_the_Soviet_Union.svg/23px-Flag_of_the_Soviet_Union.svg.png,MT-LB,destroyed,https://twitter.com/UAWeapons/status/1544438189070352384,264,599,373,26,192,8,2022-10-04T21:08:09Z
Armoured Fighting Vehicles,Russia,https://upload.wikimedia.org/wikipedia/commons/thumb/a/a9/Flag_of_the_Soviet_Union.svg/23px-Flag_of_the_Soviet_Union.svg.png,MT-LB,destroyed,https://twitter.com/UAWeapons/status/1545356472699289600,264,599,373,26,192,8,2022-10-04T21:08:09Z
Armoured Fighting Vehicles,Russia,https://upload.wikimedia.org/wikipedia/commons/thumb/a/a9/Flag_of_the_Soviet_Union.svg/23px-Flag_of_the_Soviet_Union.svg.png,MT-LB,destroyed,https://twitter.com/Blue_Sauron/status/1545662172029673473,264,599,373,26,192,8,2022-10-04T21:08:09Z
Armoured Fighting Vehicles,Russia,https://upload.wikimedia.org/wikipedia/commons/thumb/a/a9/Flag_of_the_Soviet_Union.svg/23px-Flag_of_the_Soviet_Union.svg.png,MT-LB,destroyed,https://twitter.com/Blue_Sauron/status/1545668249886474241,264,599,373,26,192,8,2022-10-04T21:08:09Z
Armoured Fighting Vehicles,Russia,https://upload.wikimedia.org/wikipedia/commons/thumb/a/a9/Flag_of_the_Soviet_Union.svg/23px-Flag_of_the_Soviet_Union.svg.png,MT-LB,destroyed,https://twitter.com/Blue_Sauron/status/1545668249886474241,264,599,373,26,192,8,2022-10-04T21:08:09Z
Armoured Fighting Vehicles,Russia,https://upload.wikimedia.org/wikipedia/commons/thumb/a/a9/Flag_of_the_Soviet_Union.svg/23px-Flag_of_the_Soviet_Union.svg.png,MT-LB,destroyed,https://twitter.com/UAWeapons/status/1546089606365552640,264,599,373,26,192,8,2022-10-04T21:08:09Z
Armoured Fighting Vehicles,Russia,https://upload.wikimedia.org/wikipedia/commons/thumb/a/a9/Flag_of_the_Soviet_Union.svg/23px-Flag_of_the_Soviet_Union.svg.png,MT-LB,destroyed,https://i.postimg.cc/wMv4MPKW/1006.jpg,264,599,373,26,192,8,2022-10-04T21:08:09Z
Armoured Fighting Vehicles,Russia,https://upload.wikimedia.org/wikipedia/commons/thumb/a/a9/Flag_of_the_Soviet_Union.svg/23px-Flag_of_the_Soviet_Union.svg.png,MT-LB,destroyed,https://i.postimg.cc/q7yrqVbh/1001.jpg,264,599,373,26,192,8,2022-10-04T21:08:09Z
Armoured Fighting Vehicles,Russia,https://upload.wikimedia.org/wikipedia/commons/thumb/a/a9/Flag_of_the_Soviet_Union.svg/23px-Flag_of_the_Soviet_Union.svg.png,MT-LB,destroyed,https://i.postimg.cc/TPyPcvcf/1005.jpg,264,599,373,26,192,8,2022-10-04T21:08:09Z
Armoured Fighting Vehicles,Russia,https://upload.wikimedia.org/wikipedia/commons/thumb/a/a9/Flag_of_the_Soviet_Union.svg/23px-Flag_of_the_Soviet_Union.svg.png,MT-LB,destroyed,https://i.postimg.cc/gJWPGKj7/1001.jpg,264,599,373,26,192,8,2022-10-04T21:08:09Z
Armoured Fighting Vehicles,Russia,https://upload.wikimedia.org/wikipedia/commons/thumb/a/a9/Flag_of_the_Soviet_Union.svg/23px-Flag_of_the_Soviet_Union.svg.png,MT-LB,destroyed,https://i.postimg.cc/tTNGJVV4/1002.jpg,264,599,373,26,192,8,2022-10-04T21:08:09Z
Armoured Fighting Vehicles,Russia,https://upload.wikimedia.org/wikipedia/commons/thumb/a/a9/Flag_of_the_Soviet_Union.svg/23px-Flag_of_the_Soviet_Union.svg.png,MT-LB,destroyed,https://i.postimg.cc/C5vyHT7y/1003.jpg,264,599,373,26,192,8,2022-10-04T21:08:09Z
Armoured Fighting Vehicles,Russia,https://upload.wikimedia.org/wikipedia/commons/thumb/a/a9/Flag_of_the_Soviet_Union.svg/23px-Flag_of_the_Soviet_Union.svg.png,MT-LB,destroyed,https://i.postimg.cc/QxvsrFVB/1023-mtlb.jpg,264,599,373,26,192,8,2022-10-04T21:08:09Z
Armoured Fighting Vehicles,Russia,https://upload.wikimedia.org/wikipedia/commons/thumb/a/a9/Flag_of_the_Soviet_Union.svg/23px-Flag_of_the_Soviet_Union.svg.png,MT-LB,destroyed,https://i.postimg.cc/QVL9CqcX/1004.jpg,264,599,373,26,192,8,2022-10-04T21:08:09Z
Armoured Fighting Vehicles,Russia,https://upload.wikimedia.org/wikipedia/commons/thumb/a/a9/Flag_of_the_Soviet_Union.svg/23px-Flag_of_the_Soviet_Union.svg.png,MT-LB,destroyed,https://twitter.com/UAWeapons/status/1550928068444913671,264,599,373,26,192,8,2022-10-04T21:08:09Z
Armoured Fighting Vehicles,Russia,https://upload.wikimedia.org/wikipedia/commons/thumb/a/a9/Flag_of_the_Soviet_Union.svg/23px-Flag_of_the_Soviet_Union.svg.png,MT-LB,destroyed,https://twitter.com/UAWeapons/status/1550928100623622146,264,599,373,26,192,8,2022-10-04T21:08:09Z
Armoured Fighting Vehicles,Russia,https://upload.wikimedia.org/wikipedia/commons/thumb/a/a9/Flag_of_the_Soviet_Union.svg/23px-Flag_of_the_Soviet_Union.svg.png,MT-LB,destroyed,https://twitter.com/UAWeapons/status/1552403997805404166,264,599,373,26,192,8,2022-10-04T21:08:09Z
Armoured Fighting Vehicles,Russia,https://upload.wikimedia.org/wikipedia/commons/thumb/a/a9/Flag_of_the_Soviet_Union.svg/23px-Flag_of_the_Soviet_Union.svg.png,MT-LB,destroyed,https://twitter.com/UAWeapons/status/1555931635752771590,264,599,373,26,192,8,2022-10-04T21:08:09Z
Armoured Fighting Vehicles,Russia,https://upload.wikimedia.org/wikipedia/commons/thumb/a/a9/Flag_of_the_Soviet_Union.svg/23px-Flag_of_the_Soviet_Union.svg.png,MT-LB,destroyed,https://i.postimg.cc/h4kxGnK4/1000-mtlb.jpg,264,599,373,26,192,8,2022-10-04T21:08:09Z
Armoured Fighting Vehicles,Russia,https://upload.wikimedia.org/wikipedia/commons/thumb/a/a9/Flag_of_the_Soviet_Union.svg/23px-Flag_of_the_Soviet_Union.svg.png,MT-LB,destroyed,https://postimg.cc/DmJpccjq,264,599,373,26,192,8,2022-10-04T21:08:09Z
Armoured Fighting Vehicles,Russia,https://upload.wikimedia.org/wikipedia/commons/thumb/a/a9/Flag_of_the_Soviet_Union.svg/23px-Flag_of_the_Soviet_Union.svg.png,MT-LB,destroyed,https://postimg.cc/9rsFgVjL,264,599,373,26,192,8,2022-10-04T21:08:09Z
Armoured Fighting Vehicles,Russia,https://upload.wikimedia.org/wikipedia/commons/thumb/a/a9/Flag_of_the_Soviet_Union.svg/23px-Flag_of_the_Soviet_Union.svg.png,MT-LB,destroyed,https://postimg.cc/svWvr1mk,264,599,373,26,192,8,2022-10-04T21:08:09Z
Armoured Fighting Vehicles,Russia,https://upload.wikimedia.org/wikipedia/commons/thumb/a/a9/Flag_of_the_Soviet_Union.svg/23px-Flag_of_the_Soviet_Union.svg.png,MT-LB,destroyed,https://i.postimg.cc/m2xGjMj2/1006-mtlb.jpg,264,599,373,26,192,8,2022-10-04T21:08:09Z
Armoured Fighting Vehicles,Russia,https://upload.wikimedia.org/wikipedia/commons/thumb/a/a9/Flag_of_the_Soviet_Union.svg/23px-Flag_of_the_Soviet_Union.svg.png,MT-LB,destroyed,https://twitter.com/UAWeapons/status/1557039848179089409,264,599,373,26,192,8,2022-10-04T21:08:09Z
Armoured Fighting Vehicles,Russia,https://upload.wikimedia.org/wikipedia/commons/thumb/a/a9/Flag_of_the_Soviet_Union.svg/23px-Flag_of_the_Soviet_Union.svg.png,MT-LB,destroyed,https://twitter.com/UAWeapons/status/1557111929927237632,264,599,373,26,192,8,2022-10-04T21:08:09Z
Armoured Fighting Vehicles,Russia,https://upload.wikimedia.org/wikipedia/commons/thumb/a/a9/Flag_of_the_Soviet_Union.svg/23px-Flag_of_the_Soviet_Union.svg.png,MT-LB,destroyed,https://twitter.com/UAWeapons/status/1557655485456719872,264,599,373,26,192,8,2022-10-04T21:08:09Z
Armoured Fighting Vehicles,Russia,https://upload.wikimedia.org/wikipedia/commons/thumb/a/a9/Flag_of_the_Soviet_Union.svg/23px-Flag_of_the_Soviet_Union.svg.png,MT-LB,destroyed,https://twitter.com/UAWeapons/status/1557684866266939392,264,599,373,26,192,8,2022-10-04T21:08:09Z
Armoured Fighting Vehicles,Russia,https://upload.wikimedia.org/wikipedia/commons/thumb/a/a9/Flag_of_the_Soviet_Union.svg/23px-Flag_of_the_Soviet_Union.svg.png,MT-LB,destroyed,https://i.postimg.cc/G90HDCsq/1003-Kam-AZ-truck-mtlb.jpg,264,599,373,26,192,8,2022-10-04T21:08:09Z
Armoured Fighting Vehicles,Russia,https://upload.wikimedia.org/wikipedia/commons/thumb/a/a9/Flag_of_the_Soviet_Union.svg/23px-Flag_of_the_Soviet_Union.svg.png,MT-LB,destroyed,https://twitter.com/UAWeapons/status/1558891446144565250,264,599,373,26,192,8,2022-10-04T21:08:09Z
Armoured Fighting Vehicles,Russia,https://upload.wikimedia.org/wikipedia/commons/thumb/a/a9/Flag_of_the_Soviet_Union.svg/23px-Flag_of_the_Soviet_Union.svg.png,MT-LB,destroyed,https://i.postimg.cc/xCbryzDv/1001-mtlb.jpg,264,599,373,26,192,8,2022-10-04T21:08:09Z
Armoured Fighting Vehicles,Russia,https://upload.wikimedia.org/wikipedia/commons/thumb/a/a9/Flag_of_the_Soviet_Union.svg/23px-Flag_of_the_Soviet_Union.svg.png,MT-LB,destroyed,https://i.postimg.cc/QCGRjz0H/1015-mtlb.jpg,264,599,373,26,192,8,2022-10-04T21:08:09Z
Armoured Fighting Vehicles,Russia,https://upload.wikimedia.org/wikipedia/commons/thumb/a/a9/Flag_of_the_Soviet_Union.svg/23px-Flag_of_the_Soviet_Union.svg.png,MT-LB,destroyed,https://i.postimg.cc/d3gbhKM5/1008-mtlb.jpg,264,599,373,26,192,8,2022-10-04T21:08:09Z
Armoured Fighting Vehicles,Russia,https://upload.wikimedia.org/wikipedia/commons/thumb/a/a9/Flag_of_the_Soviet_Union.svg/23px-Flag_of_the_Soviet_Union.svg.png,MT-LB,destroyed,https://i.postimg.cc/yYjcTw9v/76.png,264,599,373,26,192,8,2022-10-04T21:08:09Z
Armoured Fighting Vehicles,Russia,https://upload.wikimedia.org/wikipedia/commons/thumb/a/a9/Flag_of_the_Soviet_Union.svg/23px-Flag_of_the_Soviet_Union.svg.png,MT-LB,destroyed,https://twitter.com/RALee85/status/1561806644543094784,264,599,373,26,192,8,2022-10-04T21:08:09Z
Armoured Fighting Vehicles,Russia,https://upload.wikimedia.org/wikipedia/commons/thumb/a/a9/Flag_of_the_Soviet_Union.svg/23px-Flag_of_the_Soviet_Union.svg.png,MT-LB,destroyed,https://i.postimg.cc/PxXR92jd/2022-09-23-MT-LB.jpg,264,599,373,26,192,8,2022-10-04T21:08:09Z
Armoured Fighting Vehicles,Russia,https://upload.wikimedia.org/wikipedia/commons/thumb/a/a9/Flag_of_the_Soviet_Union.svg/23px-Flag_of_the_Soviet_Union.svg.png,MT-LB,destroyed,https://twitter.com/UAWeapons/status/1566165635507408896,264,599,373,26,192,8,2022-10-04T21:08:09Z
Armoured Fighting Vehicles,Russia,https://upload.wikimedia.org/wikipedia/commons/thumb/a/a9/Flag_of_the_Soviet_Union.svg/23px-Flag_of_the_Soviet_Union.svg.png,MT-LB,destroyed,https://twitter.com/UAWeapons/status/1566166372069134338,264,599,373,26,192,8,2022-10-04T21:08:09Z
Armoured Fighting Vehicles,Russia,https://upload.wikimedia.org/wikipedia/commons/thumb/a/a9/Flag_of_the_Soviet_Union.svg/23px-Flag_of_the_Soviet_Union.svg.png,MT-LB,destroyed,https://i.postimg.cc/3JHkr9Xx/1016-mtlb.jpg,264,599,373,26,192,8,2022-10-04T21:08:09Z
Armoured Fighting Vehicles,Russia,https://upload.wikimedia.org/wikipedia/commons/thumb/a/a9/Flag_of_the_Soviet_Union.svg/23px-Flag_of_the_Soviet_Union.svg.png,MT-LB,destroyed,https://i.postimg.cc/1twyLhYc/1019-mtlb.jpg,264,599,373,26,192,8,2022-10-04T21:08:09Z
Armoured Fighting Vehicles,Russia,https://upload.wikimedia.org/wikipedia/commons/thumb/a/a9/Flag_of_the_Soviet_Union.svg/23px-Flag_of_the_Soviet_Union.svg.png,MT-LB,destroyed,https://twitter.com/UAWeapons/status/1569335718853640195,264,599,373,26,192,8,2022-10-04T21:08:09Z
Armoured Fighting Vehicles,Russia,https://upload.wikimedia.org/wikipedia/commons/thumb/a/a9/Flag_of_the_Soviet_Union.svg/23px-Flag_of_the_Soviet_Union.svg.png,MT-LB,destroyed,https://twitter.com/UAWeapons/status/1569414094624538628,264,599,373,26,192,8,2022-10-04T21:08:09Z
Armoured Fighting Vehicles,Russia,https://upload.wikimedia.org/wikipedia/commons/thumb/a/a9/Flag_of_the_Soviet_Union.svg/23px-Flag_of_the_Soviet_Union.svg.png,MT-LB,destroyed,https://i.postimg.cc/JzGgQ9gs/1000-mtlb-2x.jpg,264,599,373,26,192,8,2022-10-04T21:08:09Z
Armoured Fighting Vehicles,Russia,https://upload.wikimedia.org/wikipedia/commons/thumb/a/a9/Flag_of_the_Soviet_Union.svg/23px-Flag_of_the_Soviet_Union.svg.png,MT-LB,destroyed,https://i.postimg.cc/JzGgQ9gs/1000-mtlb-2x.jpg,264,599,373,26,192,8,2022-10-04T21:08:09Z
Armoured Fighting Vehicles,Russia,https://upload.wikimedia.org/wikipedia/commons/thumb/a/a9/Flag_of_the_Soviet_Union.svg/23px-Flag_of_the_Soviet_Union.svg.png,MT-LB,destroyed,https://i.postimg.cc/3JLVmKLM/1028-mtlb-2x.jpg,264,599,373,26,192,8,2022-10-04T21:08:09Z
Armoured Fighting Vehicles,Russia,https://upload.wikimedia.org/wikipedia/commons/thumb/a/a9/Flag_of_the_Soviet_Union.svg/23px-Flag_of_the_Soviet_Union.svg.png,MT-LB,destroyed,https://i.postimg.cc/3JLVmKLM/1028-mtlb-2x.jpg,264,599,373,26,192,8,2022-10-04T21:08:09Z
Armoured Fighting Vehicles,Russia,https://upload.wikimedia.org/wikipedia/commons/thumb/a/a9/Flag_of_the_Soviet_Union.svg/23px-Flag_of_the_Soviet_Union.svg.png,MT-LB,destroyed,https://twitter.com/UAWeapons/status/1569647344282378240,264,599,373,26,192,8,2022-10-04T21:08:09Z
Armoured Fighting Vehicles,Russia,https://upload.wikimedia.org/wikipedia/commons/thumb/a/a9/Flag_of_the_Soviet_Union.svg/23px-Flag_of_the_Soviet_Union.svg.png,MT-LB,destroyed,https://i.postimg.cc/jdVP6gFW/1004-mtlb.jpg,264,599,373,26,192,8,2022-10-04T21:08:09Z
Armoured Fighting Vehicles,Russia,https://upload.wikimedia.org/wikipedia/commons/thumb/a/a9/Flag_of_the_Soviet_Union.svg/23px-Flag_of_the_Soviet_Union.svg.png,MT-LB,destroyed,https://twitter.com/UAWeapons/status/1570506077929877504,264,599,373,26,192,8,2022-10-04T21:08:09Z
Armoured Fighting Vehicles,Russia,https://upload.wikimedia.org/wikipedia/commons/thumb/a/a9/Flag_of_the_Soviet_Union.svg/23px-Flag_of_the_Soviet_Union.svg.png,MT-LB,destroyed,https://twitter.com/UAWeapons/status/1570506077929877504,264,599,373,26,192,8,2022-10-04T21:08:09Z
Armoured Fighting Vehicles,Russia,https://upload.wikimedia.org/wikipedia/commons/thumb/a/a9/Flag_of_the_Soviet_Union.svg/23px-Flag_of_the_Soviet_Union.svg.png,MT-LB,destroyed,https://twitter.com/UAWeapons/status/1570427754566324225,264,599,373,26,192,8,2022-10-04T21:08:09Z
Armoured Fighting Vehicles,Russia,https://upload.wikimedia.org/wikipedia/commons/thumb/a/a9/Flag_of_the_Soviet_Union.svg/23px-Flag_of_the_Soviet_Union.svg.png,MT-LB,destroyed,https://i.postimg.cc/sxTRRJ3g/2022-09-14-307095797-3212297189018838-4688457807291624709-n.jpg,264,599,373,26,192,8,2022-10-04T21:08:09Z
Armoured Fighting Vehicles,Russia,https://upload.wikimedia.org/wikipedia/commons/thumb/a/a9/Flag_of_the_Soviet_Union.svg/23px-Flag_of_the_Soviet_Union.svg.png,MT-LB,destroyed,https://i.postimg.cc/d3k4HXL6/2022-09-29-MT-LB.jpg,264,599,373,26,192,8,2022-10-04T21:08:09Z
Armoured Fighting Vehicles,Russia,https://upload.wikimedia.org/wikipedia/commons/thumb/a/a9/Flag_of_the_Soviet_Union.svg/23px-Flag_of_the_Soviet_Union.svg.png,MT-LB,destroyed,https://i.postimg.cc/g2NvRCZs/2022-09-18-MT-LB-2.jpg,264,599,373,26,192,8,2022-10-04T21:08:09Z
Armoured Fighting Vehicles,Russia,https://upload.wikimedia.org/wikipedia/commons/thumb/a/a9/Flag_of_the_Soviet_Union.svg/23px-Flag_of_the_Soviet_Union.svg.png,MT-LB,destroyed,https://twitter.com/UAWeapons/status/1572155780698341376,264,599,373,26,192,8,2022-10-04T21:08:09Z
Armoured Fighting Vehicles,Russia,https://upload.wikimedia.org/wikipedia/commons/thumb/a/a9/Flag_of_the_Soviet_Union.svg/23px-Flag_of_the_Soviet_Union.svg.png,MT-LB,destroyed,https://twitter.com/UAWeapons/status/1572332220697948161,264,599,373,26,192,8,2022-10-04T21:08:09Z
Armoured Fighting Vehicles,Russia,https://upload.wikimedia.org/wikipedia/commons/thumb/a/a9/Flag_of_the_Soviet_Union.svg/23px-Flag_of_the_Soviet_Union.svg.png,MT-LB,destroyed,https://twitter.com/UAWeapons/status/1573414860775624704,264,599,373,26,192,8,2022-10-04T21:08:09Z
Armoured Fighting Vehicles,Russia,https://upload.wikimedia.org/wikipedia/commons/thumb/a/a9/Flag_of_the_Soviet_Union.svg/23px-Flag_of_the_Soviet_Union.svg.png,MT-LB,destroyed,https://i.postimg.cc/C5RgtJGf/1003-mtlb.jpg,264,599,373,26,192,8,2022-10-04T21:08:09Z
Armoured Fighting Vehicles,Russia,https://upload.wikimedia.org/wikipedia/commons/thumb/a/a9/Flag_of_the_Soviet_Union.svg/23px-Flag_of_the_Soviet_Union.svg.png,MT-LB,destroyed,https://twitter.com/UAWeapons/status/1574379264819941376,264,599,373,26,192,8,2022-10-04T21:08:09Z
Armoured Fighting Vehicles,Russia,https://upload.wikimedia.org/wikipedia/commons/thumb/a/a9/Flag_of_the_Soviet_Union.svg/23px-Flag_of_the_Soviet_Union.svg.png,MT-LB,destroyed,https://twitter.com/UAWeapons/status/1574379264819941376,264,599,373,26,192,8,2022-10-04T21:08:09Z
Armoured Fighting Vehicles,Russia,https://upload.wikimedia.org/wikipedia/commons/thumb/a/a9/Flag_of_the_Soviet_Union.svg/23px-Flag_of_the_Soviet_Union.svg.png,MT-LB,destroyed,https://twitter.com/UAWeapons/status/1576130135262040065,264,599,373,26,192,8,2022-10-04T21:08:09Z
Armoured Fighting Vehicles,Russia,https://upload.wikimedia.org/wikipedia/commons/thumb/a/a9/Flag_of_the_Soviet_Union.svg/23px-Flag_of_the_Soviet_Union.svg.png,MT-LB,destroyed,https://twitter.com/naalsio26/status/1576664189074305025,264,599,373,26,192,8,2022-10-04T21:08:09Z
Armoured Fighting Vehicles,Russia,https://upload.wikimedia.org/wikipedia/commons/thumb/a/a9/Flag_of_the_Soviet_Union.svg/23px-Flag_of_the_Soviet_Union.svg.png,MT-LB,destroyed,https://i.postimg.cc/J4W0qnhN/1006-mtlb-destr.jpg,264,599,373,26,192,8,2022-10-04T21:08:09Z
Armoured Fighting Vehicles,Russia,https://upload.wikimedia.org/wikipedia/commons/thumb/a/a9/Flag_of_the_Soviet_Union.svg/23px-Flag_of_the_Soviet_Union.svg.png,MT-LB,destroyed,https://i.postimg.cc/pLvbFhyZ/2022-04-10-MT-LB.jpg,264,599,373,26,192,8,2022-10-04T21:08:09Z
Armoured Fighting Vehicles,Russia,https://upload.wikimedia.org/wikipedia/commons/thumb/a/a9/Flag_of_the_Soviet_Union.svg/23px-Flag_of_the_Soviet_Union.svg.png,MT-LB,destroyed,https://twitter.com/UAWeapons/status/1577257323927511041,264,599,373,26,192,8,2022-10-04T21:08:09Z
Armoured Fighting Vehicles,Russia,https://upload.wikimedia.org/wikipedia/commons/thumb/a/a9/Flag_of_the_Soviet_Union.svg/23px-Flag_of_the_Soviet_Union.svg.png,MT-LB,damaged,https://twitter.com/UAWeapons/status/1538608332218458114,264,599,373,26,192,8,2022-10-04T21:08:09Z
Armoured Fighting Vehicles,Russia,https://upload.wikimedia.org/wikipedia/commons/thumb/a/a9/Flag_of_the_Soviet_Union.svg/23px-Flag_of_the_Soviet_Union.svg.png,MT-LB,abandoned,https://postimg.cc/VS1KyzvW,264,599,373,26,192,8,2022-10-04T21:08:09Z
Armoured Fighting Vehicles,Russia,https://upload.wikimedia.org/wikipedia/commons/thumb/a/a9/Flag_of_the_Soviet_Union.svg/23px-Flag_of_the_Soviet_Union.svg.png,MT-LB,abandoned,https://postimg.cc/VS1KyzvW,264,599,373,26,192,8,2022-10-04T21:08:09Z
Armoured Fighting Vehicles,Russia,https://upload.wikimedia.org/wikipedia/commons/thumb/a/a9/Flag_of_the_Soviet_Union.svg/23px-Flag_of_the_Soviet_Union.svg.png,MT-LB,abandoned,https://i.postimg.cc/yYY0Hk5C/73.jpg,264,599,373,26,192,8,2022-10-04T21:08:09Z
Armoured Fighting Vehicles,Russia,https://upload.wikimedia.org/wikipedia/commons/thumb/a/a9/Flag_of_the_Soviet_Union.svg/23px-Flag_of_the_Soviet_Union.svg.png,MT-LB,abandoned,https://i.postimg.cc/1z6127Wh/h54.png,264,599,373,26,192,8,2022-10-04T21:08:09Z
Armoured Fighting Vehicles,Russia,https://upload.wikimedia.org/wikipedia/commons/thumb/a/a9/Flag_of_the_Soviet_Union.svg/23px-Flag_of_the_Soviet_Union.svg.png,MT-LB,abandoned,https://i.postimg.cc/vHYqqTjM/544.png,264,599,373,26,192,8,2022-10-04T21:08:09Z
Armoured Fighting Vehicles,Russia,https://upload.wikimedia.org/wikipedia/commons/thumb/a/a9/Flag_of_the_Soviet_Union.svg/23px-Flag_of_the_Soviet_Union.svg.png,MT-LB,abandoned,https://twitter.com/UAWeapons/status/1543208793907122179,264,599,373,26,192,8,2022-10-04T21:08:09Z
Armoured Fighting Vehicles,Russia,https://upload.wikimedia.org/wikipedia/commons/thumb/a/a9/Flag_of_the_Soviet_Union.svg/23px-Flag_of_the_Soviet_Union.svg.png,MT-LB,abandoned,https://i.postimg.cc/MT7GfMmt/467.png,264,599,373,26,192,8,2022-10-04T21:08:09Z
Armoured Fighting Vehicles,Russia,https://upload.wikimedia.org/wikipedia/commons/thumb/a/a9/Flag_of_the_Soviet_Union.svg/23px-Flag_of_the_Soviet_Union.svg.png,MT-LB,abandoned,https://i.postimg.cc/SRx4st8h/46805.png,264,599,373,26,192,8,2022-10-04T21:08:09Z
Armoured Fighting Vehicles,Russia,https://upload.wikimedia.org/wikipedia/commons/thumb/a/a9/Flag_of_the_Soviet_Union.svg/23px-Flag_of_the_Soviet_Union.svg.png,MT-LB,abandoned,https://i.postimg.cc/44Pdb9wn/48.png,264,599,373,26,192,8,2022-10-04T21:08:09Z
Armoured Fighting Vehicles,Russia,https://upload.wikimedia.org/wikipedia/commons/thumb/a/a9/Flag_of_the_Soviet_Union.svg/23px-Flag_of_the_Soviet_Union.svg.png,MT-LB,abandoned,https://i.postimg.cc/26bSBK7B/6j.png,264,599,373,26,192,8,2022-10-04T21:08:09Z
Armoured Fighting Vehicles,Russia,https://upload.wikimedia.org/wikipedia/commons/thumb/a/a9/Flag_of_the_Soviet_Union.svg/23px-Flag_of_the_Soviet_Union.svg.png,MT-LB,abandoned,https://i.postimg.cc/JzjbsLP6/44313.jpg,264,599,373,26,192,8,2022-10-04T21:08:09Z
Armoured Fighting Vehicles,Russia,https://upload.wikimedia.org/wikipedia/commons/thumb/a/a9/Flag_of_the_Soviet_Union.svg/23px-Flag_of_the_Soviet_Union.svg.png,MT-LB,abandoned,https://i.postimg.cc/sXXbnXYV/mtlba3.jpg,264,599,373,26,192,8,2022-10-04T21:08:09Z
Armoured Fighting Vehicles,Russia,https://upload.wikimedia.org/wikipedia/commons/thumb/a/a9/Flag_of_the_Soviet_Union.svg/23px-Flag_of_the_Soviet_Union.svg.png,MT-LB,abandoned,https://i.postimg.cc/C5DtPkWd/f2.jpg,264,599,373,26,192,8,2022-10-04T21:08:09Z
Armoured Fighting Vehicles,Russia,https://upload.wikimedia.org/wikipedia/commons/thumb/a/a9/Flag_of_the_Soviet_Union.svg/23px-Flag_of_the_Soviet_Union.svg.png,MT-LB,abandoned,https://i.postimg.cc/j5Bm4Z3G/f1.jpg,264,599,373,26,192,8,2022-10-04T21:08:09Z
Armoured Fighting Vehicles,Russia,https://upload.wikimedia.org/wikipedia/commons/thumb/a/a9/Flag_of_the_Soviet_Union.svg/23px-Flag_of_the_Soviet_Union.svg.png,MT-LB,abandoned,https://i.postimg.cc/j5Bm4Z3G/f1.jpg,264,599,373,26,192,8,2022-10-04T21:08:09Z
Armoured Fighting Vehicles,Russia,https://upload.wikimedia.org/wikipedia/commons/thumb/a/a9/Flag_of_the_Soviet_Union.svg/23px-Flag_of_the_Soviet_Union.svg.png,MT-LB,captured,https://i.postimg.cc/T121NnkK/mcap3.jpg,264,599,373,26,192,8,2022-10-04T21:08:09Z
Armoured Fighting Vehicles,Russia,https://upload.wikimedia.org/wikipedia/commons/thumb/a/a9/Flag_of_the_Soviet_Union.svg/23px-Flag_of_the_Soviet_Union.svg.png,MT-LB,captured,https://i.postimg.cc/J0TnftgP/mcap5.jpg,264,599,373,26,192,8,2022-10-04T21:08:09Z
Armoured Fighting Vehicles,Russia,https://upload.wikimedia.org/wikipedia/commons/thumb/a/a9/Flag_of_the_Soviet_Union.svg/23px-Flag_of_the_Soviet_Union.svg.png,MT-LB,captured,https://i.postimg.cc/qBGCcvmt/mtttlllbbbb.png,264,599,373,26,192,8,2022-10-04T21:08:09Z
Armoured Fighting Vehicles,Russia,https://upload.wikimedia.org/wikipedia/commons/thumb/a/a9/Flag_of_the_Soviet_Union.svg/23px-Flag_of_the_Soviet_Union.svg.png,MT-LB,captured,https://i.postimg.cc/jS1fW3MZ/mttllbb.png,264,599,373,26,192,8,2022-10-04T21:08:09Z
Armoured Fighting Vehicles,Russia,https://upload.wikimedia.org/wikipedia/commons/thumb/a/a9/Flag_of_the_Soviet_Union.svg/23px-Flag_of_the_Soviet_Union.svg.png,MT-LB,captured,https://i.postimg.cc/Mp8q36MR/mmttllbbb.jpg,264,599,373,26,192,8,2022-10-04T21:08:09Z
Armoured Fighting Vehicles,Russia,https://upload.wikimedia.org/wikipedia/commons/thumb/a/a9/Flag_of_the_Soviet_Union.svg/23px-Flag_of_the_Soviet_Union.svg.png,MT-LB,captured,https://i.postimg.cc/QCgg1gFV/mttlbb.png,264,599,373,26,192,8,2022-10-04T21:08:09Z
Armoured Fighting Vehicles,Russia,https://upload.wikimedia.org/wikipedia/commons/thumb/a/a9/Flag_of_the_Soviet_Union.svg/23px-Flag_of_the_Soviet_Union.svg.png,MT-LB,captured,https://i.postimg.cc/Dw6Cthym/mtllllllbb.jpg,264,599,373,26,192,8,2022-10-04T21:08:09Z
Armoured Fighting Vehicles,Russia,https://upload.wikimedia.org/wikipedia/commons/thumb/a/a9/Flag_of_the_Soviet_Union.svg/23px-Flag_of_the_Soviet_Union.svg.png,MT-LB,captured,https://i.postimg.cc/mkWNPp20/mttlbb.jpg,264,599,373,26,192,8,2022-10-04T21:08:09Z
Armoured Fighting Vehicles,Russia,https://upload.wikimedia.org/wikipedia/commons/thumb/a/a9/Flag_of_the_Soviet_Union.svg/23px-Flag_of_the_Soviet_Union.svg.png,MT-LB,captured,https://i.postimg.cc/NGCL3qJs/223.jpg,264,599,373,26,192,8,2022-10-04T21:08:09Z
Armoured Fighting Vehicles,Russia,https://upload.wikimedia.org/wikipedia/commons/thumb/a/a9/Flag_of_the_Soviet_Union.svg/23px-Flag_of_the_Soviet_Union.svg.png,MT-LB,captured,https://i.postimg.cc/Y0T6mhg2/887.jpg,264,599,373,26,192,8,2022-10-04T21:08:09Z
Armoured Fighting Vehicles,Russia,https://upload.wikimedia.org/wikipedia/commons/thumb/a/a9/Flag_of_the_Soviet_Union.svg/23px-Flag_of_the_Soviet_Union.svg.png,MT-LB,captured,https://i.postimg.cc/KYjm92YL/998.jpg,264,599,373,26,192,8,2022-10-04T21:08:09Z
Armoured Fighting Vehicles,Russia,https://upload.wikimedia.org/wikipedia/commons/thumb/a/a9/Flag_of_the_Soviet_Union.svg/23px-Flag_of_the_Soviet_Union.svg.png,MT-LB,captured,https://i.postimg.cc/rF926ys3/d11.jpg,264,599,373,26,192,8,2022-10-04T21:08:09Z
Armoured Fighting Vehicles,Russia,https://upload.wikimedia.org/wikipedia/commons/thumb/a/a9/Flag_of_the_Soviet_Union.svg/23px-Flag_of_the_Soviet_Union.svg.png,MT-LB,captured,https://i.postimg.cc/TYbyywLR/284.png,264,599,373,26,192,8,2022-10-04T21:08:09Z
Armoured Fighting Vehicles,Russia,https://upload.wikimedia.org/wikipedia/commons/thumb/a/a9/Flag_of_the_Soviet_Union.svg/23px-Flag_of_the_Soviet_Union.svg.png,MT-LB,captured,https://i.postimg.cc/Y0G7hqd2/431f.jpg,264,599,373,26,192,8,2022-10-04T21:08:09Z
Armoured Fighting Vehicles,Russia,https://upload.wikimedia.org/wikipedia/commons/thumb/a/a9/Flag_of_the_Soviet_Union.svg/23px-Flag_of_the_Soviet_Union.svg.png,MT-LB,captured,https://i.postimg.cc/yxQ7Tpk8/328.jpg,264,599,373,26,192,8,2022-10-04T21:08:09Z
Armoured Fighting Vehicles,Russia,https://upload.wikimedia.org/wikipedia/commons/thumb/a/a9/Flag_of_the_Soviet_Union.svg/23px-Flag_of_the_Soviet_Union.svg.png,MT-LB,captured,https://postimg.cc/k2np4knK,264,599,373,26,192,8,2022-10-04T21:08:09Z
Armoured Fighting Vehicles,Russia,https://upload.wikimedia.org/wikipedia/commons/thumb/a/a9/Flag_of_the_Soviet_Union.svg/23px-Flag_of_the_Soviet_Union.svg.png,MT-LB,captured,https://i.postimg.cc/GhcXwc5b/47.png,264,599,373,26,192,8,2022-10-04T21:08:09Z
Armoured Fighting Vehicles,Russia,https://upload.wikimedia.org/wikipedia/commons/thumb/a/a9/Flag_of_the_Soviet_Union.svg/23px-Flag_of_the_Soviet_Union.svg.png,MT-LB,captured,https://twitter.com/UAWeapons/status/1529865401072590848,264,599,373,26,192,8,2022-10-04T21:08:09Z
Armoured Fighting Vehicles,Russia,https://upload.wikimedia.org/wikipedia/commons/thumb/a/a9/Flag_of_the_Soviet_Union.svg/23px-Flag_of_the_Soviet_Union.svg.png,MT-LB,captured,https://i.postimg.cc/BbNYQPQc/hh6.png,264,599,373,26,192,8,2022-10-04T21:08:09Z
Armoured Fighting Vehicles,Russia,https://upload.wikimedia.org/wikipedia/commons/thumb/a/a9/Flag_of_the_Soviet_Union.svg/23px-Flag_of_the_Soviet_Union.svg.png,MT-LB,captured,https://i.postimg.cc/sx950sSB/Screenshot-8457.png,264,599,373,26,192,8,2022-10-04T21:08:09Z
Armoured Fighting Vehicles,Russia,https://upload.wikimedia.org/wikipedia/commons/thumb/a/a9/Flag_of_the_Soviet_Union.svg/23px-Flag_of_the_Soviet_Union.svg.png,MT-LB,captured,https://i.postimg.cc/wTYJPs3P/Screenshot-8472.png,264,599,373,26,192,8,2022-10-04T21:08:09Z
Armoured Fighting Vehicles,Russia,https://upload.wikimedia.org/wikipedia/commons/thumb/a/a9/Flag_of_the_Soviet_Union.svg/23px-Flag_of_the_Soviet_Union.svg.png,MT-LB,captured,https://i.postimg.cc/zfR1wLP0/3d.png,264,599,373,26,192,8,2022-10-04T21:08:09Z
Armoured Fighting Vehicles,Russia,https://upload.wikimedia.org/wikipedia/commons/thumb/a/a9/Flag_of_the_Soviet_Union.svg/23px-Flag_of_the_Soviet_Union.svg.png,MT-LB,captured,https://i.postimg.cc/VLGGrwbj/h652.png,264,599,373,26,192,8,2022-10-04T21:08:09Z
Armoured Fighting Vehicles,Russia,https://upload.wikimedia.org/wikipedia/commons/thumb/a/a9/Flag_of_the_Soviet_Union.svg/23px-Flag_of_the_Soviet_Union.svg.png,MT-LB,captured,https://i.postimg.cc/0NQJNZ6L/499.png,264,599,373,26,192,8,2022-10-04T21:08:09Z
Armoured Fighting Vehicles,Russia,https://upload.wikimedia.org/wikipedia/commons/thumb/a/a9/Flag_of_the_Soviet_Union.svg/23px-Flag_of_the_Soviet_Union.svg.png,MT-LB,captured,https://i.postimg.cc/2jhR1hxm/1003-mtlb.jpg,264,599,373,26,192,8,2022-10-04T21:08:09Z
Armoured Fighting Vehicles,Russia,https://upload.wikimedia.org/wikipedia/commons/thumb/a/a9/Flag_of_the_Soviet_Union.svg/23px-Flag_of_the_Soviet_Union.svg.png,MT-LB,captured,https://postimg.cc/LhJKL51n,264,599,373,26,192,8,2022-10-04T21:08:09Z
Armoured Fighting Vehicles,Russia,https://upload.wikimedia.org/wikipedia/commons/thumb/a/a9/Flag_of_the_Soviet_Union.svg/23px-Flag_of_the_Soviet_Union.svg.png,MT-LB,captured,https://i.postimg.cc/59rtbb1q/7u.png,264,599,373,26,192,8,2022-10-04T21:08:09Z
Armoured Fighting Vehicles,Russia,https://upload.wikimedia.org/wikipedia/commons/thumb/a/a9/Flag_of_the_Soviet_Union.svg/23px-Flag_of_the_Soviet_Union.svg.png,MT-LB,captured,https://i.postimg.cc/yd17Cb3g/556.png,264,599,373,26,192,8,2022-10-04T21:08:09Z
Armoured Fighting Vehicles,Russia,https://upload.wikimedia.org/wikipedia/commons/thumb/a/a9/Flag_of_the_Soviet_Union.svg/23px-Flag_of_the_Soviet_Union.svg.png,MT-LB,captured,https://i.postimg.cc/R08pWBP4/4f13.png,264,599,373,26,192,8,2022-10-04T21:08:09Z
Armoured Fighting Vehicles,Russia,https://upload.wikimedia.org/wikipedia/commons/thumb/a/a9/Flag_of_the_Soviet_Union.svg/23px-Flag_of_the_Soviet_Union.svg.png,MT-LB,captured,https://i.postimg.cc/8P8dYp4t/33190.png,264,599,373,26,192,8,2022-10-04T21:08:09Z
Armoured Fighting Vehicles,Russia,https://upload.wikimedia.org/wikipedia/commons/thumb/a/a9/Flag_of_the_Soviet_Union.svg/23px-Flag_of_the_Soviet_Union.svg.png,MT-LB,captured,https://i.postimg.cc/25LrRT0N/159.png,264,599,373,26,192,8,2022-10-04T21:08:09Z
Armoured Fighting Vehicles,Russia,https://upload.wikimedia.org/wikipedia/commons/thumb/a/a9/Flag_of_the_Soviet_Union.svg/23px-Flag_of_the_Soviet_Union.svg.png,MT-LB,captured,https://i.postimg.cc/zBV1Nswm/4178.png,264,599,373,26,192,8,2022-10-04T21:08:09Z
Armoured Fighting Vehicles,Russia,https://upload.wikimedia.org/wikipedia/commons/thumb/a/a9/Flag_of_the_Soviet_Union.svg/23px-Flag_of_the_Soviet_Union.svg.png,MT-LB,captured,https://i.postimg.cc/mk6zFPwD/3256.png,264,599,373,26,192,8,2022-10-04T21:08:09Z
Armoured Fighting Vehicles,Russia,https://upload.wikimedia.org/wikipedia/commons/thumb/a/a9/Flag_of_the_Soviet_Union.svg/23px-Flag_of_the_Soviet_Union.svg.png,MT-LB,captured,https://i.postimg.cc/NFpFq3xL/f5.png,264,599,373,26,192,8,2022-10-04T21:08:09Z
Armoured Fighting Vehicles,Russia,https://upload.wikimedia.org/wikipedia/commons/thumb/a/a9/Flag_of_the_Soviet_Union.svg/23px-Flag_of_the_Soviet_Union.svg.png,MT-LB,captured,https://i.postimg.cc/MpFFy9Nx/d776.jpg,264,599,373,26,192,8,2022-10-04T21:08:09Z
Armoured Fighting Vehicles,Russia,https://upload.wikimedia.org/wikipedia/commons/thumb/a/a9/Flag_of_the_Soviet_Union.svg/23px-Flag_of_the_Soviet_Union.svg.png,MT-LB,captured,https://i.postimg.cc/TwPYMJ20/327.png,264,599,373,26,192,8,2022-10-04T21:08:09Z
Armoured Fighting Vehicles,Russia,https://upload.wikimedia.org/wikipedia/commons/thumb/a/a9/Flag_of_the_Soviet_Union.svg/23px-Flag_of_the_Soviet_Union.svg.png,MT-LB,captured,https://i.postimg.cc/VvX9cCkf/1001.jpg,264,599,373,26,192,8,2022-10-04T21:08:09Z
Armoured Fighting Vehicles,Russia,https://upload.wikimedia.org/wikipedia/commons/thumb/a/a9/Flag_of_the_Soviet_Union.svg/23px-Flag_of_the_Soviet_Union.svg.png,MT-LB,captured,https://i.postimg.cc/hGSbqkz3/gm.jpg,264,599,373,26,192,8,2022-10-04T21:08:09Z
Armoured Fighting Vehicles,Russia,https://upload.wikimedia.org/wikipedia/commons/thumb/a/a9/Flag_of_the_Soviet_Union.svg/23px-Flag_of_the_Soviet_Union.svg.png,MT-LB,captured,https://i.postimg.cc/htrfGgST/4f2.png,264,599,373,26,192,8,2022-10-04T21:08:09Z
Armoured Fighting Vehicles,Russia,https://upload.wikimedia.org/wikipedia/commons/thumb/a/a9/Flag_of_the_Soviet_Union.svg/23px-Flag_of_the_Soviet_Union.svg.png,MT-LB,captured,https://i.postimg.cc/HL8ssP7K/2113.jpg,264,599,373,26,192,8,2022-10-04T21:08:09Z
Armoured Fighting Vehicles,Russia,https://upload.wikimedia.org/wikipedia/commons/thumb/a/a9/Flag_of_the_Soviet_Union.svg/23px-Flag_of_the_Soviet_Union.svg.png,MT-LB,captured,https://i.postimg.cc/W3F7bj2Z/689.jpg,264,599,373,26,192,8,2022-10-04T21:08:09Z
Armoured Fighting Vehicles,Russia,https://upload.wikimedia.org/wikipedia/commons/thumb/a/a9/Flag_of_the_Soviet_Union.svg/23px-Flag_of_the_Soviet_Union.svg.png,MT-LB,captured,https://i.postimg.cc/jdLY52gL/83.jpg,264,599,373,26,192,8,2022-10-04T21:08:09Z
Armoured Fighting Vehicles,Russia,https://upload.wikimedia.org/wikipedia/commons/thumb/a/a9/Flag_of_the_Soviet_Union.svg/23px-Flag_of_the_Soviet_Union.svg.png,MT-LB,captured,https://twitter.com/UAWeapons/status/1553687272817659906,264,599,373,26,192,8,2022-10-04T21:08:09Z
Armoured Fighting Vehicles,Russia,https://upload.wikimedia.org/wikipedia/commons/thumb/a/a9/Flag_of_the_Soviet_Union.svg/23px-Flag_of_the_Soviet_Union.svg.png,MT-LB,captured,https://i.postimg.cc/PNGV1q9Y/1005-mtlb.jpg,264,599,373,26,192,8,2022-10-04T21:08:09Z
Armoured Fighting Vehicles,Russia,https://upload.wikimedia.org/wikipedia/commons/thumb/a/a9/Flag_of_the_Soviet_Union.svg/23px-Flag_of_the_Soviet_Union.svg.png,MT-LB,captured,https://i.postimg.cc/0y71Y84h/1001-mtlb.jpg,264,599,373,26,192,8,2022-10-04T21:08:09Z
Armoured Fighting Vehicles,Russia,https://upload.wikimedia.org/wikipedia/commons/thumb/a/a9/Flag_of_the_Soviet_Union.svg/23px-Flag_of_the_Soviet_Union.svg.png,MT-LB,captured,https://i.postimg.cc/mkWRdTrm/1008.jpg,264,599,373,26,192,8,2022-10-04T21:08:09Z
Armoured Fighting Vehicles,Russia,https://upload.wikimedia.org/wikipedia/commons/thumb/a/a9/Flag_of_the_Soviet_Union.svg/23px-Flag_of_the_Soviet_Union.svg.png,MT-LB,captured,https://i.postimg.cc/63qWGyGT/4331.jpg,264,599,373,26,192,8,2022-10-04T21:08:09Z
Armoured Fighting Vehicles,Russia,https://upload.wikimedia.org/wikipedia/commons/thumb/a/a9/Flag_of_the_Soviet_Union.svg/23px-Flag_of_the_Soviet_Union.svg.png,MT-LB,captured,https://postimg.cc/NL86gZDS,264,599,373,26,192,8,2022-10-04T21:08:09Z
Armoured Fighting Vehicles,Russia,https://upload.wikimedia.org/wikipedia/commons/thumb/a/a9/Flag_of_the_Soviet_Union.svg/23px-Flag_of_the_Soviet_Union.svg.png,MT-LB,captured,https://i.postimg.cc/3N7mRGKv/dv.jpg,264,599,373,26,192,8,2022-10-04T21:08:09Z
Armoured Fighting Vehicles,Russia,https://upload.wikimedia.org/wikipedia/commons/thumb/a/a9/Flag_of_the_Soviet_Union.svg/23px-Flag_of_the_Soviet_Union.svg.png,MT-LB,captured,https://i.postimg.cc/W429dwZ6/v9.png,264,599,373,26,192,8,2022-10-04T21:08:09Z
Armoured Fighting Vehicles,Russia,https://upload.wikimedia.org/wikipedia/commons/thumb/a/a9/Flag_of_the_Soviet_Union.svg/23px-Flag_of_the_Soviet_Union.svg.png,MT-LB,captured,https://i.postimg.cc/v8rV0sFZ/5t.jpg,264,599,373,26,192,8,2022-10-04T21:08:09Z
Armoured Fighting Vehicles,Russia,https://upload.wikimedia.org/wikipedia/commons/thumb/a/a9/Flag_of_the_Soviet_Union.svg/23px-Flag_of_the_Soviet_Union.svg.png,MT-LB,captured,https://i.postimg.cc/d1d6qZKQ/558.png,264,599,373,26,192,8,2022-10-04T21:08:09Z
Armoured Fighting Vehicles,Russia,https://upload.wikimedia.org/wikipedia/commons/thumb/a/a9/Flag_of_the_Soviet_Union.svg/23px-Flag_of_the_Soviet_Union.svg.png,MT-LB,captured,https://i.postimg.cc/3xDYnyx3/mtlbb.png,264,599,373,26,192,8,2022-10-04T21:08:09Z
Armoured Fighting Vehicles,Russia,https://upload.wikimedia.org/wikipedia/commons/thumb/a/a9/Flag_of_the_Soviet_Union.svg/23px-Flag_of_the_Soviet_Union.svg.png,MT-LB,captured,https://i.postimg.cc/63TX4Tgs/mtlbbb.png,264,599,373,26,192,8,2022-10-04T21:08:09Z
Armoured Fighting Vehicles,Russia,https://upload.wikimedia.org/wikipedia/commons/thumb/a/a9/Flag_of_the_Soviet_Union.svg/23px-Flag_of_the_Soviet_Union.svg.png,MT-LB,captured,https://i.postimg.cc/hP378d9t/1002-mtlb.jpg,264,599,373,26,192,8,2022-10-04T21:08:09Z
Armoured Fighting Vehicles,Russia,https://upload.wikimedia.org/wikipedia/commons/thumb/a/a9/Flag_of_the_Soviet_Union.svg/23px-Flag_of_the_Soviet_Union.svg.png,MT-LB,captured,https://i.postimg.cc/FFMGvhv9/1001-mtlb.jpg,264,599,373,26,192,8,2022-10-04T21:08:09Z
Armoured Fighting Vehicles,Russia,https://upload.wikimedia.org/wikipedia/commons/thumb/a/a9/Flag_of_the_Soviet_Union.svg/23px-Flag_of_the_Soviet_Union.svg.png,MT-LB,captured,https://twitter.com/UAWeapons/status/1568352148102025217,264,599,373,26,192,8,2022-10-04T21:08:09Z
Armoured Fighting Vehicles,Russia,https://upload.wikimedia.org/wikipedia/commons/thumb/a/a9/Flag_of_the_Soviet_Union.svg/23px-Flag_of_the_Soviet_Union.svg.png,MT-LB,captured,https://i.postimg.cc/hj8F3KDf/1025-mtlb.jpg,264,599,373,26,192,8,2022-10-04T21:08:09Z
Armoured Fighting Vehicles,Russia,https://upload.wikimedia.org/wikipedia/commons/thumb/a/a9/Flag_of_the_Soviet_Union.svg/23px-Flag_of_the_Soviet_Union.svg.png,MT-LB,captured,https://twitter.com/UAWeapons/status/1568985785176571913,264,599,373,26,192,8,2022-10-04T21:08:09Z
Armoured Fighting Vehicles,Russia,https://upload.wikimedia.org/wikipedia/commons/thumb/a/a9/Flag_of_the_Soviet_Union.svg/23px-Flag_of_the_Soviet_Union.svg.png,MT-LB,captured,https://twitter.com/UAWeapons/status/1568899212976201728,264,599,373,26,192,8,2022-10-04T21:08:09Z
Armoured Fighting Vehicles,Russia,https://upload.wikimedia.org/wikipedia/commons/thumb/a/a9/Flag_of_the_Soviet_Union.svg/23px-Flag_of_the_Soviet_Union.svg.png,MT-LB,captured,https://twitter.com/UAWeapons/status/1568899212976201728,264,599,373,26,192,8,2022-10-04T21:08:09Z
Armoured Fighting Vehicles,Russia,https://upload.wikimedia.org/wikipedia/commons/thumb/a/a9/Flag_of_the_Soviet_Union.svg/23px-Flag_of_the_Soviet_Union.svg.png,MT-LB,captured,https://twitter.com/UAWeapons/status/1568899212976201728,264,599,373,26,192,8,2022-10-04T21:08:09Z
Armoured Fighting Vehicles,Russia,https://upload.wikimedia.org/wikipedia/commons/thumb/a/a9/Flag_of_the_Soviet_Union.svg/23px-Flag_of_the_Soviet_Union.svg.png,MT-LB,captured,https://twitter.com/UAWeapons/status/1568899223139110913,264,599,373,26,192,8,2022-10-04T21:08:09Z
Armoured Fighting Vehicles,Russia,https://upload.wikimedia.org/wikipedia/commons/thumb/a/a9/Flag_of_the_Soviet_Union.svg/23px-Flag_of_the_Soviet_Union.svg.png,MT-LB,captured,https://twitter.com/UAWeapons/status/1568899223139110913,264,599,373,26,192,8,2022-10-04T21:08:09Z
Armoured Fighting Vehicles,Russia,https://upload.wikimedia.org/wikipedia/commons/thumb/a/a9/Flag_of_the_Soviet_Union.svg/23px-Flag_of_the_Soviet_Union.svg.png,MT-LB,captured,https://twitter.com/UAWeapons/status/1569058662869516289,264,599,373,26,192,8,2022-10-04T21:08:09Z
Armoured Fighting Vehicles,Russia,https://upload.wikimedia.org/wikipedia/commons/thumb/a/a9/Flag_of_the_Soviet_Union.svg/23px-Flag_of_the_Soviet_Union.svg.png,MT-LB,captured,https://twitter.com/UAWeapons/status/1569069209724030976,264,599,373,26,192,8,2022-10-04T21:08:09Z
Armoured Fighting Vehicles,Russia,https://upload.wikimedia.org/wikipedia/commons/thumb/a/a9/Flag_of_the_Soviet_Union.svg/23px-Flag_of_the_Soviet_Union.svg.png,MT-LB,captured,https://twitter.com/UAWeapons/status/1569229402860552192,264,599,373,26,192,8,2022-10-04T21:08:09Z
Armoured Fighting Vehicles,Russia,https://upload.wikimedia.org/wikipedia/commons/thumb/a/a9/Flag_of_the_Soviet_Union.svg/23px-Flag_of_the_Soviet_Union.svg.png,MT-LB,captured,https://twitter.com/UAWeapons/status/1569229402860552192,264,599,373,26,192,8,2022-10-04T21:08:09Z
Armoured Fighting Vehicles,Russia,https://upload.wikimedia.org/wikipedia/commons/thumb/a/a9/Flag_of_the_Soviet_Union.svg/23px-Flag_of_the_Soviet_Union.svg.png,MT-LB,captured,https://twitter.com/UAWeapons/status/1569229402860552192,264,599,373,26,192,8,2022-10-04T21:08:09Z
Armoured Fighting Vehicles,Russia,https://upload.wikimedia.org/wikipedia/commons/thumb/a/a9/Flag_of_the_Soviet_Union.svg/23px-Flag_of_the_Soviet_Union.svg.png,MT-LB,captured,https://twitter.com/UAWeapons/status/1569229402860552192,264,599,373,26,192,8,2022-10-04T21:08:09Z
Armoured Fighting Vehicles,Russia,https://upload.wikimedia.org/wikipedia/commons/thumb/a/a9/Flag_of_the_Soviet_Union.svg/23px-Flag_of_the_Soviet_Union.svg.png,MT-LB,captured,https://twitter.com/UAWeapons/status/1569229402860552192,264,599,373,26,192,8,2022-10-04T21:08:09Z
Armoured Fighting Vehicles,Russia,https://upload.wikimedia.org/wikipedia/commons/thumb/a/a9/Flag_of_the_Soviet_Union.svg/23px-Flag_of_the_Soviet_Union.svg.png,MT-LB,captured,https://twitter.com/UAWeapons/status/1569618856687058945,264,599,373,26,192,8,2022-10-04T21:08:09Z
Armoured Fighting Vehicles,Russia,https://upload.wikimedia.org/wikipedia/commons/thumb/a/a9/Flag_of_the_Soviet_Union.svg/23px-Flag_of_the_Soviet_Union.svg.png,MT-LB,captured,https://twitter.com/UAWeapons/status/1569381077759807489,264,599,373,26,192,8,2022-10-04T21:08:09Z
Armoured Fighting Vehicles,Russia,https://upload.wikimedia.org/wikipedia/commons/thumb/a/a9/Flag_of_the_Soviet_Union.svg/23px-Flag_of_the_Soviet_Union.svg.png,MT-LB,captured,https://twitter.com/UAWeapons/status/1569229412205215744,264,599,373,26,192,8,2022-10-04T21:08:09Z
Armoured Fighting Vehicles,Russia,https://upload.wikimedia.org/wikipedia/commons/thumb/a/a9/Flag_of_the_Soviet_Union.svg/23px-Flag_of_the_Soviet_Union.svg.png,MT-LB,captured,https://i.postimg.cc/dQ8GPxT2/2022-09-18-MT-LB-245.jpg,264,599,373,26,192,8,2022-10-04T21:08:09Z
Armoured Fighting Vehicles,Russia,https://upload.wikimedia.org/wikipedia/commons/thumb/a/a9/Flag_of_the_Soviet_Union.svg/23px-Flag_of_the_Soviet_Union.svg.png,MT-LB,damaged,https://i.postimg.cc/XqCXBHXQ/1005-mtlb.jpg,264,599,373,26,192,8,2022-10-04T21:08:09Z
Armoured Fighting Vehicles,Russia,https://upload.wikimedia.org/wikipedia/commons/thumb/a/a9/Flag_of_the_Soviet_Union.svg/23px-Flag_of_the_Soviet_Union.svg.png,MT-LB,captured,https://i.postimg.cc/J0J8nHnJ/1004-mtlb.jpg,264,599,373,26,192,8,2022-10-04T21:08:09Z
Armoured Fighting Vehicles,Russia,https://upload.wikimedia.org/wikipedia/commons/thumb/a/a9/Flag_of_the_Soviet_Union.svg/23px-Flag_of_the_Soviet_Union.svg.png,MT-LB,captured,https://twitter.com/UAWeapons/status/1570152367915692033,264,599,373,26,192,8,2022-10-04T21:08:09Z
Armoured Fighting Vehicles,Russia,https://upload.wikimedia.org/wikipedia/commons/thumb/a/a9/Flag_of_the_Soviet_Union.svg/23px-Flag_of_the_Soviet_Union.svg.png,MT-LB,captured,https://postimg.cc/5Yd8w937,264,599,373,26,192,8,2022-10-04T21:08:09Z
Armoured Fighting Vehicles,Russia,https://upload.wikimedia.org/wikipedia/commons/thumb/a/a9/Flag_of_the_Soviet_Union.svg/23px-Flag_of_the_Soviet_Union.svg.png,MT-LB,captured,https://twitter.com/UAWeapons/status/1570342741913268225,264,599,373,26,192,8,2022-10-04T21:08:09Z
Armoured Fighting Vehicles,Russia,https://upload.wikimedia.org/wikipedia/commons/thumb/a/a9/Flag_of_the_Soviet_Union.svg/23px-Flag_of_the_Soviet_Union.svg.png,MT-LB,captured,https://twitter.com/UAWeapons/status/1570342741913268225,264,599,373,26,192,8,2022-10-04T21:08:09Z
Armoured Fighting Vehicles,Russia,https://upload.wikimedia.org/wikipedia/commons/thumb/a/a9/Flag_of_the_Soviet_Union.svg/23px-Flag_of_the_Soviet_Union.svg.png,MT-LB,captured,https://twitter.com/UAWeapons/status/1570423464971976705,264,599,373,26,192,8,2022-10-04T21:08:09Z
Armoured Fighting Vehicles,Russia,https://upload.wikimedia.org/wikipedia/commons/thumb/a/a9/Flag_of_the_Soviet_Union.svg/23px-Flag_of_the_Soviet_Union.svg.png,MT-LB,captured,https://i.postimg.cc/PqSCgvBz/1003-mtlb.jpg,264,599,373,26,192,8,2022-10-04T21:08:09Z
Armoured Fighting Vehicles,Russia,https://upload.wikimedia.org/wikipedia/commons/thumb/a/a9/Flag_of_the_Soviet_Union.svg/23px-Flag_of_the_Soviet_Union.svg.png,MT-LB,captured,https://twitter.com/UAWeapons/status/1570808949737394178,264,599,373,26,192,8,2022-10-04T21:08:09Z
Armoured Fighting Vehicles,Russia,https://upload.wikimedia.org/wikipedia/commons/thumb/a/a9/Flag_of_the_Soviet_Union.svg/23px-Flag_of_the_Soviet_Union.svg.png,MT-LB,captured,https://twitter.com/UAWeapons/status/1571071832530505728,264,599,373,26,192,8,2022-10-04T21:08:09Z
Armoured Fighting Vehicles,Russia,https://upload.wikimedia.org/wikipedia/commons/thumb/a/a9/Flag_of_the_Soviet_Union.svg/23px-Flag_of_the_Soviet_Union.svg.png,MT-LB,captured,https://twitter.com/UAWeapons/status/1571109617186541572,264,599,373,26,192,8,2022-10-04T21:08:09Z
Armoured Fighting Vehicles,Russia,https://upload.wikimedia.org/wikipedia/commons/thumb/a/a9/Flag_of_the_Soviet_Union.svg/23px-Flag_of_the_Soviet_Union.svg.png,MT-LB,captured,https://i.postimg.cc/3JyhPFCR/2022-09-14-306889955-5387493924698347-491673469679484211-n.jpg,264,599,373,26,192,8,2022-10-04T21:08:09Z
Armoured Fighting Vehicles,Russia,https://upload.wikimedia.org/wikipedia/commons/thumb/a/a9/Flag_of_the_Soviet_Union.svg/23px-Flag_of_the_Soviet_Union.svg.png,MT-LB,captured,https://twitter.com/UAWeapons/status/1571503345851924485,264,599,373,26,192,8,2022-10-04T21:08:09Z
Armoured Fighting Vehicles,Russia,https://upload.wikimedia.org/wikipedia/commons/thumb/a/a9/Flag_of_the_Soviet_Union.svg/23px-Flag_of_the_Soviet_Union.svg.png,MT-LB,captured,https://twitter.com/UAWeapons/status/1571505879068942338,264,599,373,26,192,8,2022-10-04T21:08:09Z
Armoured Fighting Vehicles,Russia,https://upload.wikimedia.org/wikipedia/commons/thumb/a/a9/Flag_of_the_Soviet_Union.svg/23px-Flag_of_the_Soviet_Union.svg.png,MT-LB,captured,https://i.postimg.cc/02bYDkvN/2022-09-17-MT-LB.png,264,599,373,26,192,8,2022-10-04T21:08:09Z
Armoured Fighting Vehicles,Russia,https://upload.wikimedia.org/wikipedia/commons/thumb/a/a9/Flag_of_the_Soviet_Union.svg/23px-Flag_of_the_Soviet_Union.svg.png,MT-LB,damaged,https://twitter.com/naalsio26/status/1572364529723666435,264,599,373,26,192,8,2022-10-04T21:08:09Z
Armoured Fighting Vehicles,Russia,https://upload.wikimedia.org/wikipedia/commons/thumb/a/a9/Flag_of_the_Soviet_Union.svg/23px-Flag_of_the_Soviet_Union.svg.png,MT-LB,captured,https://twitter.com/UAWeapons/status/1572671983057510400,264,599,373,26,192,8,2022-10-04T21:08:09Z
Armoured Fighting Vehicles,Russia,https://upload.wikimedia.org/wikipedia/commons/thumb/a/a9/Flag_of_the_Soviet_Union.svg/23px-Flag_of_the_Soviet_Union.svg.png,MT-LB,captured,https://twitter.com/UAWeapons/status/1572936489314426883,264,599,373,26,192,8,2022-10-04T21:08:09Z
Armoured Fighting Vehicles,Russia,https://upload.wikimedia.org/wikipedia/commons/thumb/a/a9/Flag_of_the_Soviet_Union.svg/23px-Flag_of_the_Soviet_Union.svg.png,MT-LB,captured,https://i.postimg.cc/YqjffLqd/2022-09-24-MT-LB-313.jpg,264,599,373,26,192,8,2022-10-04T21:08:09Z
Armoured Fighting Vehicles,Russia,https://upload.wikimedia.org/wikipedia/commons/thumb/a/a9/Flag_of_the_Soviet_Union.svg/23px-Flag_of_the_Soviet_Union.svg.png,MT-LB,captured,https://i.postimg.cc/m2SvVHJz/1004-mtlb.jpg,264,599,373,26,192,8,2022-10-04T21:08:09Z
Armoured Fighting Vehicles,Russia,https://upload.wikimedia.org/wikipedia/commons/thumb/a/a9/Flag_of_the_Soviet_Union.svg/23px-Flag_of_the_Soviet_Union.svg.png,MT-LB,damaged,https://i.postimg.cc/BvPfD5JP/1004-mtlb.jpg,264,599,373,26,192,8,2022-10-04T21:08:09Z
Armoured Fighting Vehicles,Russia,https://upload.wikimedia.org/wikipedia/commons/thumb/a/a9/Flag_of_the_Soviet_Union.svg/23px-Flag_of_the_Soviet_Union.svg.png,MT-LB,captured,https://twitter.com/UAWeapons/status/1575163897564188677,264,599,373,26,192,8,2022-10-04T21:08:09Z
Armoured Fighting Vehicles,Russia,https://upload.wikimedia.org/wikipedia/commons/thumb/a/a9/Flag_of_the_Soviet_Union.svg/23px-Flag_of_the_Soviet_Union.svg.png,MT-LB,damaged,https://i.postimg.cc/tgrDNJxG/2022-09-28-MT-LBVM.jpg,264,599,373,26,192,8,2022-10-04T21:08:09Z
Armoured Fighting Vehicles,Russia,https://upload.wikimedia.org/wikipedia/commons/thumb/a/a9/Flag_of_the_Soviet_Union.svg/23px-Flag_of_the_Soviet_Union.svg.png,MT-LB,captured,https://i.postimg.cc/tgd3P60v/MT-LB-Izium.png,264,599,373,26,192,8,2022-10-04T21:08:09Z
Armoured Fighting Vehicles,Russia,https://upload.wikimedia.org/wikipedia/commons/thumb/a/a9/Flag_of_the_Soviet_Union.svg/23px-Flag_of_the_Soviet_Union.svg.png,MT-LB,captured,https://i.postimg.cc/Jtw8J2wJ/MT-LB-Kharkiv-region.png,264,599,373,26,192,8,2022-10-04T21:08:09Z
Armoured Fighting Vehicles,Russia,https://upload.wikimedia.org/wikipedia/commons/thumb/a/a9/Flag_of_the_Soviet_Union.svg/23px-Flag_of_the_Soviet_Union.svg.png,MT-LB,captured,https://i.postimg.cc/wMNvSJgX/MT-LB-Kharkiv-region-part-2.png,264,599,373,26,192,8,2022-10-04T21:08:09Z
Armoured Fighting Vehicles,Russia,https://upload.wikimedia.org/wikipedia/commons/thumb/a/a9/Flag_of_the_Soviet_Union.svg/23px-Flag_of_the_Soviet_Union.svg.png,MT-LB,captured,https://i.postimg.cc/6qV9SrQd/1011-mtlb-capt.jpg,264,599,373,26,192,8,2022-10-04T21:08:09Z
Armoured Fighting Vehicles,Russia,https://upload.wikimedia.org/wikipedia/commons/thumb/a/a9/Flag_of_the_Soviet_Union.svg/23px-Flag_of_the_Soviet_Union.svg.png,MT-LB,captured,https://i.postimg.cc/gjQwn8Vr/1008-mtlb-capt.jpg,264,599,373,26,192,8,2022-10-04T21:08:09Z
Armoured Fighting Vehicles,Russia,https://upload.wikimedia.org/wikipedia/commons/thumb/a/a9/Flag_of_the_Soviet_Union.svg/23px-Flag_of_the_Soviet_Union.svg.png,MT-LB,captured,https://i.postimg.cc/SsQY5yQQ/1019-mtlb-capt.jpg,264,599,373,26,192,8,2022-10-04T21:08:09Z
Armoured Fighting Vehicles,Russia,https://upload.wikimedia.org/wikipedia/commons/thumb/a/a9/Flag_of_the_Soviet_Union.svg/23px-Flag_of_the_Soviet_Union.svg.png,MT-LB,captured,https://i.postimg.cc/DfMCwmrW/1003-mtlb-capt.jpg,264,599,373,26,192,8,2022-10-04T21:08:09Z
Armoured Fighting Vehicles,Russia,https://upload.wikimedia.org/wikipedia/commons/thumb/a/a9/Flag_of_the_Soviet_Union.svg/23px-Flag_of_the_Soviet_Union.svg.png,MT-LBVM and MT-LBVMK,destroyed,https://i.postimg.cc/0QPGdgX4/6658.png,112,599,373,26,192,8,2022-10-04T21:08:09Z
Armoured Fighting Vehicles,Russia,https://upload.wikimedia.org/wikipedia/commons/thumb/a/a9/Flag_of_the_Soviet_Union.svg/23px-Flag_of_the_Soviet_Union.svg.png,MT-LBVM and MT-LBVMK,destroyed,https://i.postimg.cc/s21mgccV/1005.jpg,112,599,373,26,192,8,2022-10-04T21:08:09Z
Armoured Fighting Vehicles,Russia,https://upload.wikimedia.org/wikipedia/commons/thumb/a/a9/Flag_of_the_Soviet_Union.svg/23px-Flag_of_the_Soviet_Union.svg.png,MT-LBVM and MT-LBVMK,destroyed,https://i.postimg.cc/PqKBYrNJ/357.png,112,599,373,26,192,8,2022-10-04T21:08:09Z
Armoured Fighting Vehicles,Russia,https://upload.wikimedia.org/wikipedia/commons/thumb/a/a9/Flag_of_the_Soviet_Union.svg/23px-Flag_of_the_Soviet_Union.svg.png,MT-LBVM and MT-LBVMK,destroyed,https://i.postimg.cc/x86mN0TW/c13.jpg,112,599,373,26,192,8,2022-10-04T21:08:09Z
Armoured Fighting Vehicles,Russia,https://upload.wikimedia.org/wikipedia/commons/thumb/a/a9/Flag_of_the_Soviet_Union.svg/23px-Flag_of_the_Soviet_Union.svg.png,MT-LBVM and MT-LBVMK,destroyed,https://i.postimg.cc/prBcbgMK/4131.png,112,599,373,26,192,8,2022-10-04T21:08:09Z
Armoured Fighting Vehicles,Russia,https://upload.wikimedia.org/wikipedia/commons/thumb/a/a9/Flag_of_the_Soviet_Union.svg/23px-Flag_of_the_Soviet_Union.svg.png,MT-LBVM and MT-LBVMK,destroyed,https://i.postimg.cc/j5vFZVn2/86.png,112,599,373,26,192,8,2022-10-04T21:08:09Z
Armoured Fighting Vehicles,Russia,https://upload.wikimedia.org/wikipedia/commons/thumb/a/a9/Flag_of_the_Soviet_Union.svg/23px-Flag_of_the_Soviet_Union.svg.png,MT-LBVM and MT-LBVMK,destroyed,https://i.postimg.cc/Hn8wz5qv/51.png,112,599,373,26,192,8,2022-10-04T21:08:09Z
Armoured Fighting Vehicles,Russia,https://upload.wikimedia.org/wikipedia/commons/thumb/a/a9/Flag_of_the_Soviet_Union.svg/23px-Flag_of_the_Soviet_Union.svg.png,MT-LBVM and MT-LBVMK,destroyed,https://i.postimg.cc/HLVn9Mqn/777.jpg,112,599,373,26,192,8,2022-10-04T21:08:09Z
Armoured Fighting Vehicles,Russia,https://upload.wikimedia.org/wikipedia/commons/thumb/a/a9/Flag_of_the_Soviet_Union.svg/23px-Flag_of_the_Soviet_Union.svg.png,MT-LBVM and MT-LBVMK,destroyed,https://i.postimg.cc/d14vc0zg/412.png,112,599,373,26,192,8,2022-10-04T21:08:09Z
Armoured Fighting Vehicles,Russia,https://upload.wikimedia.org/wikipedia/commons/thumb/a/a9/Flag_of_the_Soviet_Union.svg/23px-Flag_of_the_Soviet_Union.svg.png,MT-LBVM and MT-LBVMK,destroyed,https://i.postimg.cc/mg7rsYXp/mtlbb1.png,112,599,373,26,192,8,2022-10-04T21:08:09Z
Armoured Fighting Vehicles,Russia,https://upload.wikimedia.org/wikipedia/commons/thumb/a/a9/Flag_of_the_Soviet_Union.svg/23px-Flag_of_the_Soviet_Union.svg.png,MT-LBVM and MT-LBVMK,destroyed,https://i.postimg.cc/RCGKrB6J/mmtlb.png,112,599,373,26,192,8,2022-10-04T21:08:09Z
Armoured Fighting Vehicles,Russia,https://upload.wikimedia.org/wikipedia/commons/thumb/a/a9/Flag_of_the_Soviet_Union.svg/23px-Flag_of_the_Soviet_Union.svg.png,MT-LBVM and MT-LBVMK,destroyed,https://i.postimg.cc/rw1nCrBC/687.jpg,112,599,373,26,192,8,2022-10-04T21:08:09Z
Armoured Fighting Vehicles,Russia,https://upload.wikimedia.org/wikipedia/commons/thumb/a/a9/Flag_of_the_Soviet_Union.svg/23px-Flag_of_the_Soviet_Union.svg.png,MT-LBVM and MT-LBVMK,destroyed,https://i.postimg.cc/ZYVv2xcH/f211.jpg,112,599,373,26,192,8,2022-10-04T21:08:09Z
Armoured Fighting Vehicles,Russia,https://upload.wikimedia.org/wikipedia/commons/thumb/a/a9/Flag_of_the_Soviet_Union.svg/23px-Flag_of_the_Soviet_Union.svg.png,MT-LBVM and MT-LBVMK,destroyed,https://i.postimg.cc/fRnQPZnN/7.jpg,112,599,373,26,192,8,2022-10-04T21:08:09Z
Armoured Fighting Vehicles,Russia,https://upload.wikimedia.org/wikipedia/commons/thumb/a/a9/Flag_of_the_Soviet_Union.svg/23px-Flag_of_the_Soviet_Union.svg.png,MT-LBVM and MT-LBVMK,destroyed,https://postimg.cc/DSY3kXtc,112,599,373,26,192,8,2022-10-04T21:08:09Z
Armoured Fighting Vehicles,Russia,https://upload.wikimedia.org/wikipedia/commons/thumb/a/a9/Flag_of_the_Soviet_Union.svg/23px-Flag_of_the_Soviet_Union.svg.png,MT-LBVM and MT-LBVMK,destroyed,https://postimg.cc/py5LcCjL,112,599,373,26,192,8,2022-10-04T21:08:09Z
Armoured Fighting Vehicles,Russia,https://upload.wikimedia.org/wikipedia/commons/thumb/a/a9/Flag_of_the_Soviet_Union.svg/23px-Flag_of_the_Soviet_Union.svg.png,MT-LBVM and MT-LBVMK,destroyed,https://i.postimg.cc/597GBcKW/65g.jpg,112,599,373,26,192,8,2022-10-04T21:08:09Z
Armoured Fighting Vehicles,Russia,https://upload.wikimedia.org/wikipedia/commons/thumb/a/a9/Flag_of_the_Soviet_Union.svg/23px-Flag_of_the_Soviet_Union.svg.png,MT-LBVM and MT-LBVMK,destroyed,https://i.postimg.cc/4dCxC0ZF/d1.jpg,112,599,373,26,192,8,2022-10-04T21:08:09Z
Armoured Fighting Vehicles,Russia,https://upload.wikimedia.org/wikipedia/commons/thumb/a/a9/Flag_of_the_Soviet_Union.svg/23px-Flag_of_the_Soviet_Union.svg.png,MT-LBVM and MT-LBVMK,destroyed,https://i.postimg.cc/2S0vn39r/887.jpg,112,599,373,26,192,8,2022-10-04T21:08:09Z
Armoured Fighting Vehicles,Russia,https://upload.wikimedia.org/wikipedia/commons/thumb/a/a9/Flag_of_the_Soviet_Union.svg/23px-Flag_of_the_Soviet_Union.svg.png,MT-LBVM and MT-LBVMK,destroyed,https://i.postimg.cc/WbjMVs5J/9986.jpg,112,599,373,26,192,8,2022-10-04T21:08:09Z
Armoured Fighting Vehicles,Russia,https://upload.wikimedia.org/wikipedia/commons/thumb/a/a9/Flag_of_the_Soviet_Union.svg/23px-Flag_of_the_Soviet_Union.svg.png,MT-LBVM and MT-LBVMK,destroyed,https://i.postimg.cc/htHz1zp6/3f6.png,112,599,373,26,192,8,2022-10-04T21:08:09Z
Armoured Fighting Vehicles,Russia,https://upload.wikimedia.org/wikipedia/commons/thumb/a/a9/Flag_of_the_Soviet_Union.svg/23px-Flag_of_the_Soviet_Union.svg.png,MT-LBVM and MT-LBVMK,destroyed,https://twitter.com/UAWeapons/status/1525961832313278465,112,599,373,26,192,8,2022-10-04T21:08:09Z
Armoured Fighting Vehicles,Russia,https://upload.wikimedia.org/wikipedia/commons/thumb/a/a9/Flag_of_the_Soviet_Union.svg/23px-Flag_of_the_Soviet_Union.svg.png,MT-LBVM and MT-LBVMK,destroyed,https://i.postimg.cc/kghwkGGL/776.png,112,599,373,26,192,8,2022-10-04T21:08:09Z
Armoured Fighting Vehicles,Russia,https://upload.wikimedia.org/wikipedia/commons/thumb/a/a9/Flag_of_the_Soviet_Union.svg/23px-Flag_of_the_Soviet_Union.svg.png,MT-LBVM and MT-LBVMK,destroyed,https://twitter.com/UAWeapons/status/1529115101294387202,112,599,373,26,192,8,2022-10-04T21:08:09Z
Armoured Fighting Vehicles,Russia,https://upload.wikimedia.org/wikipedia/commons/thumb/a/a9/Flag_of_the_Soviet_Union.svg/23px-Flag_of_the_Soviet_Union.svg.png,MT-LBVM and MT-LBVMK,destroyed,https://postimg.cc/dhgGwzc1,112,599,373,26,192,8,2022-10-04T21:08:09Z
Armoured Fighting Vehicles,Russia,https://upload.wikimedia.org/wikipedia/commons/thumb/a/a9/Flag_of_the_Soviet_Union.svg/23px-Flag_of_the_Soviet_Union.svg.png,MT-LBVM and MT-LBVMK,destroyed,https://postimg.cc/T5J2K5s1,112,599,373,26,192,8,2022-10-04T21:08:09Z
Armoured Fighting Vehicles,Russia,https://upload.wikimedia.org/wikipedia/commons/thumb/a/a9/Flag_of_the_Soviet_Union.svg/23px-Flag_of_the_Soviet_Union.svg.png,MT-LBVM and MT-LBVMK,destroyed,https://i.postimg.cc/59Dp0xqF/1004-mtlbvmk.jpg,112,599,373,26,192,8,2022-10-04T21:08:09Z
Armoured Fighting Vehicles,Russia,https://upload.wikimedia.org/wikipedia/commons/thumb/a/a9/Flag_of_the_Soviet_Union.svg/23px-Flag_of_the_Soviet_Union.svg.png,MT-LBVM and MT-LBVMK,destroyed,https://i.postimg.cc/XvNkhX3t/1005-mtlbvmk.jpg,112,599,373,26,192,8,2022-10-04T21:08:09Z
Armoured Fighting Vehicles,Russia,https://upload.wikimedia.org/wikipedia/commons/thumb/a/a9/Flag_of_the_Soviet_Union.svg/23px-Flag_of_the_Soviet_Union.svg.png,MT-LBVM and MT-LBVMK,destroyed,https://i.postimg.cc/Jnzrgm8N/1000-mtlblvmk.jpg,112,599,373,26,192,8,2022-10-04T21:08:09Z
Armoured Fighting Vehicles,Russia,https://upload.wikimedia.org/wikipedia/commons/thumb/a/a9/Flag_of_the_Soviet_Union.svg/23px-Flag_of_the_Soviet_Union.svg.png,MT-LBVM and MT-LBVMK,destroyed,https://postimg.cc/fVskJGFk,112,599,373,26,192,8,2022-10-04T21:08:09Z
Armoured Fighting Vehicles,Russia,https://upload.wikimedia.org/wikipedia/commons/thumb/a/a9/Flag_of_the_Soviet_Union.svg/23px-Flag_of_the_Soviet_Union.svg.png,MT-LBVM and MT-LBVMK,destroyed,https://postimg.cc/3W3v7cbv,112,599,373,26,192,8,2022-10-04T21:08:09Z
Armoured Fighting Vehicles,Russia,https://upload.wikimedia.org/wikipedia/commons/thumb/a/a9/Flag_of_the_Soviet_Union.svg/23px-Flag_of_the_Soviet_Union.svg.png,MT-LBVM and MT-LBVMK,destroyed,https://i.postimg.cc/GprT4q23/1006-mtlbvmk.jpg,112,599,373,26,192,8,2022-10-04T21:08:09Z
Armoured Fighting Vehicles,Russia,https://upload.wikimedia.org/wikipedia/commons/thumb/a/a9/Flag_of_the_Soviet_Union.svg/23px-Flag_of_the_Soviet_Union.svg.png,MT-LBVM and MT-LBVMK,destroyed,https://i.postimg.cc/MKGTYTHn/1004-MT-LBVMK.jpg,112,599,373,26,192,8,2022-10-04T21:08:09Z
Armoured Fighting Vehicles,Russia,https://upload.wikimedia.org/wikipedia/commons/thumb/a/a9/Flag_of_the_Soviet_Union.svg/23px-Flag_of_the_Soviet_Union.svg.png,MT-LBVM and MT-LBVMK,destroyed,https://i.postimg.cc/Jnt7Ns5w/1001-mtlb.jpg,112,599,373,26,192,8,2022-10-04T21:08:09Z
Armoured Fighting Vehicles,Russia,https://upload.wikimedia.org/wikipedia/commons/thumb/a/a9/Flag_of_the_Soviet_Union.svg/23px-Flag_of_the_Soviet_Union.svg.png,MT-LBVM and MT-LBVMK,destroyed,https://i.postimg.cc/nrNx54P2/1018-bmp2.jpg,112,599,373,26,192,8,2022-10-04T21:08:09Z
Armoured Fighting Vehicles,Russia,https://upload.wikimedia.org/wikipedia/commons/thumb/a/a9/Flag_of_the_Soviet_Union.svg/23px-Flag_of_the_Soviet_Union.svg.png,MT-LBVM and MT-LBVMK,destroyed,https://i.postimg.cc/65NF4JHb/1.png,112,599,373,26,192,8,2022-10-04T21:08:09Z
Armoured Fighting Vehicles,Russia,https://upload.wikimedia.org/wikipedia/commons/thumb/a/a9/Flag_of_the_Soviet_Union.svg/23px-Flag_of_the_Soviet_Union.svg.png,MT-LBVM and MT-LBVMK,destroyed,https://i.postimg.cc/Y0hGrbmJ/1017-MT-LBVMK-destr.jpg,112,599,373,26,192,8,2022-10-04T21:08:09Z
Armoured Fighting Vehicles,Russia,https://upload.wikimedia.org/wikipedia/commons/thumb/a/a9/Flag_of_the_Soviet_Union.svg/23px-Flag_of_the_Soviet_Union.svg.png,MT-LBVM and MT-LBVMK,abandoned,https://i.postimg.cc/bwfz3Gyx/mtlba1.jpg,112,599,373,26,192,8,2022-10-04T21:08:09Z
Armoured Fighting Vehicles,Russia,https://upload.wikimedia.org/wikipedia/commons/thumb/a/a9/Flag_of_the_Soviet_Union.svg/23px-Flag_of_the_Soviet_Union.svg.png,MT-LBVM and MT-LBVMK,abandoned,https://i.postimg.cc/Y21qgqY7/7766.jpg,112,599,373,26,192,8,2022-10-04T21:08:09Z
Armoured Fighting Vehicles,Russia,https://upload.wikimedia.org/wikipedia/commons/thumb/a/a9/Flag_of_the_Soviet_Union.svg/23px-Flag_of_the_Soviet_Union.svg.png,MT-LBVM and MT-LBVMK,abandoned,https://i.postimg.cc/ZRgTChvT/f24.png,112,599,373,26,192,8,2022-10-04T21:08:09Z
Armoured Fighting Vehicles,Russia,https://upload.wikimedia.org/wikipedia/commons/thumb/a/a9/Flag_of_the_Soviet_Union.svg/23px-Flag_of_the_Soviet_Union.svg.png,MT-LBVM and MT-LBVMK,abandoned,https://i.postimg.cc/mrJwQRQ2/f69.png,112,599,373,26,192,8,2022-10-04T21:08:09Z
Armoured Fighting Vehicles,Russia,https://upload.wikimedia.org/wikipedia/commons/thumb/a/a9/Flag_of_the_Soviet_Union.svg/23px-Flag_of_the_Soviet_Union.svg.png,MT-LBVM and MT-LBVMK,abandoned,https://i.postimg.cc/43RcYDPt/m2.png,112,599,373,26,192,8,2022-10-04T21:08:09Z
Armoured Fighting Vehicles,Russia,https://upload.wikimedia.org/wikipedia/commons/thumb/a/a9/Flag_of_the_Soviet_Union.svg/23px-Flag_of_the_Soviet_Union.svg.png,MT-LBVM and MT-LBVMK,abandoned,https://i.postimg.cc/mr3HCmpn/m3.png,112,599,373,26,192,8,2022-10-04T21:08:09Z
Armoured Fighting Vehicles,Russia,https://upload.wikimedia.org/wikipedia/commons/thumb/a/a9/Flag_of_the_Soviet_Union.svg/23px-Flag_of_the_Soviet_Union.svg.png,MT-LBVM and MT-LBVMK,abandoned,https://i.postimg.cc/3RqpkBLf/329.png,112,599,373,26,192,8,2022-10-04T21:08:09Z
Armoured Fighting Vehicles,Russia,https://upload.wikimedia.org/wikipedia/commons/thumb/a/a9/Flag_of_the_Soviet_Union.svg/23px-Flag_of_the_Soviet_Union.svg.png,MT-LBVM and MT-LBVMK,abandoned,https://i.postimg.cc/2SdCJzyP/mtlba2.jpg,112,599,373,26,192,8,2022-10-04T21:08:09Z
Armoured Fighting Vehicles,Russia,https://upload.wikimedia.org/wikipedia/commons/thumb/a/a9/Flag_of_the_Soviet_Union.svg/23px-Flag_of_the_Soviet_Union.svg.png,MT-LBVM and MT-LBVMK,damaged,https://postimg.cc/mP4082r3,112,599,373,26,192,8,2022-10-04T21:08:09Z
Armoured Fighting Vehicles,Russia,https://upload.wikimedia.org/wikipedia/commons/thumb/a/a9/Flag_of_the_Soviet_Union.svg/23px-Flag_of_the_Soviet_Union.svg.png,MT-LBVM and MT-LBVMK,captured,https://i.postimg.cc/prDZ3Csm/32.jpg,112,599,373,26,192,8,2022-10-04T21:08:09Z
Armoured Fighting Vehicles,Russia,https://upload.wikimedia.org/wikipedia/commons/thumb/a/a9/Flag_of_the_Soviet_Union.svg/23px-Flag_of_the_Soviet_Union.svg.png,MT-LBVM and MT-LBVMK,captured,https://i.postimg.cc/0jsMpJvw/48j.png,112,599,373,26,192,8,2022-10-04T21:08:09Z
Armoured Fighting Vehicles,Russia,https://upload.wikimedia.org/wikipedia/commons/thumb/a/a9/Flag_of_the_Soviet_Union.svg/23px-Flag_of_the_Soviet_Union.svg.png,MT-LBVM and MT-LBVMK,captured,https://i.postimg.cc/R0zbsmLL/6659.png,112,599,373,26,192,8,2022-10-04T21:08:09Z
Armoured Fighting Vehicles,Russia,https://upload.wikimedia.org/wikipedia/commons/thumb/a/a9/Flag_of_the_Soviet_Union.svg/23px-Flag_of_the_Soviet_Union.svg.png,MT-LBVM and MT-LBVMK,captured,https://i.postimg.cc/MGBV9R2s/4fs.png,112,599,373,26,192,8,2022-10-04T21:08:09Z
Armoured Fighting Vehicles,Russia,https://upload.wikimedia.org/wikipedia/commons/thumb/a/a9/Flag_of_the_Soviet_Union.svg/23px-Flag_of_the_Soviet_Union.svg.png,MT-LBVM and MT-LBVMK,captured,https://i.postimg.cc/1tVLvyy0/764.png,112,599,373,26,192,8,2022-10-04T21:08:09Z
Armoured Fighting Vehicles,Russia,https://upload.wikimedia.org/wikipedia/commons/thumb/a/a9/Flag_of_the_Soviet_Union.svg/23px-Flag_of_the_Soviet_Union.svg.png,MT-LBVM and MT-LBVMK,captured,https://i.postimg.cc/vTgL7mXg/76.jpg,112,599,373,26,192,8,2022-10-04T21:08:09Z
Armoured Fighting Vehicles,Russia,https://upload.wikimedia.org/wikipedia/commons/thumb/a/a9/Flag_of_the_Soviet_Union.svg/23px-Flag_of_the_Soviet_Union.svg.png,MT-LBVM and MT-LBVMK,captured,https://i.postimg.cc/RVc03z28/m2.png,112,599,373,26,192,8,2022-10-04T21:08:09Z
Armoured Fighting Vehicles,Russia,https://upload.wikimedia.org/wikipedia/commons/thumb/a/a9/Flag_of_the_Soviet_Union.svg/23px-Flag_of_the_Soviet_Union.svg.png,MT-LBVM and MT-LBVMK,captured,https://i.postimg.cc/6qszKVTq/m11.png,112,599,373,26,192,8,2022-10-04T21:08:09Z
Armoured Fighting Vehicles,Russia,https://upload.wikimedia.org/wikipedia/commons/thumb/a/a9/Flag_of_the_Soviet_Union.svg/23px-Flag_of_the_Soviet_Union.svg.png,MT-LBVM and MT-LBVMK,captured,https://i.postimg.cc/15BnwV6D/6hd.png,112,599,373,26,192,8,2022-10-04T21:08:09Z
Armoured Fighting Vehicles,Russia,https://upload.wikimedia.org/wikipedia/commons/thumb/a/a9/Flag_of_the_Soviet_Union.svg/23px-Flag_of_the_Soviet_Union.svg.png,MT-LBVM and MT-LBVMK,captured,https://i.postimg.cc/W43P9JBg/311.png,112,599,373,26,192,8,2022-10-04T21:08:09Z
Armoured Fighting Vehicles,Russia,https://upload.wikimedia.org/wikipedia/commons/thumb/a/a9/Flag_of_the_Soviet_Union.svg/23px-Flag_of_the_Soviet_Union.svg.png,MT-LBVM and MT-LBVMK,captured,https://i.postimg.cc/g0ZTbDyL/Screenshot-8648.png,112,599,373,26,192,8,2022-10-04T21:08:09Z
Armoured Fighting Vehicles,Russia,https://upload.wikimedia.org/wikipedia/commons/thumb/a/a9/Flag_of_the_Soviet_Union.svg/23px-Flag_of_the_Soviet_Union.svg.png,MT-LBVM and MT-LBVMK,captured,https://i.postimg.cc/FRzrgz2x/y1.jpg,112,599,373,26,192,8,2022-10-04T21:08:09Z
Armoured Fighting Vehicles,Russia,https://upload.wikimedia.org/wikipedia/commons/thumb/a/a9/Flag_of_the_Soviet_Union.svg/23px-Flag_of_the_Soviet_Union.svg.png,MT-LBVM and MT-LBVMK,captured,https://i.postimg.cc/rpgr934n/461.png,112,599,373,26,192,8,2022-10-04T21:08:09Z
Armoured Fighting Vehicles,Russia,https://upload.wikimedia.org/wikipedia/commons/thumb/a/a9/Flag_of_the_Soviet_Union.svg/23px-Flag_of_the_Soviet_Union.svg.png,MT-LBVM and MT-LBVMK,captured,https://i.postimg.cc/C5QvvLdV/f56.png,112,599,373,26,192,8,2022-10-04T21:08:09Z
Armoured Fighting Vehicles,Russia,https://upload.wikimedia.org/wikipedia/commons/thumb/a/a9/Flag_of_the_Soviet_Union.svg/23px-Flag_of_the_Soviet_Union.svg.png,MT-LBVM and MT-LBVMK,captured,https://i.postimg.cc/tT5WmDRj/cd.jpg,112,599,373,26,192,8,2022-10-04T21:08:09Z
Armoured Fighting Vehicles,Russia,https://upload.wikimedia.org/wikipedia/commons/thumb/a/a9/Flag_of_the_Soviet_Union.svg/23px-Flag_of_the_Soviet_Union.svg.png,MT-LBVM and MT-LBVMK,captured,https://twitter.com/UAWeapons/status/1570808949737394178,112,599,373,26,192,8,2022-10-04T21:08:09Z
Armoured Fighting Vehicles,Russia,https://upload.wikimedia.org/wikipedia/commons/thumb/a/a9/Flag_of_the_Soviet_Union.svg/23px-Flag_of_the_Soviet_Union.svg.png,MT-LBVM and MT-LBVMK,captured,https://i.postimg.cc/pLnGNjf0/77600.png,112,599,373,26,192,8,2022-10-04T21:08:09Z
Armoured Fighting Vehicles,Russia,https://upload.wikimedia.org/wikipedia/commons/thumb/a/a9/Flag_of_the_Soviet_Union.svg/23px-Flag_of_the_Soviet_Union.svg.png,MT-LBVM and MT-LBVMK,captured,https://i.postimg.cc/CxQFG5Cj/4369.png,112,599,373,26,192,8,2022-10-04T21:08:09Z
Armoured Fighting Vehicles,Russia,https://upload.wikimedia.org/wikipedia/commons/thumb/a/a9/Flag_of_the_Soviet_Union.svg/23px-Flag_of_the_Soviet_Union.svg.png,MT-LBVM and MT-LBVMK,captured,https://i.postimg.cc/yYgXB2kP/87.jpg,112,599,373,26,192,8,2022-10-04T21:08:09Z
Armoured Fighting Vehicles,Russia,https://upload.wikimedia.org/wikipedia/commons/thumb/a/a9/Flag_of_the_Soviet_Union.svg/23px-Flag_of_the_Soviet_Union.svg.png,MT-LBVM and MT-LBVMK,captured,https://twitter.com/UAWeapons/status/1554001444491198464,112,599,373,26,192,8,2022-10-04T21:08:09Z
Armoured Fighting Vehicles,Russia,https://upload.wikimedia.org/wikipedia/commons/thumb/a/a9/Flag_of_the_Soviet_Union.svg/23px-Flag_of_the_Soviet_Union.svg.png,MT-LBVM and MT-LBVMK,captured,https://i.postimg.cc/Rh92LGYG/578.png,112,599,373,26,192,8,2022-10-04T21:08:09Z
Armoured Fighting Vehicles,Russia,https://upload.wikimedia.org/wikipedia/commons/thumb/a/a9/Flag_of_the_Soviet_Union.svg/23px-Flag_of_the_Soviet_Union.svg.png,MT-LBVM and MT-LBVMK,captured,https://i.postimg.cc/x1VVwZV9/790.jpg,112,599,373,26,192,8,2022-10-04T21:08:09Z
Armoured Fighting Vehicles,Russia,https://upload.wikimedia.org/wikipedia/commons/thumb/a/a9/Flag_of_the_Soviet_Union.svg/23px-Flag_of_the_Soviet_Union.svg.png,MT-LBVM and MT-LBVMK,captured,https://i.postimg.cc/8kFc6Lh0/5579.png,112,599,373,26,192,8,2022-10-04T21:08:09Z
Armoured Fighting Vehicles,Russia,https://upload.wikimedia.org/wikipedia/commons/thumb/a/a9/Flag_of_the_Soviet_Union.svg/23px-Flag_of_the_Soviet_Union.svg.png,MT-LBVM and MT-LBVMK,captured,https://i.postimg.cc/CMtw34vs/v1.png,112,599,373,26,192,8,2022-10-04T21:08:09Z
Armoured Fighting Vehicles,Russia,https://upload.wikimedia.org/wikipedia/commons/thumb/a/a9/Flag_of_the_Soviet_Union.svg/23px-Flag_of_the_Soviet_Union.svg.png,MT-LBVM and MT-LBVMK,captured,https://i.postimg.cc/vZwbBZw1/v2.png,112,599,373,26,192,8,2022-10-04T21:08:09Z
Armoured Fighting Vehicles,Russia,https://upload.wikimedia.org/wikipedia/commons/thumb/a/a9/Flag_of_the_Soviet_Union.svg/23px-Flag_of_the_Soviet_Union.svg.png,MT-LBVM and MT-LBVMK,captured,https://i.postimg.cc/2SdmBNC0/v3.png,112,599,373,26,192,8,2022-10-04T21:08:09Z
Armoured Fighting Vehicles,Russia,https://upload.wikimedia.org/wikipedia/commons/thumb/a/a9/Flag_of_the_Soviet_Union.svg/23px-Flag_of_the_Soviet_Union.svg.png,MT-LBVM and MT-LBVMK,captured,https://i.postimg.cc/2yLzBnbf/297.png,112,599,373,26,192,8,2022-10-04T21:08:09Z
Armoured Fighting Vehicles,Russia,https://upload.wikimedia.org/wikipedia/commons/thumb/a/a9/Flag_of_the_Soviet_Union.svg/23px-Flag_of_the_Soviet_Union.svg.png,MT-LBVM and MT-LBVMK,captured,https://i.postimg.cc/XqDZK50g/431t.png,112,599,373,26,192,8,2022-10-04T21:08:09Z
Armoured Fighting Vehicles,Russia,https://upload.wikimedia.org/wikipedia/commons/thumb/a/a9/Flag_of_the_Soviet_Union.svg/23px-Flag_of_the_Soviet_Union.svg.png,MT-LBVM and MT-LBVMK,captured,https://i.postimg.cc/768Vvfb9/2h.png,112,599,373,26,192,8,2022-10-04T21:08:09Z
Armoured Fighting Vehicles,Russia,https://upload.wikimedia.org/wikipedia/commons/thumb/a/a9/Flag_of_the_Soviet_Union.svg/23px-Flag_of_the_Soviet_Union.svg.png,MT-LBVM and MT-LBVMK,captured,https://i.postimg.cc/g0BW5skr/MTLB.png,112,599,373,26,192,8,2022-10-04T21:08:09Z
Armoured Fighting Vehicles,Russia,https://upload.wikimedia.org/wikipedia/commons/thumb/a/a9/Flag_of_the_Soviet_Union.svg/23px-Flag_of_the_Soviet_Union.svg.png,MT-LBVM and MT-LBVMK,captured,https://i.postimg.cc/zDxckvvX/23.jpg,112,599,373,26,192,8,2022-10-04T21:08:09Z
Armoured Fighting Vehicles,Russia,https://upload.wikimedia.org/wikipedia/commons/thumb/a/a9/Flag_of_the_Soviet_Union.svg/23px-Flag_of_the_Soviet_Union.svg.png,MT-LBVM and MT-LBVMK,captured,https://postimg.cc/hh2vkcP8,112,599,373,26,192,8,2022-10-04T21:08:09Z
Armoured Fighting Vehicles,Russia,https://upload.wikimedia.org/wikipedia/commons/thumb/a/a9/Flag_of_the_Soviet_Union.svg/23px-Flag_of_the_Soviet_Union.svg.png,MT-LBVM and MT-LBVMK,captured,https://i.postimg.cc/59vv0CRv/mttllbbbbbbb.jpg,112,599,373,26,192,8,2022-10-04T21:08:09Z
Armoured Fighting Vehicles,Russia,https://upload.wikimedia.org/wikipedia/commons/thumb/a/a9/Flag_of_the_Soviet_Union.svg/23px-Flag_of_the_Soviet_Union.svg.png,MT-LBVM and MT-LBVMK,captured,https://i.postimg.cc/MK27bDQd/m1cap1.jpg,112,599,373,26,192,8,2022-10-04T21:08:09Z
Armoured Fighting Vehicles,Russia,https://upload.wikimedia.org/wikipedia/commons/thumb/a/a9/Flag_of_the_Soviet_Union.svg/23px-Flag_of_the_Soviet_Union.svg.png,MT-LBVM and MT-LBVMK,captured,https://i.postimg.cc/zBHhTbDs/mcap2.jpg,112,599,373,26,192,8,2022-10-04T21:08:09Z
Armoured Fighting Vehicles,Russia,https://upload.wikimedia.org/wikipedia/commons/thumb/a/a9/Flag_of_the_Soviet_Union.svg/23px-Flag_of_the_Soviet_Union.svg.png,MT-LBVM and MT-LBVMK,captured,https://i.postimg.cc/SR0MdSJJ/mcap4.jpg,112,599,373,26,192,8,2022-10-04T21:08:09Z
Armoured Fighting Vehicles,Russia,https://upload.wikimedia.org/wikipedia/commons/thumb/a/a9/Flag_of_the_Soviet_Union.svg/23px-Flag_of_the_Soviet_Union.svg.png,MT-LBVM and MT-LBVMK,captured,https://i.postimg.cc/SRWztBMV/mcap6.jpg,112,599,373,26,192,8,2022-10-04T21:08:09Z
Armoured Fighting Vehicles,Russia,https://upload.wikimedia.org/wikipedia/commons/thumb/a/a9/Flag_of_the_Soviet_Union.svg/23px-Flag_of_the_Soviet_Union.svg.png,MT-LBVM and MT-LBVMK,captured,https://postimg.cc/239jHG22,112,599,373,26,192,8,2022-10-04T21:08:09Z
Armoured Fighting Vehicles,Russia,https://upload.wikimedia.org/wikipedia/commons/thumb/a/a9/Flag_of_the_Soviet_Union.svg/23px-Flag_of_the_Soviet_Union.svg.png,MT-LBVM and MT-LBVMK,damaged,https://i.postimg.cc/Y0Rs4CTd/2022-10-01-MT-LBVM.jpg,112,599,373,26,192,8,2022-10-04T21:08:09Z
Armoured Fighting Vehicles,Russia,https://upload.wikimedia.org/wikipedia/commons/thumb/a/a9/Flag_of_the_Soviet_Union.svg/23px-Flag_of_the_Soviet_Union.svg.png,MT-LBVM and MT-LBVMK,captured,https://postimg.cc/CZbdX8zd,112,599,373,26,192,8,2022-10-04T21:08:09Z
Armoured Fighting Vehicles,Russia,https://upload.wikimedia.org/wikipedia/commons/thumb/a/a9/Flag_of_the_Soviet_Union.svg/23px-Flag_of_the_Soviet_Union.svg.png,MT-LBVM and MT-LBVMK,captured,https://postimg.cc/9rSMfb9r,112,599,373,26,192,8,2022-10-04T21:08:09Z
Armoured Fighting Vehicles,Russia,https://upload.wikimedia.org/wikipedia/commons/thumb/a/a9/Flag_of_the_Soviet_Union.svg/23px-Flag_of_the_Soviet_Union.svg.png,MT-LBVM and MT-LBVMK,captured,https://i.postimg.cc/qgVD3qkv/c4.jpg,112,599,373,26,192,8,2022-10-04T21:08:09Z
Armoured Fighting Vehicles,Russia,https://upload.wikimedia.org/wikipedia/commons/thumb/a/a9/Flag_of_the_Soviet_Union.svg/23px-Flag_of_the_Soviet_Union.svg.png,MT-LBVM and MT-LBVMK,captured,https://i.postimg.cc/sXrWQvpj/35.jpg,112,599,373,26,192,8,2022-10-04T21:08:09Z
Armoured Fighting Vehicles,Russia,https://upload.wikimedia.org/wikipedia/commons/thumb/a/a9/Flag_of_the_Soviet_Union.svg/23px-Flag_of_the_Soviet_Union.svg.png,MT-LBVM and MT-LBVMK,captured,https://i.postimg.cc/1X5z3z9j/877.jpg,112,599,373,26,192,8,2022-10-04T21:08:09Z
Armoured Fighting Vehicles,Russia,https://upload.wikimedia.org/wikipedia/commons/thumb/a/a9/Flag_of_the_Soviet_Union.svg/23px-Flag_of_the_Soviet_Union.svg.png,MT-LBVM and MT-LBVMK,captured,https://postimg.cc/67GLZgKq,112,599,373,26,192,8,2022-10-04T21:08:09Z
Armoured Fighting Vehicles,Russia,https://upload.wikimedia.org/wikipedia/commons/thumb/a/a9/Flag_of_the_Soviet_Union.svg/23px-Flag_of_the_Soviet_Union.svg.png,MT-LBVM and MT-LBVMK,captured,https://postimg.cc/gxW55yxP,112,599,373,26,192,8,2022-10-04T21:08:09Z
Armoured Fighting Vehicles,Russia,https://upload.wikimedia.org/wikipedia/commons/thumb/a/a9/Flag_of_the_Soviet_Union.svg/23px-Flag_of_the_Soviet_Union.svg.png,MT-LBVM and MT-LBVMK,captured,https://postimg.cc/ftbHxBJM,112,599,373,26,192,8,2022-10-04T21:08:09Z
Armoured Fighting Vehicles,Russia,https://upload.wikimedia.org/wikipedia/commons/thumb/a/a9/Flag_of_the_Soviet_Union.svg/23px-Flag_of_the_Soviet_Union.svg.png,MT-LBVM and MT-LBVMK,captured,https://postimg.cc/kVkQ4mk3,112,599,373,26,192,8,2022-10-04T21:08:09Z
Armoured Fighting Vehicles,Russia,https://upload.wikimedia.org/wikipedia/commons/thumb/a/a9/Flag_of_the_Soviet_Union.svg/23px-Flag_of_the_Soviet_Union.svg.png,MT-LBVM and MT-LBVMK,captured,https://postimg.cc/VS2TwTRd,112,599,373,26,192,8,2022-10-04T21:08:09Z
Armoured Fighting Vehicles,Russia,https://upload.wikimedia.org/wikipedia/commons/thumb/a/a9/Flag_of_the_Soviet_Union.svg/23px-Flag_of_the_Soviet_Union.svg.png,MT-LBVM and MT-LBVMK,captured,https://i.postimg.cc/Pq8mrMPV/698.jpg,112,599,373,26,192,8,2022-10-04T21:08:09Z
Armoured Fighting Vehicles,Russia,https://upload.wikimedia.org/wikipedia/commons/thumb/a/a9/Flag_of_the_Soviet_Union.svg/23px-Flag_of_the_Soviet_Union.svg.png,MT-LBVM and MT-LBVMK,captured,https://postimg.cc/nsVzGDZH,112,599,373,26,192,8,2022-10-04T21:08:09Z
Armoured Fighting Vehicles,Russia,https://upload.wikimedia.org/wikipedia/commons/thumb/a/a9/Flag_of_the_Soviet_Union.svg/23px-Flag_of_the_Soviet_Union.svg.png,MT-LBVM and MT-LBVMK,captured,https://i.postimg.cc/FztFks9X/46.png,112,599,373,26,192,8,2022-10-04T21:08:09Z
Armoured Fighting Vehicles,Russia,https://upload.wikimedia.org/wikipedia/commons/thumb/a/a9/Flag_of_the_Soviet_Union.svg/23px-Flag_of_the_Soviet_Union.svg.png,MT-LBVM and MT-LBVMK,captured,https://postimg.cc/kRxTbKK0,112,599,373,26,192,8,2022-10-04T21:08:09Z
Armoured Fighting Vehicles,Russia,https://upload.wikimedia.org/wikipedia/commons/thumb/a/a9/Flag_of_the_Soviet_Union.svg/23px-Flag_of_the_Soviet_Union.svg.png,MT-LBVM and MT-LBVMK,captured,https://postimg.cc/MXQ6LHzg,112,599,373,26,192,8,2022-10-04T21:08:09Z
Armoured Fighting Vehicles,Russia,https://upload.wikimedia.org/wikipedia/commons/thumb/a/a9/Flag_of_the_Soviet_Union.svg/23px-Flag_of_the_Soviet_Union.svg.png,MT-LBVM and MT-LBVMK,captured,https://twitter.com/UAWeapons/status/1566842191485587456,112,599,373,26,192,8,2022-10-04T21:08:09Z
Armoured Fighting Vehicles,Russia,https://upload.wikimedia.org/wikipedia/commons/thumb/a/a9/Flag_of_the_Soviet_Union.svg/23px-Flag_of_the_Soviet_Union.svg.png,MT-LBVM and MT-LBVMK,captured,https://i.postimg.cc/TPcRwWK2/1009-MT-LBVM.jpg,112,599,373,26,192,8,2022-10-04T21:08:09Z
Armoured Fighting Vehicles,Russia,https://upload.wikimedia.org/wikipedia/commons/thumb/a/a9/Flag_of_the_Soviet_Union.svg/23px-Flag_of_the_Soviet_Union.svg.png,MT-LBVM and MT-LBVMK,captured,https://twitter.com/UAWeapons/status/1568899212976201728,112,599,373,26,192,8,2022-10-04T21:08:09Z
Armoured Fighting Vehicles,Russia,https://upload.wikimedia.org/wikipedia/commons/thumb/a/a9/Flag_of_the_Soviet_Union.svg/23px-Flag_of_the_Soviet_Union.svg.png,MT-LBVM and MT-LBVMK,captured,https://twitter.com/UAWeapons/status/1569427484025946113,112,599,373,26,192,8,2022-10-04T21:08:09Z
Armoured Fighting Vehicles,Russia,https://upload.wikimedia.org/wikipedia/commons/thumb/a/a9/Flag_of_the_Soviet_Union.svg/23px-Flag_of_the_Soviet_Union.svg.png,MT-LBVM and MT-LBVMK,captured,https://twitter.com/UAWeapons/status/1572936489314426883,112,599,373,26,192,8,2022-10-04T21:08:09Z
Armoured Fighting Vehicles,Russia,https://upload.wikimedia.org/wikipedia/commons/thumb/a/a9/Flag_of_the_Soviet_Union.svg/23px-Flag_of_the_Soviet_Union.svg.png,MT-LBVM and MT-LBVMK,captured,https://postimg.cc/14f49yH5,112,599,373,26,192,8,2022-10-04T21:08:09Z
Armoured Fighting Vehicles,Russia,https://upload.wikimedia.org/wikipedia/commons/thumb/a/a9/Flag_of_the_Soviet_Union.svg/23px-Flag_of_the_Soviet_Union.svg.png,MT-LBVM and MT-LBVMK,captured,https://twitter.com/UAWeapons/status/1569229402860552192,112,599,373,26,192,8,2022-10-04T21:08:09Z
Armoured Fighting Vehicles,Russia,https://upload.wikimedia.org/wikipedia/commons/thumb/a/a9/Flag_of_the_Soviet_Union.svg/23px-Flag_of_the_Soviet_Union.svg.png,MT-LBVM and MT-LBVMK,captured,https://twitter.com/UAWeapons/status/1569618856687058945,112,599,373,26,192,8,2022-10-04T21:08:09Z
Armoured Fighting Vehicles,Russia,https://upload.wikimedia.org/wikipedia/commons/thumb/a/a9/Flag_of_the_Soviet_Union.svg/23px-Flag_of_the_Soviet_Union.svg.png,MT-LBVM and MT-LBVMK,captured,https://twitter.com/UAWeapons/status/1570781159067643904,112,599,373,26,192,8,2022-10-04T21:08:09Z
Armoured Fighting Vehicles,Russia,https://upload.wikimedia.org/wikipedia/commons/thumb/a/a9/Flag_of_the_Soviet_Union.svg/23px-Flag_of_the_Soviet_Union.svg.png,MT-LBVM and MT-LBVMK,captured,https://i.postimg.cc/85L87pdz/2022-09-20-MT-LBVMK-1.jpg,112,599,373,26,192,8,2022-10-04T21:08:09Z
Armoured Fighting Vehicles,Russia,https://upload.wikimedia.org/wikipedia/commons/thumb/a/a9/Flag_of_the_Soviet_Union.svg/23px-Flag_of_the_Soviet_Union.svg.png,MT-LBVM and MT-LBVMK,captured,https://i.postimg.cc/Kz8Sbqrc/8.png,112,599,373,26,192,8,2022-10-04T21:08:09Z
Armoured Fighting Vehicles,Russia,https://upload.wikimedia.org/wikipedia/commons/thumb/a/a9/Flag_of_the_Soviet_Union.svg/23px-Flag_of_the_Soviet_Union.svg.png,MT-LBVM and MT-LBVMK,captured,https://i.postimg.cc/VkPfQMdw/1016-mtlb.jpg,112,599,373,26,192,8,2022-10-04T21:08:09Z
Armoured Fighting Vehicles,Russia,https://upload.wikimedia.org/wikipedia/commons/thumb/a/a9/Flag_of_the_Soviet_Union.svg/23px-Flag_of_the_Soviet_Union.svg.png,MT-LBVM and MT-LBVMK,captured,https://i.postimg.cc/SQX20BVC/2022-09-11-MT-LB.png,112,599,373,26,192,8,2022-10-04T21:08:09Z
Armoured Fighting Vehicles,Russia,https://upload.wikimedia.org/wikipedia/commons/thumb/a/a9/Flag_of_the_Soviet_Union.svg/23px-Flag_of_the_Soviet_Union.svg.png,MT-LB with ZU-23 AA gun,destroyed,https://postimg.cc/kVDPCNz0,10,599,373,26,192,8,2022-10-04T21:08:09Z
Armoured Fighting Vehicles,Russia,https://upload.wikimedia.org/wikipedia/commons/thumb/a/a9/Flag_of_the_Soviet_Union.svg/23px-Flag_of_the_Soviet_Union.svg.png,MT-LB with ZU-23 AA gun,destroyed,https://i.postimg.cc/Cxfq7cg7/1006.jpg,10,599,373,26,192,8,2022-10-04T21:08:09Z
Armoured Fighting Vehicles,Russia,https://upload.wikimedia.org/wikipedia/commons/thumb/a/a9/Flag_of_the_Soviet_Union.svg/23px-Flag_of_the_Soviet_Union.svg.png,MT-LB with ZU-23 AA gun,destroyed,https://i.postimg.cc/TPDQzj54/g89.png,10,599,373,26,192,8,2022-10-04T21:08:09Z
Armoured Fighting Vehicles,Russia,https://upload.wikimedia.org/wikipedia/commons/thumb/a/a9/Flag_of_the_Soviet_Union.svg/23px-Flag_of_the_Soviet_Union.svg.png,MT-LB with ZU-23 AA gun,destroyed,https://i.postimg.cc/MZjRvHXZ/430.png,10,599,373,26,192,8,2022-10-04T21:08:09Z
Armoured Fighting Vehicles,Russia,https://upload.wikimedia.org/wikipedia/commons/thumb/a/a9/Flag_of_the_Soviet_Union.svg/23px-Flag_of_the_Soviet_Union.svg.png,MT-LB with ZU-23 AA gun,destroyed,https://i.postimg.cc/YS9nMmZF/z1.jpg,10,599,373,26,192,8,2022-10-04T21:08:09Z
Armoured Fighting Vehicles,Russia,https://upload.wikimedia.org/wikipedia/commons/thumb/a/a9/Flag_of_the_Soviet_Union.svg/23px-Flag_of_the_Soviet_Union.svg.png,MT-LB with ZU-23 AA gun,destroyed,https://i.postimg.cc/dVJNNf94/z2.jpg,10,599,373,26,192,8,2022-10-04T21:08:09Z
Armoured Fighting Vehicles,Russia,https://upload.wikimedia.org/wikipedia/commons/thumb/a/a9/Flag_of_the_Soviet_Union.svg/23px-Flag_of_the_Soviet_Union.svg.png,MT-LB with ZU-23 AA gun,destroyed,https://twitter.com/UAWeapons/status/1560563455119134721,10,599,373,26,192,8,2022-10-04T21:08:09Z
Armoured Fighting Vehicles,Russia,https://upload.wikimedia.org/wikipedia/commons/thumb/a/a9/Flag_of_the_Soviet_Union.svg/23px-Flag_of_the_Soviet_Union.svg.png,MT-LB with ZU-23 AA gun,destroyed,https://i.postimg.cc/NffYnYVZ/1032-MT-LB-with-ZU-23.jpg,10,599,373,26,192,8,2022-10-04T21:08:09Z
Armoured Fighting Vehicles,Russia,https://upload.wikimedia.org/wikipedia/commons/thumb/a/a9/Flag_of_the_Soviet_Union.svg/23px-Flag_of_the_Soviet_Union.svg.png,MT-LB with ZU-23 AA gun,destroyed,https://twitter.com/UAWeapons/status/1574509085764243456,10,599,373,26,192,8,2022-10-04T21:08:09Z
Armoured Fighting Vehicles,Russia,https://upload.wikimedia.org/wikipedia/commons/thumb/a/a9/Flag_of_the_Soviet_Union.svg/23px-Flag_of_the_Soviet_Union.svg.png,MT-LB with ZU-23 AA gun,captured,https://i.postimg.cc/hPYdwmmY/397.png,10,599,373,26,192,8,2022-10-04T21:08:09Z
Armoured Fighting Vehicles,Russia,https://upload.wikimedia.org/wikipedia/commons/thumb/a/a9/Flag_of_the_Soviet_Union.svg/23px-Flag_of_the_Soviet_Union.svg.png,MT-LBM 6MB,destroyed,https://i.postimg.cc/SNh1zwS7/377.png,3,599,373,26,192,8,2022-10-04T21:08:09Z
Armoured Fighting Vehicles,Russia,https://upload.wikimedia.org/wikipedia/commons/thumb/a/a9/Flag_of_the_Soviet_Union.svg/23px-Flag_of_the_Soviet_Union.svg.png,MT-LBM 6MB,abandoned,https://i.postimg.cc/pr29GJz8/359.png,3,599,373,26,192,8,2022-10-04T21:08:09Z
Armoured Fighting Vehicles,Russia,https://upload.wikimedia.org/wikipedia/commons/thumb/a/a9/Flag_of_the_Soviet_Union.svg/23px-Flag_of_the_Soviet_Union.svg.png,MT-LBM 6MB,captured,https://i.postimg.cc/HWBy1LPP/1001-MT-LBM-6-MB.jpg,3,599,373,26,192,8,2022-10-04T21:08:09Z
Armoured Fighting Vehicles,Russia,https://upload.wikimedia.org/wikipedia/commons/thumb/a/a9/Flag_of_the_Soviet_Union.svg/23px-Flag_of_the_Soviet_Union.svg.png,MT-LBu,destroyed,https://i.postimg.cc/CxhxWtzf/f7.png,14,599,373,26,192,8,2022-10-04T21:08:09Z
Armoured Fighting Vehicles,Russia,https://upload.wikimedia.org/wikipedia/commons/thumb/a/a9/Flag_of_the_Soviet_Union.svg/23px-Flag_of_the_Soviet_Union.svg.png,MT-LBu,destroyed,https://i.postimg.cc/4dJshTDd/g41.png,14,599,373,26,192,8,2022-10-04T21:08:09Z
Armoured Fighting Vehicles,Russia,https://upload.wikimedia.org/wikipedia/commons/thumb/a/a9/Flag_of_the_Soviet_Union.svg/23px-Flag_of_the_Soviet_Union.svg.png,MT-LBu,destroyed,https://i.postimg.cc/PryRdWDN/4g.png,14,599,373,26,192,8,2022-10-04T21:08:09Z
Armoured Fighting Vehicles,Russia,https://upload.wikimedia.org/wikipedia/commons/thumb/a/a9/Flag_of_the_Soviet_Union.svg/23px-Flag_of_the_Soviet_Union.svg.png,MT-LBu,destroyed,https://i.postimg.cc/XqDZK50g/431t.png,14,599,373,26,192,8,2022-10-04T21:08:09Z
Armoured Fighting Vehicles,Russia,https://upload.wikimedia.org/wikipedia/commons/thumb/a/a9/Flag_of_the_Soviet_Union.svg/23px-Flag_of_the_Soviet_Union.svg.png,MT-LBu,destroyed,https://i.postimg.cc/wxrgwvyk/678.png,14,599,373,26,192,8,2022-10-04T21:08:09Z
Armoured Fighting Vehicles,Russia,https://upload.wikimedia.org/wikipedia/commons/thumb/a/a9/Flag_of_the_Soviet_Union.svg/23px-Flag_of_the_Soviet_Union.svg.png,MT-LBu,destroyed,https://i.postimg.cc/5tQLJCFb/554.jpg,14,599,373,26,192,8,2022-10-04T21:08:09Z
Armoured Fighting Vehicles,Russia,https://upload.wikimedia.org/wikipedia/commons/thumb/a/a9/Flag_of_the_Soviet_Union.svg/23px-Flag_of_the_Soviet_Union.svg.png,MT-LBu,destroyed,https://twitter.com/RALee85/status/1551156042498822144,14,599,373,26,192,8,2022-10-04T21:08:09Z
Armoured Fighting Vehicles,Russia,https://upload.wikimedia.org/wikipedia/commons/thumb/a/a9/Flag_of_the_Soviet_Union.svg/23px-Flag_of_the_Soviet_Union.svg.png,MT-LBu,destroyed,https://i.postimg.cc/qvLjsL7J/1011-MT-LBu.jpg,14,599,373,26,192,8,2022-10-04T21:08:09Z
Armoured Fighting Vehicles,Russia,https://upload.wikimedia.org/wikipedia/commons/thumb/a/a9/Flag_of_the_Soviet_Union.svg/23px-Flag_of_the_Soviet_Union.svg.png,MT-LBu,abandoned,https://i.postimg.cc/rs9z99Nk/f16.png,14,599,373,26,192,8,2022-10-04T21:08:09Z
Armoured Fighting Vehicles,Russia,https://upload.wikimedia.org/wikipedia/commons/thumb/a/a9/Flag_of_the_Soviet_Union.svg/23px-Flag_of_the_Soviet_Union.svg.png,MT-LBu,captured,https://i.postimg.cc/pV5ZRVDR/5548.png,14,599,373,26,192,8,2022-10-04T21:08:09Z
Armoured Fighting Vehicles,Russia,https://upload.wikimedia.org/wikipedia/commons/thumb/a/a9/Flag_of_the_Soviet_Union.svg/23px-Flag_of_the_Soviet_Union.svg.png,MT-LBu,captured,https://i.postimg.cc/bvVkFC2H/Screenshot-8472.png,14,599,373,26,192,8,2022-10-04T21:08:09Z
Armoured Fighting Vehicles,Russia,https://upload.wikimedia.org/wikipedia/commons/thumb/a/a9/Flag_of_the_Soviet_Union.svg/23px-Flag_of_the_Soviet_Union.svg.png,MT-LBu,captured,https://i.postimg.cc/0Q3ddJ37/5g2.png,14,599,373,26,192,8,2022-10-04T21:08:09Z
Armoured Fighting Vehicles,Russia,https://upload.wikimedia.org/wikipedia/commons/thumb/a/a9/Flag_of_the_Soviet_Union.svg/23px-Flag_of_the_Soviet_Union.svg.png,MT-LBu,captured,https://i.postimg.cc/02qdRFmR/1d.png,14,599,373,26,192,8,2022-10-04T21:08:09Z
Armoured Fighting Vehicles,Russia,https://upload.wikimedia.org/wikipedia/commons/thumb/a/a9/Flag_of_the_Soviet_Union.svg/23px-Flag_of_the_Soviet_Union.svg.png,MT-LBu,captured,https://i.postimg.cc/fTMW9rSn/469.png,14,599,373,26,192,8,2022-10-04T21:08:09Z
Armoured Fighting Vehicles,Russia,https://upload.wikimedia.org/wikipedia/commons/thumb/a/a9/Flag_of_the_Soviet_Union.svg/23px-Flag_of_the_Soviet_Union.svg.png,Vityaz DT-10PM articulated tracked carrier,destroyed,https://i.postimg.cc/J4C0Hmhf/4f9.png,1,599,373,26,192,8,2022-10-04T21:08:09Z
Armoured Fighting Vehicles,Russia,https://upload.wikimedia.org/wikipedia/commons/thumb/a/a9/Flag_of_the_Soviet_Union.svg/23px-Flag_of_the_Soviet_Union.svg.png,Vityaz DT-30 articulated tracked carrier,destroyed,https://i.postimg.cc/qRYCwdBj/16.png,3,599,373,26,192,8,2022-10-04T21:08:09Z
Armoured Fighting Vehicles,Russia,https://upload.wikimedia.org/wikipedia/commons/thumb/a/a9/Flag_of_the_Soviet_Union.svg/23px-Flag_of_the_Soviet_Union.svg.png,Vityaz DT-30 articulated tracked carrier,damaged,https://i.postimg.cc/wTZRmzx8/dt1.png,3,599,373,26,192,8,2022-10-04T21:08:09Z
Armoured Fighting Vehicles,Russia,https://upload.wikimedia.org/wikipedia/commons/thumb/a/a9/Flag_of_the_Soviet_Union.svg/23px-Flag_of_the_Soviet_Union.svg.png,Vityaz DT-30 articulated tracked carrier,captured,https://i.postimg.cc/fLbGschs/46.png,3,599,373,26,192,8,2022-10-04T21:08:09Z
Armoured Fighting Vehicles,Russia,https://upload.wikimedia.org/wikipedia/commons/thumb/a/a9/Flag_of_the_Soviet_Union.svg/23px-Flag_of_the_Soviet_Union.svg.png,GAZ-3344-20 'Aleut' articulated tracked carrier,destroyed,https://i.postimg.cc/dVJYL2Wq/46.jpg,2,599,373,26,192,8,2022-10-04T21:08:09Z
Armoured Fighting Vehicles,Russia,https://upload.wikimedia.org/wikipedia/commons/thumb/a/a9/Flag_of_the_Soviet_Union.svg/23px-Flag_of_the_Soviet_Union.svg.png,GAZ-3344-20 'Aleut' articulated tracked carrier,destroyed,https://i.postimg.cc/GhBRrQbK/689.jpg,2,599,373,26,192,8,2022-10-04T21:08:09Z
Armoured Fighting Vehicles,Russia,https://upload.wikimedia.org/wikipedia/commons/thumb/a/a9/Flag_of_the_Soviet_Union.svg/23px-Flag_of_the_Soviet_Union.svg.png,2S1 with ZU-23 AA gun,captured,https://i.postimg.cc/Yq5q4HcW/88kj.png,1,599,373,26,192,8,2022-10-04T21:08:09Z
Armoured Fighting Vehicles,Russia,https://upload.wikimedia.org/wikipedia/commons/thumb/a/a9/Flag_of_the_Soviet_Union.svg/23px-Flag_of_the_Soviet_Union.svg.png,Unknown BTR-D/BMD-2,destroyed,https://i.postimg.cc/FKDV2Ht0/1013-unkn-BTR-D-BMD2.jpg,8,599,373,26,192,8,2022-10-04T21:08:09Z
Armoured Fighting Vehicles,Russia,https://upload.wikimedia.org/wikipedia/commons/thumb/a/a9/Flag_of_the_Soviet_Union.svg/23px-Flag_of_the_Soviet_Union.svg.png,Unknown BTR-D/BMD-2,destroyed,https://i.postimg.cc/cJVz3g10/r3.jpg,8,599,373,26,192,8,2022-10-04T21:08:09Z
Armoured Fighting Vehicles,Russia,https://upload.wikimedia.org/wikipedia/commons/thumb/a/a9/Flag_of_the_Soviet_Union.svg/23px-Flag_of_the_Soviet_Union.svg.png,Unknown BTR-D/BMD-2,destroyed,https://i.postimg.cc/RZpyMpj3/r1.jpg,8,599,373,26,192,8,2022-10-04T21:08:09Z
Armoured Fighting Vehicles,Russia,https://upload.wikimedia.org/wikipedia/commons/thumb/a/a9/Flag_of_the_Soviet_Union.svg/23px-Flag_of_the_Soviet_Union.svg.png,Unknown BTR-D/BMD-2,destroyed,https://i.postimg.cc/RZpyMpj3/r1.jpg,8,599,373,26,192,8,2022-10-04T21:08:09Z
Armoured Fighting Vehicles,Russia,https://upload.wikimedia.org/wikipedia/commons/thumb/a/a9/Flag_of_the_Soviet_Union.svg/23px-Flag_of_the_Soviet_Union.svg.png,Unknown BTR-D/BMD-2,destroyed,https://i.postimg.cc/rpRfBBjy/466.jpg,8,599,373,26,192,8,2022-10-04T21:08:09Z
Armoured Fighting Vehicles,Russia,https://upload.wikimedia.org/wikipedia/commons/thumb/a/a9/Flag_of_the_Soviet_Union.svg/23px-Flag_of_the_Soviet_Union.svg.png,Unknown BTR-D/BMD-2,destroyed,https://twitter.com/UAWeapons/status/1537885697721241600,8,599,373,26,192,8,2022-10-04T21:08:09Z
Armoured Fighting Vehicles,Russia,https://upload.wikimedia.org/wikipedia/commons/thumb/a/a9/Flag_of_the_Soviet_Union.svg/23px-Flag_of_the_Soviet_Union.svg.png,Unknown BTR-D/BMD-2,destroyed,https://i.postimg.cc/8kr5kRYy/1014.jpg,8,599,373,26,192,8,2022-10-04T21:08:09Z
Armoured Fighting Vehicles,Russia,https://upload.wikimedia.org/wikipedia/commons/thumb/a/a9/Flag_of_the_Soviet_Union.svg/23px-Flag_of_the_Soviet_Union.svg.png,Unknown BTR-D/BMD-2,captured,https://i.postimg.cc/bvJd7Wrw/3h.png,8,599,373,26,192,8,2022-10-04T21:08:09Z
Armoured Fighting Vehicles,Russia,https://upload.wikimedia.org/wikipedia/commons/thumb/a/a9/Flag_of_the_Soviet_Union.svg/23px-Flag_of_the_Soviet_Union.svg.png,Unknown AFV,destroyed,https://i.postimg.cc/Fs4CpZw6/665h.png,158,599,373,26,192,8,2022-10-04T21:08:09Z
Armoured Fighting Vehicles,Russia,https://upload.wikimedia.org/wikipedia/commons/thumb/a/a9/Flag_of_the_Soviet_Union.svg/23px-Flag_of_the_Soviet_Union.svg.png,Unknown AFV,destroyed,https://i.postimg.cc/nhwF3St9/96.png,158,599,373,26,192,8,2022-10-04T21:08:09Z
Armoured Fighting Vehicles,Russia,https://upload.wikimedia.org/wikipedia/commons/thumb/a/a9/Flag_of_the_Soviet_Union.svg/23px-Flag_of_the_Soviet_Union.svg.png,Unknown AFV,destroyed,https://i.postimg.cc/NMzzCDvd/4331.png,158,599,373,26,192,8,2022-10-04T21:08:09Z
Armoured Fighting Vehicles,Russia,https://upload.wikimedia.org/wikipedia/commons/thumb/a/a9/Flag_of_the_Soviet_Union.svg/23px-Flag_of_the_Soviet_Union.svg.png,Unknown AFV,destroyed,https://i.postimg.cc/76JL8hdw/at1.png,158,599,373,26,192,8,2022-10-04T21:08:09Z
Armoured Fighting Vehicles,Russia,https://upload.wikimedia.org/wikipedia/commons/thumb/a/a9/Flag_of_the_Soviet_Union.svg/23px-Flag_of_the_Soviet_Union.svg.png,Unknown AFV,destroyed,https://i.postimg.cc/HLcmjK2t/at2.png,158,599,373,26,192,8,2022-10-04T21:08:09Z
Armoured Fighting Vehicles,Russia,https://upload.wikimedia.org/wikipedia/commons/thumb/a/a9/Flag_of_the_Soviet_Union.svg/23px-Flag_of_the_Soviet_Union.svg.png,Unknown AFV,destroyed,https://i.postimg.cc/tCqHF7kJ/at3.png,158,599,373,26,192,8,2022-10-04T21:08:09Z
Armoured Fighting Vehicles,Russia,https://upload.wikimedia.org/wikipedia/commons/thumb/a/a9/Flag_of_the_Soviet_Union.svg/23px-Flag_of_the_Soviet_Union.svg.png,Unknown AFV,destroyed,https://i.postimg.cc/kGTN1hXj/3gj.png,158,599,373,26,192,8,2022-10-04T21:08:09Z
Armoured Fighting Vehicles,Russia,https://upload.wikimedia.org/wikipedia/commons/thumb/a/a9/Flag_of_the_Soviet_Union.svg/23px-Flag_of_the_Soviet_Union.svg.png,Unknown AFV,destroyed,https://i.postimg.cc/5N5fZdwK/4dh.png,158,599,373,26,192,8,2022-10-04T21:08:09Z
Armoured Fighting Vehicles,Russia,https://upload.wikimedia.org/wikipedia/commons/thumb/a/a9/Flag_of_the_Soviet_Union.svg/23px-Flag_of_the_Soviet_Union.svg.png,Unknown AFV,destroyed,https://i.postimg.cc/Sx6dtt0k/468p.png,158,599,373,26,192,8,2022-10-04T21:08:09Z
Armoured Fighting Vehicles,Russia,https://upload.wikimedia.org/wikipedia/commons/thumb/a/a9/Flag_of_the_Soviet_Union.svg/23px-Flag_of_the_Soviet_Union.svg.png,Unknown AFV,destroyed,https://i.postimg.cc/K4XKypTR/1002-unkn-afv.jpg,158,599,373,26,192,8,2022-10-04T21:08:09Z
Armoured Fighting Vehicles,Russia,https://upload.wikimedia.org/wikipedia/commons/thumb/a/a9/Flag_of_the_Soviet_Union.svg/23px-Flag_of_the_Soviet_Union.svg.png,Unknown AFV,destroyed,https://twitter.com/UAWeapons/status/1572190709440040960,158,599,373,26,192,8,2022-10-04T21:08:09Z
Armoured Fighting Vehicles,Russia,https://upload.wikimedia.org/wikipedia/commons/thumb/a/a9/Flag_of_the_Soviet_Union.svg/23px-Flag_of_the_Soviet_Union.svg.png,Unknown AFV,destroyed,https://i.postimg.cc/1z4BJ97X/32.png,158,599,373,26,192,8,2022-10-04T21:08:09Z
Armoured Fighting Vehicles,Russia,https://upload.wikimedia.org/wikipedia/commons/thumb/a/a9/Flag_of_the_Soviet_Union.svg/23px-Flag_of_the_Soviet_Union.svg.png,Unknown AFV,destroyed,https://twitter.com/UAWeapons/status/1505493946922942469,158,599,373,26,192,8,2022-10-04T21:08:09Z
Armoured Fighting Vehicles,Russia,https://upload.wikimedia.org/wikipedia/commons/thumb/a/a9/Flag_of_the_Soviet_Union.svg/23px-Flag_of_the_Soviet_Union.svg.png,Unknown AFV,destroyed,https://twitter.com/UAWeapons/status/1505649091627339781,158,599,373,26,192,8,2022-10-04T21:08:09Z
Armoured Fighting Vehicles,Russia,https://upload.wikimedia.org/wikipedia/commons/thumb/a/a9/Flag_of_the_Soviet_Union.svg/23px-Flag_of_the_Soviet_Union.svg.png,Unknown AFV,destroyed,https://i.postimg.cc/76wdk1Ff/355.png,158,599,373,26,192,8,2022-10-04T21:08:09Z
Armoured Fighting Vehicles,Russia,https://upload.wikimedia.org/wikipedia/commons/thumb/a/a9/Flag_of_the_Soviet_Union.svg/23px-Flag_of_the_Soviet_Union.svg.png,Unknown AFV,destroyed,https://i.postimg.cc/76wdk1Ff/355.png,158,599,373,26,192,8,2022-10-04T21:08:09Z
Armoured Fighting Vehicles,Russia,https://upload.wikimedia.org/wikipedia/commons/thumb/a/a9/Flag_of_the_Soviet_Union.svg/23px-Flag_of_the_Soviet_Union.svg.png,Unknown AFV,destroyed,https://twitter.com/UAWeapons/status/1506024208018649090,158,599,373,26,192,8,2022-10-04T21:08:09Z
Armoured Fighting Vehicles,Russia,https://upload.wikimedia.org/wikipedia/commons/thumb/a/a9/Flag_of_the_Soviet_Union.svg/23px-Flag_of_the_Soviet_Union.svg.png,Unknown AFV,destroyed,https://i.postimg.cc/jdd1HVXZ/d1.png,158,599,373,26,192,8,2022-10-04T21:08:09Z
Armoured Fighting Vehicles,Russia,https://upload.wikimedia.org/wikipedia/commons/thumb/a/a9/Flag_of_the_Soviet_Union.svg/23px-Flag_of_the_Soviet_Union.svg.png,Unknown AFV,destroyed,https://i.postimg.cc/RFLPtGJk/d2.png,158,599,373,26,192,8,2022-10-04T21:08:09Z
Armoured Fighting Vehicles,Russia,https://upload.wikimedia.org/wikipedia/commons/thumb/a/a9/Flag_of_the_Soviet_Union.svg/23px-Flag_of_the_Soviet_Union.svg.png,Unknown AFV,destroyed,https://twitter.com/UAWeapons/status/1506734299663548434,158,599,373,26,192,8,2022-10-04T21:08:09Z
Armoured Fighting Vehicles,Russia,https://upload.wikimedia.org/wikipedia/commons/thumb/a/a9/Flag_of_the_Soviet_Union.svg/23px-Flag_of_the_Soviet_Union.svg.png,Unknown AFV,destroyed,https://twitter.com/UAWeapons/status/1506734299663548434,158,599,373,26,192,8,2022-10-04T21:08:09Z
Armoured Fighting Vehicles,Russia,https://upload.wikimedia.org/wikipedia/commons/thumb/a/a9/Flag_of_the_Soviet_Union.svg/23px-Flag_of_the_Soviet_Union.svg.png,Unknown AFV,destroyed,https://twitter.com/UAWeapons/status/1507039393378410497,158,599,373,26,192,8,2022-10-04T21:08:09Z
Armoured Fighting Vehicles,Russia,https://upload.wikimedia.org/wikipedia/commons/thumb/a/a9/Flag_of_the_Soviet_Union.svg/23px-Flag_of_the_Soviet_Union.svg.png,Unknown AFV,destroyed,https://twitter.com/UAWeapons/status/1507039393378410497,158,599,373,26,192,8,2022-10-04T21:08:09Z
Armoured Fighting Vehicles,Russia,https://upload.wikimedia.org/wikipedia/commons/thumb/a/a9/Flag_of_the_Soviet_Union.svg/23px-Flag_of_the_Soviet_Union.svg.png,Unknown AFV,destroyed,https://twitter.com/UAWeapons/status/1507039393378410497,158,599,373,26,192,8,2022-10-04T21:08:09Z
Armoured Fighting Vehicles,Russia,https://upload.wikimedia.org/wikipedia/commons/thumb/a/a9/Flag_of_the_Soviet_Union.svg/23px-Flag_of_the_Soviet_Union.svg.png,Unknown AFV,destroyed,https://twitter.com/UAWeapons/status/1507759843213561859,158,599,373,26,192,8,2022-10-04T21:08:09Z
Armoured Fighting Vehicles,Russia,https://upload.wikimedia.org/wikipedia/commons/thumb/a/a9/Flag_of_the_Soviet_Union.svg/23px-Flag_of_the_Soviet_Union.svg.png,Unknown AFV,destroyed,https://twitter.com/UAWeapons/status/1509296082668474371,158,599,373,26,192,8,2022-10-04T21:08:09Z
Armoured Fighting Vehicles,Russia,https://upload.wikimedia.org/wikipedia/commons/thumb/a/a9/Flag_of_the_Soviet_Union.svg/23px-Flag_of_the_Soviet_Union.svg.png,Unknown AFV,destroyed,https://i.postimg.cc/x8bbMsbk/76h.jpg,158,599,373,26,192,8,2022-10-04T21:08:09Z
Armoured Fighting Vehicles,Russia,https://upload.wikimedia.org/wikipedia/commons/thumb/a/a9/Flag_of_the_Soviet_Union.svg/23px-Flag_of_the_Soviet_Union.svg.png,Unknown AFV,destroyed,https://i.postimg.cc/90R2vhFM/uuk11.jpg,158,599,373,26,192,8,2022-10-04T21:08:09Z
Armoured Fighting Vehicles,Russia,https://upload.wikimedia.org/wikipedia/commons/thumb/a/a9/Flag_of_the_Soviet_Union.svg/23px-Flag_of_the_Soviet_Union.svg.png,Unknown AFV,destroyed,https://i.postimg.cc/1tzsrFkD/uuk10.jpg,158,599,373,26,192,8,2022-10-04T21:08:09Z
Armoured Fighting Vehicles,Russia,https://upload.wikimedia.org/wikipedia/commons/thumb/a/a9/Flag_of_the_Soviet_Union.svg/23px-Flag_of_the_Soviet_Union.svg.png,Unknown AFV,destroyed,https://i.postimg.cc/GtWRR5Hj/uuk4.jpg,158,599,373,26,192,8,2022-10-04T21:08:09Z
Armoured Fighting Vehicles,Russia,https://upload.wikimedia.org/wikipedia/commons/thumb/a/a9/Flag_of_the_Soviet_Union.svg/23px-Flag_of_the_Soviet_Union.svg.png,Unknown AFV,destroyed,https://twitter.com/UAWeapons/status/1512537128219160576,158,599,373,26,192,8,2022-10-04T21:08:09Z
Armoured Fighting Vehicles,Russia,https://upload.wikimedia.org/wikipedia/commons/thumb/a/a9/Flag_of_the_Soviet_Union.svg/23px-Flag_of_the_Soviet_Union.svg.png,Unknown AFV,destroyed,https://twitter.com/UAWeapons/status/1512180253485109249,158,599,373,26,192,8,2022-10-04T21:08:09Z
Armoured Fighting Vehicles,Russia,https://upload.wikimedia.org/wikipedia/commons/thumb/a/a9/Flag_of_the_Soviet_Union.svg/23px-Flag_of_the_Soviet_Union.svg.png,Unknown AFV,destroyed,https://twitter.com/UAWeapons/status/1512133600610824192,158,599,373,26,192,8,2022-10-04T21:08:09Z
Armoured Fighting Vehicles,Russia,https://upload.wikimedia.org/wikipedia/commons/thumb/a/a9/Flag_of_the_Soviet_Union.svg/23px-Flag_of_the_Soviet_Union.svg.png,Unknown AFV,destroyed,https://twitter.com/UAWeapons/status/1513212786985340937,158,599,373,26,192,8,2022-10-04T21:08:09Z
Armoured Fighting Vehicles,Russia,https://upload.wikimedia.org/wikipedia/commons/thumb/a/a9/Flag_of_the_Soviet_Union.svg/23px-Flag_of_the_Soviet_Union.svg.png,Unknown AFV,destroyed,https://twitter.com/UAWeapons/status/1513212786985340937,158,599,373,26,192,8,2022-10-04T21:08:09Z
Armoured Fighting Vehicles,Russia,https://upload.wikimedia.org/wikipedia/commons/thumb/a/a9/Flag_of_the_Soviet_Union.svg/23px-Flag_of_the_Soviet_Union.svg.png,Unknown AFV,destroyed,https://twitter.com/UAWeapons/status/1513212786985340937,158,599,373,26,192,8,2022-10-04T21:08:09Z
Armoured Fighting Vehicles,Russia,https://upload.wikimedia.org/wikipedia/commons/thumb/a/a9/Flag_of_the_Soviet_Union.svg/23px-Flag_of_the_Soviet_Union.svg.png,Unknown AFV,destroyed,https://twitter.com/UAWeapons/status/1513630493455138820,158,599,373,26,192,8,2022-10-04T21:08:09Z
Armoured Fighting Vehicles,Russia,https://upload.wikimedia.org/wikipedia/commons/thumb/a/a9/Flag_of_the_Soviet_Union.svg/23px-Flag_of_the_Soviet_Union.svg.png,Unknown AFV,destroyed,https://i.postimg.cc/P5BCd4Rj/f8.jpg,158,599,373,26,192,8,2022-10-04T21:08:09Z
Armoured Fighting Vehicles,Russia,https://upload.wikimedia.org/wikipedia/commons/thumb/a/a9/Flag_of_the_Soviet_Union.svg/23px-Flag_of_the_Soviet_Union.svg.png,Unknown AFV,destroyed,https://twitter.com/UAWeapons/status/1513631958433214467,158,599,373,26,192,8,2022-10-04T21:08:09Z
Armoured Fighting Vehicles,Russia,https://upload.wikimedia.org/wikipedia/commons/thumb/a/a9/Flag_of_the_Soviet_Union.svg/23px-Flag_of_the_Soviet_Union.svg.png,Unknown AFV,destroyed,https://twitter.com/UAWeapons/status/1513495397414715392,158,599,373,26,192,8,2022-10-04T21:08:09Z
Armoured Fighting Vehicles,Russia,https://upload.wikimedia.org/wikipedia/commons/thumb/a/a9/Flag_of_the_Soviet_Union.svg/23px-Flag_of_the_Soviet_Union.svg.png,Unknown AFV,destroyed,https://i.postimg.cc/02GFCJwR/f4.jpg,158,599,373,26,192,8,2022-10-04T21:08:09Z
Armoured Fighting Vehicles,Russia,https://upload.wikimedia.org/wikipedia/commons/thumb/a/a9/Flag_of_the_Soviet_Union.svg/23px-Flag_of_the_Soviet_Union.svg.png,Unknown AFV,destroyed,https://twitter.com/UAWeapons/status/1516454308463751178,158,599,373,26,192,8,2022-10-04T21:08:09Z
Armoured Fighting Vehicles,Russia,https://upload.wikimedia.org/wikipedia/commons/thumb/a/a9/Flag_of_the_Soviet_Union.svg/23px-Flag_of_the_Soviet_Union.svg.png,Unknown AFV,destroyed,https://twitter.com/UAWeapons/status/1519362818369376256,158,599,373,26,192,8,2022-10-04T21:08:09Z
Armoured Fighting Vehicles,Russia,https://upload.wikimedia.org/wikipedia/commons/thumb/a/a9/Flag_of_the_Soviet_Union.svg/23px-Flag_of_the_Soviet_Union.svg.png,Unknown AFV,destroyed,https://twitter.com/UAWeapons/status/1519362818369376256,158,599,373,26,192,8,2022-10-04T21:08:09Z
Armoured Fighting Vehicles,Russia,https://upload.wikimedia.org/wikipedia/commons/thumb/a/a9/Flag_of_the_Soviet_Union.svg/23px-Flag_of_the_Soviet_Union.svg.png,Unknown AFV,destroyed,https://i.postimg.cc/vTGDP6cR/437.jpg,158,599,373,26,192,8,2022-10-04T21:08:09Z
Armoured Fighting Vehicles,Russia,https://upload.wikimedia.org/wikipedia/commons/thumb/a/a9/Flag_of_the_Soviet_Union.svg/23px-Flag_of_the_Soviet_Union.svg.png,Unknown AFV,destroyed,https://twitter.com/UAWeapons/status/1520763005109157889,158,599,373,26,192,8,2022-10-04T21:08:09Z
Armoured Fighting Vehicles,Russia,https://upload.wikimedia.org/wikipedia/commons/thumb/a/a9/Flag_of_the_Soviet_Union.svg/23px-Flag_of_the_Soviet_Union.svg.png,Unknown AFV,destroyed,https://i.postimg.cc/MHmkC3Ps/665.png,158,599,373,26,192,8,2022-10-04T21:08:09Z
Armoured Fighting Vehicles,Russia,https://upload.wikimedia.org/wikipedia/commons/thumb/a/a9/Flag_of_the_Soviet_Union.svg/23px-Flag_of_the_Soviet_Union.svg.png,Unknown AFV,destroyed,https://i.postimg.cc/XvvP2BQT/u1.jpg,158,599,373,26,192,8,2022-10-04T21:08:09Z
Armoured Fighting Vehicles,Russia,https://upload.wikimedia.org/wikipedia/commons/thumb/a/a9/Flag_of_the_Soviet_Union.svg/23px-Flag_of_the_Soviet_Union.svg.png,Unknown AFV,destroyed,https://twitter.com/UAWeapons/status/1521815118295838723,158,599,373,26,192,8,2022-10-04T21:08:09Z
Armoured Fighting Vehicles,Russia,https://upload.wikimedia.org/wikipedia/commons/thumb/a/a9/Flag_of_the_Soviet_Union.svg/23px-Flag_of_the_Soviet_Union.svg.png,Unknown AFV,destroyed,https://twitter.com/UAWeapons/status/1521815118295838723,158,599,373,26,192,8,2022-10-04T21:08:09Z
Armoured Fighting Vehicles,Russia,https://upload.wikimedia.org/wikipedia/commons/thumb/a/a9/Flag_of_the_Soviet_Union.svg/23px-Flag_of_the_Soviet_Union.svg.png,Unknown AFV,destroyed,https://twitter.com/UAWeapons/status/1521815118295838723,158,599,373,26,192,8,2022-10-04T21:08:09Z
Armoured Fighting Vehicles,Russia,https://upload.wikimedia.org/wikipedia/commons/thumb/a/a9/Flag_of_the_Soviet_Union.svg/23px-Flag_of_the_Soviet_Union.svg.png,Unknown AFV,destroyed,https://twitter.com/UAWeapons/status/1523612657680809985,158,599,373,26,192,8,2022-10-04T21:08:09Z
Armoured Fighting Vehicles,Russia,https://upload.wikimedia.org/wikipedia/commons/thumb/a/a9/Flag_of_the_Soviet_Union.svg/23px-Flag_of_the_Soviet_Union.svg.png,Unknown AFV,destroyed,https://twitter.com/UAWeapons/status/1524008954896035840,158,599,373,26,192,8,2022-10-04T21:08:09Z
Armoured Fighting Vehicles,Russia,https://upload.wikimedia.org/wikipedia/commons/thumb/a/a9/Flag_of_the_Soviet_Union.svg/23px-Flag_of_the_Soviet_Union.svg.png,Unknown AFV,destroyed,https://twitter.com/UAWeapons/status/1524008954896035840,158,599,373,26,192,8,2022-10-04T21:08:09Z
Armoured Fighting Vehicles,Russia,https://upload.wikimedia.org/wikipedia/commons/thumb/a/a9/Flag_of_the_Soviet_Union.svg/23px-Flag_of_the_Soviet_Union.svg.png,Unknown AFV,destroyed,https://twitter.com/UAWeapons/status/1524008954896035840,158,599,373,26,192,8,2022-10-04T21:08:09Z
Armoured Fighting Vehicles,Russia,https://upload.wikimedia.org/wikipedia/commons/thumb/a/a9/Flag_of_the_Soviet_Union.svg/23px-Flag_of_the_Soviet_Union.svg.png,Unknown AFV,destroyed,https://twitter.com/UAWeapons/status/1524008954896035840,158,599,373,26,192,8,2022-10-04T21:08:09Z
Armoured Fighting Vehicles,Russia,https://upload.wikimedia.org/wikipedia/commons/thumb/a/a9/Flag_of_the_Soviet_Union.svg/23px-Flag_of_the_Soviet_Union.svg.png,Unknown AFV,destroyed,https://twitter.com/UAWeapons/status/1524008954896035840,158,599,373,26,192,8,2022-10-04T21:08:09Z
Armoured Fighting Vehicles,Russia,https://upload.wikimedia.org/wikipedia/commons/thumb/a/a9/Flag_of_the_Soviet_Union.svg/23px-Flag_of_the_Soviet_Union.svg.png,Unknown AFV,destroyed,https://twitter.com/UAWeapons/status/1524735904274866176,158,599,373,26,192,8,2022-10-04T21:08:09Z
Armoured Fighting Vehicles,Russia,https://upload.wikimedia.org/wikipedia/commons/thumb/a/a9/Flag_of_the_Soviet_Union.svg/23px-Flag_of_the_Soviet_Union.svg.png,Unknown AFV,destroyed,https://twitter.com/UAWeapons/status/1524704234096189441,158,599,373,26,192,8,2022-10-04T21:08:09Z
Armoured Fighting Vehicles,Russia,https://upload.wikimedia.org/wikipedia/commons/thumb/a/a9/Flag_of_the_Soviet_Union.svg/23px-Flag_of_the_Soviet_Union.svg.png,Unknown AFV,destroyed,https://i.postimg.cc/wMntWy67/6536.jpg,158,599,373,26,192,8,2022-10-04T21:08:09Z
Armoured Fighting Vehicles,Russia,https://upload.wikimedia.org/wikipedia/commons/thumb/a/a9/Flag_of_the_Soviet_Union.svg/23px-Flag_of_the_Soviet_Union.svg.png,Unknown AFV,destroyed,https://twitter.com/UAWeapons/status/1525930435141898243,158,599,373,26,192,8,2022-10-04T21:08:09Z
Armoured Fighting Vehicles,Russia,https://upload.wikimedia.org/wikipedia/commons/thumb/a/a9/Flag_of_the_Soviet_Union.svg/23px-Flag_of_the_Soviet_Union.svg.png,Unknown AFV,destroyed,https://twitter.com/UAWeapons/status/1528095112517111808,158,599,373,26,192,8,2022-10-04T21:08:09Z
Armoured Fighting Vehicles,Russia,https://upload.wikimedia.org/wikipedia/commons/thumb/a/a9/Flag_of_the_Soviet_Union.svg/23px-Flag_of_the_Soviet_Union.svg.png,Unknown AFV,destroyed,https://twitter.com/UAWeapons/status/1527990476749647877,158,599,373,26,192,8,2022-10-04T21:08:09Z
Armoured Fighting Vehicles,Russia,https://upload.wikimedia.org/wikipedia/commons/thumb/a/a9/Flag_of_the_Soviet_Union.svg/23px-Flag_of_the_Soviet_Union.svg.png,Unknown AFV,destroyed,https://twitter.com/UAWeapons/status/1527771586044076032,158,599,373,26,192,8,2022-10-04T21:08:09Z
Armoured Fighting Vehicles,Russia,https://upload.wikimedia.org/wikipedia/commons/thumb/a/a9/Flag_of_the_Soviet_Union.svg/23px-Flag_of_the_Soviet_Union.svg.png,Unknown AFV,destroyed,https://twitter.com/UAWeapons/status/1527766199328817153,158,599,373,26,192,8,2022-10-04T21:08:09Z
Armoured Fighting Vehicles,Russia,https://upload.wikimedia.org/wikipedia/commons/thumb/a/a9/Flag_of_the_Soviet_Union.svg/23px-Flag_of_the_Soviet_Union.svg.png,Unknown AFV,destroyed,https://twitter.com/UAWeapons/status/1527766199328817153,158,599,373,26,192,8,2022-10-04T21:08:09Z
Armoured Fighting Vehicles,Russia,https://upload.wikimedia.org/wikipedia/commons/thumb/a/a9/Flag_of_the_Soviet_Union.svg/23px-Flag_of_the_Soviet_Union.svg.png,Unknown AFV,destroyed,https://twitter.com/UAWeapons/status/1527766199328817153,158,599,373,26,192,8,2022-10-04T21:08:09Z
Armoured Fighting Vehicles,Russia,https://upload.wikimedia.org/wikipedia/commons/thumb/a/a9/Flag_of_the_Soviet_Union.svg/23px-Flag_of_the_Soviet_Union.svg.png,Unknown AFV,destroyed,https://twitter.com/UAWeapons/status/1526573484725440512,158,599,373,26,192,8,2022-10-04T21:08:09Z
Armoured Fighting Vehicles,Russia,https://upload.wikimedia.org/wikipedia/commons/thumb/a/a9/Flag_of_the_Soviet_Union.svg/23px-Flag_of_the_Soviet_Union.svg.png,Unknown AFV,destroyed,https://twitter.com/UAWeapons/status/1526582495076024321,158,599,373,26,192,8,2022-10-04T21:08:09Z
Armoured Fighting Vehicles,Russia,https://upload.wikimedia.org/wikipedia/commons/thumb/a/a9/Flag_of_the_Soviet_Union.svg/23px-Flag_of_the_Soviet_Union.svg.png,Unknown AFV,destroyed,https://twitter.com/UAWeapons/status/1526582495076024321,158,599,373,26,192,8,2022-10-04T21:08:09Z
Armoured Fighting Vehicles,Russia,https://upload.wikimedia.org/wikipedia/commons/thumb/a/a9/Flag_of_the_Soviet_Union.svg/23px-Flag_of_the_Soviet_Union.svg.png,Unknown AFV,destroyed,https://twitter.com/UAWeapons/status/1526311544765702148,158,599,373,26,192,8,2022-10-04T21:08:09Z
Armoured Fighting Vehicles,Russia,https://upload.wikimedia.org/wikipedia/commons/thumb/a/a9/Flag_of_the_Soviet_Union.svg/23px-Flag_of_the_Soviet_Union.svg.png,Unknown AFV,destroyed,https://twitter.com/UAWeapons/status/1528459041193738240,158,599,373,26,192,8,2022-10-04T21:08:09Z
Armoured Fighting Vehicles,Russia,https://upload.wikimedia.org/wikipedia/commons/thumb/a/a9/Flag_of_the_Soviet_Union.svg/23px-Flag_of_the_Soviet_Union.svg.png,Unknown AFV,destroyed,https://twitter.com/UAWeapons/status/1528459041193738240,158,599,373,26,192,8,2022-10-04T21:08:09Z
Armoured Fighting Vehicles,Russia,https://upload.wikimedia.org/wikipedia/commons/thumb/a/a9/Flag_of_the_Soviet_Union.svg/23px-Flag_of_the_Soviet_Union.svg.png,Unknown AFV,destroyed,https://twitter.com/UAWeapons/status/1528459041193738240,158,599,373,26,192,8,2022-10-04T21:08:09Z
Armoured Fighting Vehicles,Russia,https://upload.wikimedia.org/wikipedia/commons/thumb/a/a9/Flag_of_the_Soviet_Union.svg/23px-Flag_of_the_Soviet_Union.svg.png,Unknown AFV,destroyed,https://twitter.com/UAWeapons/status/1528459041193738240,158,599,373,26,192,8,2022-10-04T21:08:09Z
Armoured Fighting Vehicles,Russia,https://upload.wikimedia.org/wikipedia/commons/thumb/a/a9/Flag_of_the_Soviet_Union.svg/23px-Flag_of_the_Soviet_Union.svg.png,Unknown AFV,destroyed,https://twitter.com/UAWeapons/status/1528459041193738240,158,599,373,26,192,8,2022-10-04T21:08:09Z
Armoured Fighting Vehicles,Russia,https://upload.wikimedia.org/wikipedia/commons/thumb/a/a9/Flag_of_the_Soviet_Union.svg/23px-Flag_of_the_Soviet_Union.svg.png,Unknown AFV,destroyed,https://twitter.com/UAWeapons/status/1529135237850140672,158,599,373,26,192,8,2022-10-04T21:08:09Z
Armoured Fighting Vehicles,Russia,https://upload.wikimedia.org/wikipedia/commons/thumb/a/a9/Flag_of_the_Soviet_Union.svg/23px-Flag_of_the_Soviet_Union.svg.png,Unknown AFV,destroyed,https://twitter.com/UAWeapons/status/1529117936924995588,158,599,373,26,192,8,2022-10-04T21:08:09Z
Armoured Fighting Vehicles,Russia,https://upload.wikimedia.org/wikipedia/commons/thumb/a/a9/Flag_of_the_Soviet_Union.svg/23px-Flag_of_the_Soviet_Union.svg.png,Unknown AFV,destroyed,https://twitter.com/UAWeapons/status/1529818691759550465,158,599,373,26,192,8,2022-10-04T21:08:09Z
Armoured Fighting Vehicles,Russia,https://upload.wikimedia.org/wikipedia/commons/thumb/a/a9/Flag_of_the_Soviet_Union.svg/23px-Flag_of_the_Soviet_Union.svg.png,Unknown AFV,destroyed,https://twitter.com/UAWeapons/status/1529500592900648964,158,599,373,26,192,8,2022-10-04T21:08:09Z
Armoured Fighting Vehicles,Russia,https://upload.wikimedia.org/wikipedia/commons/thumb/a/a9/Flag_of_the_Soviet_Union.svg/23px-Flag_of_the_Soviet_Union.svg.png,Unknown AFV,destroyed,https://twitter.com/UAWeapons/status/1530488199042281474,158,599,373,26,192,8,2022-10-04T21:08:09Z
Armoured Fighting Vehicles,Russia,https://upload.wikimedia.org/wikipedia/commons/thumb/a/a9/Flag_of_the_Soviet_Union.svg/23px-Flag_of_the_Soviet_Union.svg.png,Unknown AFV,destroyed,https://twitter.com/UAWeapons/status/1530488199042281474,158,599,373,26,192,8,2022-10-04T21:08:09Z
Armoured Fighting Vehicles,Russia,https://upload.wikimedia.org/wikipedia/commons/thumb/a/a9/Flag_of_the_Soviet_Union.svg/23px-Flag_of_the_Soviet_Union.svg.png,Unknown AFV,destroyed,https://twitter.com/UAWeapons/status/1530488199042281474,158,599,373,26,192,8,2022-10-04T21:08:09Z
Armoured Fighting Vehicles,Russia,https://upload.wikimedia.org/wikipedia/commons/thumb/a/a9/Flag_of_the_Soviet_Union.svg/23px-Flag_of_the_Soviet_Union.svg.png,Unknown AFV,destroyed,https://twitter.com/UAWeapons/status/1530488199042281474,158,599,373,26,192,8,2022-10-04T21:08:09Z
Armoured Fighting Vehicles,Russia,https://upload.wikimedia.org/wikipedia/commons/thumb/a/a9/Flag_of_the_Soviet_Union.svg/23px-Flag_of_the_Soviet_Union.svg.png,Unknown AFV,destroyed,https://twitter.com/UAWeapons/status/1531691373421858817,158,599,373,26,192,8,2022-10-04T21:08:09Z
Armoured Fighting Vehicles,Russia,https://upload.wikimedia.org/wikipedia/commons/thumb/a/a9/Flag_of_the_Soviet_Union.svg/23px-Flag_of_the_Soviet_Union.svg.png,Unknown AFV,destroyed,https://i.postimg.cc/DwKynW6Q/32.jpg,158,599,373,26,192,8,2022-10-04T21:08:09Z
Armoured Fighting Vehicles,Russia,https://upload.wikimedia.org/wikipedia/commons/thumb/a/a9/Flag_of_the_Soviet_Union.svg/23px-Flag_of_the_Soviet_Union.svg.png,Unknown AFV,destroyed,https://twitter.com/UAWeapons/status/1532745267015041024,158,599,373,26,192,8,2022-10-04T21:08:09Z
Armoured Fighting Vehicles,Russia,https://upload.wikimedia.org/wikipedia/commons/thumb/a/a9/Flag_of_the_Soviet_Union.svg/23px-Flag_of_the_Soviet_Union.svg.png,Unknown AFV,destroyed,https://i.postimg.cc/NMHbRf94/215.png,158,599,373,26,192,8,2022-10-04T21:08:09Z
Armoured Fighting Vehicles,Russia,https://upload.wikimedia.org/wikipedia/commons/thumb/a/a9/Flag_of_the_Soviet_Union.svg/23px-Flag_of_the_Soviet_Union.svg.png,Unknown AFV,destroyed,https://twitter.com/UAWeapons/status/1534869471004860418,158,599,373,26,192,8,2022-10-04T21:08:09Z
Armoured Fighting Vehicles,Russia,https://upload.wikimedia.org/wikipedia/commons/thumb/a/a9/Flag_of_the_Soviet_Union.svg/23px-Flag_of_the_Soviet_Union.svg.png,Unknown AFV,destroyed,https://twitter.com/UAWeapons/status/1534904095319916545,158,599,373,26,192,8,2022-10-04T21:08:09Z
Armoured Fighting Vehicles,Russia,https://upload.wikimedia.org/wikipedia/commons/thumb/a/a9/Flag_of_the_Soviet_Union.svg/23px-Flag_of_the_Soviet_Union.svg.png,Unknown AFV,destroyed,https://twitter.com/UAWeapons/status/1534904095319916545,158,599,373,26,192,8,2022-10-04T21:08:09Z
Armoured Fighting Vehicles,Russia,https://upload.wikimedia.org/wikipedia/commons/thumb/a/a9/Flag_of_the_Soviet_Union.svg/23px-Flag_of_the_Soviet_Union.svg.png,Unknown AFV,destroyed,https://i.postimg.cc/br1J4wD0/d34.jpg,158,599,373,26,192,8,2022-10-04T21:08:09Z
Armoured Fighting Vehicles,Russia,https://upload.wikimedia.org/wikipedia/commons/thumb/a/a9/Flag_of_the_Soviet_Union.svg/23px-Flag_of_the_Soviet_Union.svg.png,Unknown AFV,destroyed,https://twitter.com/Blue_Sauron/status/1549057711920250882,158,599,373,26,192,8,2022-10-04T21:08:09Z
Armoured Fighting Vehicles,Russia,https://upload.wikimedia.org/wikipedia/commons/thumb/a/a9/Flag_of_the_Soviet_Union.svg/23px-Flag_of_the_Soviet_Union.svg.png,Unknown AFV,destroyed,https://i.postimg.cc/FKkLXjVw/880.png,158,599,373,26,192,8,2022-10-04T21:08:09Z
Armoured Fighting Vehicles,Russia,https://upload.wikimedia.org/wikipedia/commons/thumb/a/a9/Flag_of_the_Soviet_Union.svg/23px-Flag_of_the_Soviet_Union.svg.png,Unknown AFV,destroyed,https://twitter.com/UAWeapons/status/1536379481992085511,158,599,373,26,192,8,2022-10-04T21:08:09Z
Armoured Fighting Vehicles,Russia,https://upload.wikimedia.org/wikipedia/commons/thumb/a/a9/Flag_of_the_Soviet_Union.svg/23px-Flag_of_the_Soviet_Union.svg.png,Unknown AFV,destroyed,https://twitter.com/UAWeapons/status/1536379481992085511,158,599,373,26,192,8,2022-10-04T21:08:09Z
Armoured Fighting Vehicles,Russia,https://upload.wikimedia.org/wikipedia/commons/thumb/a/a9/Flag_of_the_Soviet_Union.svg/23px-Flag_of_the_Soviet_Union.svg.png,Unknown AFV,destroyed,https://twitter.com/UAWeapons/status/1536347694716702726,158,599,373,26,192,8,2022-10-04T21:08:09Z
Armoured Fighting Vehicles,Russia,https://upload.wikimedia.org/wikipedia/commons/thumb/a/a9/Flag_of_the_Soviet_Union.svg/23px-Flag_of_the_Soviet_Union.svg.png,Unknown AFV,destroyed,https://twitter.com/UAWeapons/status/1536670455322525696,158,599,373,26,192,8,2022-10-04T21:08:09Z
Armoured Fighting Vehicles,Russia,https://upload.wikimedia.org/wikipedia/commons/thumb/a/a9/Flag_of_the_Soviet_Union.svg/23px-Flag_of_the_Soviet_Union.svg.png,Unknown AFV,destroyed,https://i.postimg.cc/pV5pqdsJ/1006.jpg,158,599,373,26,192,8,2022-10-04T21:08:09Z
Armoured Fighting Vehicles,Russia,https://upload.wikimedia.org/wikipedia/commons/thumb/a/a9/Flag_of_the_Soviet_Union.svg/23px-Flag_of_the_Soviet_Union.svg.png,Unknown AFV,destroyed,https://twitter.com/UAWeapons/status/1537902614355976193,158,599,373,26,192,8,2022-10-04T21:08:09Z
Armoured Fighting Vehicles,Russia,https://upload.wikimedia.org/wikipedia/commons/thumb/a/a9/Flag_of_the_Soviet_Union.svg/23px-Flag_of_the_Soviet_Union.svg.png,Unknown AFV,destroyed,https://i.postimg.cc/05wCfJNG/6gh6.png,158,599,373,26,192,8,2022-10-04T21:08:09Z
Armoured Fighting Vehicles,Russia,https://upload.wikimedia.org/wikipedia/commons/thumb/a/a9/Flag_of_the_Soviet_Union.svg/23px-Flag_of_the_Soviet_Union.svg.png,Unknown AFV,destroyed,https://i.postimg.cc/D0VjgL8g/5541.jpg,158,599,373,26,192,8,2022-10-04T21:08:09Z
Armoured Fighting Vehicles,Russia,https://upload.wikimedia.org/wikipedia/commons/thumb/a/a9/Flag_of_the_Soviet_Union.svg/23px-Flag_of_the_Soviet_Union.svg.png,Unknown AFV,destroyed,https://i.postimg.cc/VNyTMw9x/431.png,158,599,373,26,192,8,2022-10-04T21:08:09Z
Armoured Fighting Vehicles,Russia,https://upload.wikimedia.org/wikipedia/commons/thumb/a/a9/Flag_of_the_Soviet_Union.svg/23px-Flag_of_the_Soviet_Union.svg.png,Unknown AFV,destroyed,https://i.postimg.cc/Wb4DrBS1/800.jpg,158,599,373,26,192,8,2022-10-04T21:08:09Z
Armoured Fighting Vehicles,Russia,https://upload.wikimedia.org/wikipedia/commons/thumb/a/a9/Flag_of_the_Soviet_Union.svg/23px-Flag_of_the_Soviet_Union.svg.png,Unknown AFV,destroyed,https://i.postimg.cc/v8NM8YD9/1010.jpg,158,599,373,26,192,8,2022-10-04T21:08:09Z
Armoured Fighting Vehicles,Russia,https://upload.wikimedia.org/wikipedia/commons/thumb/a/a9/Flag_of_the_Soviet_Union.svg/23px-Flag_of_the_Soviet_Union.svg.png,Unknown AFV,destroyed,https://twitter.com/UAWeapons/status/1545032059491688449,158,599,373,26,192,8,2022-10-04T21:08:09Z
Armoured Fighting Vehicles,Russia,https://upload.wikimedia.org/wikipedia/commons/thumb/a/a9/Flag_of_the_Soviet_Union.svg/23px-Flag_of_the_Soviet_Union.svg.png,Unknown AFV,destroyed,https://twitter.com/Blue_Sauron/status/1574681050575679488,158,599,373,26,192,8,2022-10-04T21:08:09Z
Armoured Fighting Vehicles,Russia,https://upload.wikimedia.org/wikipedia/commons/thumb/a/a9/Flag_of_the_Soviet_Union.svg/23px-Flag_of_the_Soviet_Union.svg.png,Unknown AFV,destroyed,https://i.postimg.cc/8zh7P7NW/1008.jpg,158,599,373,26,192,8,2022-10-04T21:08:09Z
Armoured Fighting Vehicles,Russia,https://upload.wikimedia.org/wikipedia/commons/thumb/a/a9/Flag_of_the_Soviet_Union.svg/23px-Flag_of_the_Soviet_Union.svg.png,Unknown AFV,destroyed,https://twitter.com/RALee85/status/1546553538402308096,158,599,373,26,192,8,2022-10-04T21:08:09Z
Armoured Fighting Vehicles,Russia,https://upload.wikimedia.org/wikipedia/commons/thumb/a/a9/Flag_of_the_Soviet_Union.svg/23px-Flag_of_the_Soviet_Union.svg.png,Unknown AFV,destroyed,https://twitter.com/RALee85/status/1546553538402308096,158,599,373,26,192,8,2022-10-04T21:08:09Z
Armoured Fighting Vehicles,Russia,https://upload.wikimedia.org/wikipedia/commons/thumb/a/a9/Flag_of_the_Soviet_Union.svg/23px-Flag_of_the_Soviet_Union.svg.png,Unknown AFV,destroyed,https://twitter.com/Blue_Sauron/status/1546393865212551170,158,599,373,26,192,8,2022-10-04T21:08:09Z
Armoured Fighting Vehicles,Russia,https://upload.wikimedia.org/wikipedia/commons/thumb/a/a9/Flag_of_the_Soviet_Union.svg/23px-Flag_of_the_Soviet_Union.svg.png,Unknown AFV,destroyed,https://twitter.com/UAWeapons/status/1547138563350855680,158,599,373,26,192,8,2022-10-04T21:08:09Z
Armoured Fighting Vehicles,Russia,https://upload.wikimedia.org/wikipedia/commons/thumb/a/a9/Flag_of_the_Soviet_Union.svg/23px-Flag_of_the_Soviet_Union.svg.png,Unknown AFV,destroyed,https://twitter.com/Blue_Sauron/status/1548302117059735552,158,599,373,26,192,8,2022-10-04T21:08:09Z
Armoured Fighting Vehicles,Russia,https://upload.wikimedia.org/wikipedia/commons/thumb/a/a9/Flag_of_the_Soviet_Union.svg/23px-Flag_of_the_Soviet_Union.svg.png,Unknown AFV,destroyed,https://i.postimg.cc/1tBLV9pt/1009.jpg,158,599,373,26,192,8,2022-10-04T21:08:09Z
Armoured Fighting Vehicles,Russia,https://upload.wikimedia.org/wikipedia/commons/thumb/a/a9/Flag_of_the_Soviet_Union.svg/23px-Flag_of_the_Soviet_Union.svg.png,Unknown AFV,destroyed,https://twitter.com/UAWeapons/status/1573230184525975552,158,599,373,26,192,8,2022-10-04T21:08:09Z
Armoured Fighting Vehicles,Russia,https://upload.wikimedia.org/wikipedia/commons/thumb/a/a9/Flag_of_the_Soviet_Union.svg/23px-Flag_of_the_Soviet_Union.svg.png,Unknown AFV,destroyed,https://twitter.com/Haruspexut/status/1549884416662671360,158,599,373,26,192,8,2022-10-04T21:08:09Z
Armoured Fighting Vehicles,Russia,https://upload.wikimedia.org/wikipedia/commons/thumb/a/a9/Flag_of_the_Soviet_Union.svg/23px-Flag_of_the_Soviet_Union.svg.png,Unknown AFV,destroyed,https://i.postimg.cc/KzThkpGG/1009.jpg,158,599,373,26,192,8,2022-10-04T21:08:09Z
Armoured Fighting Vehicles,Russia,https://upload.wikimedia.org/wikipedia/commons/thumb/a/a9/Flag_of_the_Soviet_Union.svg/23px-Flag_of_the_Soviet_Union.svg.png,Unknown AFV,destroyed,https://i.postimg.cc/wvFtyTFQ/1001.jpg,158,599,373,26,192,8,2022-10-04T21:08:09Z
Armoured Fighting Vehicles,Russia,https://upload.wikimedia.org/wikipedia/commons/thumb/a/a9/Flag_of_the_Soviet_Union.svg/23px-Flag_of_the_Soviet_Union.svg.png,Unknown AFV,destroyed,https://i.postimg.cc/xddhrdfH/1000-unknown-afv.jpg,158,599,373,26,192,8,2022-10-04T21:08:09Z
Armoured Fighting Vehicles,Russia,https://upload.wikimedia.org/wikipedia/commons/thumb/a/a9/Flag_of_the_Soviet_Union.svg/23px-Flag_of_the_Soviet_Union.svg.png,Unknown AFV,destroyed,https://twitter.com/UAWeapons/status/1554069854772142081,158,599,373,26,192,8,2022-10-04T21:08:09Z
Armoured Fighting Vehicles,Russia,https://upload.wikimedia.org/wikipedia/commons/thumb/a/a9/Flag_of_the_Soviet_Union.svg/23px-Flag_of_the_Soviet_Union.svg.png,Unknown AFV,destroyed,https://twitter.com/UAWeapons/status/1554481143147266049,158,599,373,26,192,8,2022-10-04T21:08:09Z
Armoured Fighting Vehicles,Russia,https://upload.wikimedia.org/wikipedia/commons/thumb/a/a9/Flag_of_the_Soviet_Union.svg/23px-Flag_of_the_Soviet_Union.svg.png,Unknown AFV,destroyed,https://twitter.com/UAWeapons/status/1554481143147266049,158,599,373,26,192,8,2022-10-04T21:08:09Z
Armoured Fighting Vehicles,Russia,https://upload.wikimedia.org/wikipedia/commons/thumb/a/a9/Flag_of_the_Soviet_Union.svg/23px-Flag_of_the_Soviet_Union.svg.png,Unknown AFV,destroyed,https://i.postimg.cc/mkCMw1ns/1003-unkn-afv.jpg,158,599,373,26,192,8,2022-10-04T21:08:09Z
Armoured Fighting Vehicles,Russia,https://upload.wikimedia.org/wikipedia/commons/thumb/a/a9/Flag_of_the_Soviet_Union.svg/23px-Flag_of_the_Soviet_Union.svg.png,Unknown AFV,destroyed,https://twitter.com/RALee85/status/1555120965188784129,158,599,373,26,192,8,2022-10-04T21:08:09Z
Armoured Fighting Vehicles,Russia,https://upload.wikimedia.org/wikipedia/commons/thumb/a/a9/Flag_of_the_Soviet_Union.svg/23px-Flag_of_the_Soviet_Union.svg.png,Unknown AFV,destroyed,https://i.postimg.cc/sXzbXk7X/1002-unkn-afv.jpg,158,599,373,26,192,8,2022-10-04T21:08:09Z
Armoured Fighting Vehicles,Russia,https://upload.wikimedia.org/wikipedia/commons/thumb/a/a9/Flag_of_the_Soviet_Union.svg/23px-Flag_of_the_Soviet_Union.svg.png,Unknown AFV,destroyed,https://twitter.com/UAWeapons/status/1556211872696770561,158,599,373,26,192,8,2022-10-04T21:08:09Z
Armoured Fighting Vehicles,Russia,https://upload.wikimedia.org/wikipedia/commons/thumb/a/a9/Flag_of_the_Soviet_Union.svg/23px-Flag_of_the_Soviet_Union.svg.png,Unknown AFV,destroyed,https://twitter.com/UAWeapons/status/1556212421840310273,158,599,373,26,192,8,2022-10-04T21:08:09Z
Armoured Fighting Vehicles,Russia,https://upload.wikimedia.org/wikipedia/commons/thumb/a/a9/Flag_of_the_Soviet_Union.svg/23px-Flag_of_the_Soviet_Union.svg.png,Unknown AFV,destroyed,https://i.postimg.cc/FKrs9rX7/1008-unkn-afv.jpg,158,599,373,26,192,8,2022-10-04T21:08:09Z
Armoured Fighting Vehicles,Russia,https://upload.wikimedia.org/wikipedia/commons/thumb/a/a9/Flag_of_the_Soviet_Union.svg/23px-Flag_of_the_Soviet_Union.svg.png,Unknown AFV,destroyed,https://twitter.com/UAWeapons/status/1557115825303298049,158,599,373,26,192,8,2022-10-04T21:08:09Z
Armoured Fighting Vehicles,Russia,https://upload.wikimedia.org/wikipedia/commons/thumb/a/a9/Flag_of_the_Soviet_Union.svg/23px-Flag_of_the_Soviet_Union.svg.png,Unknown AFV,destroyed,https://twitter.com/UAWeapons/status/1557684415110725632,158,599,373,26,192,8,2022-10-04T21:08:09Z
Armoured Fighting Vehicles,Russia,https://upload.wikimedia.org/wikipedia/commons/thumb/a/a9/Flag_of_the_Soviet_Union.svg/23px-Flag_of_the_Soviet_Union.svg.png,Unknown AFV,destroyed,https://twitter.com/UAWeapons/status/1558899673821323266,158,599,373,26,192,8,2022-10-04T21:08:09Z
Armoured Fighting Vehicles,Russia,https://upload.wikimedia.org/wikipedia/commons/thumb/a/a9/Flag_of_the_Soviet_Union.svg/23px-Flag_of_the_Soviet_Union.svg.png,Unknown AFV,destroyed,https://twitter.com/RALee85/status/1559191825730134016,158,599,373,26,192,8,2022-10-04T21:08:09Z
Armoured Fighting Vehicles,Russia,https://upload.wikimedia.org/wikipedia/commons/thumb/a/a9/Flag_of_the_Soviet_Union.svg/23px-Flag_of_the_Soviet_Union.svg.png,Unknown AFV,destroyed,https://i.postimg.cc/gkxRLbgp/1002.jpg,158,599,373,26,192,8,2022-10-04T21:08:09Z
Armoured Fighting Vehicles,Russia,https://upload.wikimedia.org/wikipedia/commons/thumb/a/a9/Flag_of_the_Soviet_Union.svg/23px-Flag_of_the_Soviet_Union.svg.png,Unknown AFV,destroyed,https://twitter.com/UAWeapons/status/1532756586950709248,158,599,373,26,192,8,2022-10-04T21:08:09Z
Armoured Fighting Vehicles,Russia,https://upload.wikimedia.org/wikipedia/commons/thumb/a/a9/Flag_of_the_Soviet_Union.svg/23px-Flag_of_the_Soviet_Union.svg.png,Unknown AFV,destroyed,https://twitter.com/UAWeapons/status/1562084103410917377,158,599,373,26,192,8,2022-10-04T21:08:09Z
Armoured Fighting Vehicles,Russia,https://upload.wikimedia.org/wikipedia/commons/thumb/a/a9/Flag_of_the_Soviet_Union.svg/23px-Flag_of_the_Soviet_Union.svg.png,Unknown AFV,destroyed,https://i.postimg.cc/Mp39BQbk/1000-unkn-afv.jpg,158,599,373,26,192,8,2022-10-04T21:08:09Z
Armoured Fighting Vehicles,Russia,https://upload.wikimedia.org/wikipedia/commons/thumb/a/a9/Flag_of_the_Soviet_Union.svg/23px-Flag_of_the_Soviet_Union.svg.png,Unknown AFV,destroyed,https://i.postimg.cc/VvMpjSzj/1005-unkn-afv.jpg,158,599,373,26,192,8,2022-10-04T21:08:09Z
Armoured Fighting Vehicles,Russia,https://upload.wikimedia.org/wikipedia/commons/thumb/a/a9/Flag_of_the_Soviet_Union.svg/23px-Flag_of_the_Soviet_Union.svg.png,Unknown AFV,destroyed,https://i.postimg.cc/W1pv71Jg/1002-unkn-ifv.jpg,158,599,373,26,192,8,2022-10-04T21:08:09Z
Armoured Fighting Vehicles,Russia,https://upload.wikimedia.org/wikipedia/commons/thumb/a/a9/Flag_of_the_Soviet_Union.svg/23px-Flag_of_the_Soviet_Union.svg.png,Unknown AFV,destroyed,https://twitter.com/Danspiun/status/1566064122852171778,158,599,373,26,192,8,2022-10-04T21:08:09Z
Armoured Fighting Vehicles,Russia,https://upload.wikimedia.org/wikipedia/commons/thumb/a/a9/Flag_of_the_Soviet_Union.svg/23px-Flag_of_the_Soviet_Union.svg.png,Unknown AFV,destroyed,https://twitter.com/Danspiun/status/1566064122852171778,158,599,373,26,192,8,2022-10-04T21:08:09Z
Armoured Fighting Vehicles,Russia,https://upload.wikimedia.org/wikipedia/commons/thumb/a/a9/Flag_of_the_Soviet_Union.svg/23px-Flag_of_the_Soviet_Union.svg.png,Unknown AFV,destroyed,https://twitter.com/Danspiun/status/1566064122852171778,158,599,373,26,192,8,2022-10-04T21:08:09Z
Armoured Fighting Vehicles,Russia,https://upload.wikimedia.org/wikipedia/commons/thumb/a/a9/Flag_of_the_Soviet_Union.svg/23px-Flag_of_the_Soviet_Union.svg.png,Unknown AFV,destroyed,https://i.postimg.cc/ZRgHCSyx/1004-unkn-afv.jpg,158,599,373,26,192,8,2022-10-04T21:08:09Z
Armoured Fighting Vehicles,Russia,https://upload.wikimedia.org/wikipedia/commons/thumb/a/a9/Flag_of_the_Soviet_Union.svg/23px-Flag_of_the_Soviet_Union.svg.png,Unknown AFV,destroyed,https://twitter.com/UAWeapons/status/1566783630281740291,158,599,373,26,192,8,2022-10-04T21:08:09Z
Armoured Fighting Vehicles,Russia,https://upload.wikimedia.org/wikipedia/commons/thumb/a/a9/Flag_of_the_Soviet_Union.svg/23px-Flag_of_the_Soviet_Union.svg.png,Unknown AFV,destroyed,https://i.postimg.cc/QtSBz0k0/1035-unkn-AFV.jpg,158,599,373,26,192,8,2022-10-04T21:08:09Z
Armoured Fighting Vehicles,Russia,https://upload.wikimedia.org/wikipedia/commons/thumb/a/a9/Flag_of_the_Soviet_Union.svg/23px-Flag_of_the_Soviet_Union.svg.png,Unknown AFV,destroyed,https://twitter.com/UAWeapons/status/1568691333405249539,158,599,373,26,192,8,2022-10-04T21:08:09Z
Armoured Fighting Vehicles,Russia,https://upload.wikimedia.org/wikipedia/commons/thumb/a/a9/Flag_of_the_Soviet_Union.svg/23px-Flag_of_the_Soviet_Union.svg.png,Unknown AFV,destroyed,https://twitter.com/UAWeapons/status/1569411914693738498,158,599,373,26,192,8,2022-10-04T21:08:09Z
Armoured Fighting Vehicles,Russia,https://upload.wikimedia.org/wikipedia/commons/thumb/a/a9/Flag_of_the_Soviet_Union.svg/23px-Flag_of_the_Soviet_Union.svg.png,Unknown AFV,destroyed,https://twitter.com/UAWeapons/status/1575042703343034369,158,599,373,26,192,8,2022-10-04T21:08:09Z
Armoured Fighting Vehicles,Russia,https://upload.wikimedia.org/wikipedia/commons/thumb/a/a9/Flag_of_the_Soviet_Union.svg/23px-Flag_of_the_Soviet_Union.svg.png,Unknown AFV,destroyed,https://twitter.com/UAWeapons/status/1575042703343034369,158,599,373,26,192,8,2022-10-04T21:08:09Z
Armoured Fighting Vehicles,Russia,https://upload.wikimedia.org/wikipedia/commons/thumb/a/a9/Flag_of_the_Soviet_Union.svg/23px-Flag_of_the_Soviet_Union.svg.png,Unknown AFV,destroyed,https://twitter.com/Blue_Sauron/status/1576462685872349184,158,599,373,26,192,8,2022-10-04T21:08:09Z
Armoured Fighting Vehicles,Russia,https://upload.wikimedia.org/wikipedia/commons/thumb/a/a9/Flag_of_the_Soviet_Union.svg/23px-Flag_of_the_Soviet_Union.svg.png,Unknown AFV,damaged,https://twitter.com/UAWeapons/status/1522310446891610115,158,599,373,26,192,8,2022-10-04T21:08:09Z
Armoured Fighting Vehicles,Russia,https://upload.wikimedia.org/wikipedia/commons/thumb/a/a9/Flag_of_the_Soviet_Union.svg/23px-Flag_of_the_Soviet_Union.svg.png,Unknown AFV,damaged,https://twitter.com/UAWeapons/status/1518237093461385218,158,599,373,26,192,8,2022-10-04T21:08:09Z
Armoured Fighting Vehicles,Russia,https://upload.wikimedia.org/wikipedia/commons/thumb/a/a9/Flag_of_the_Soviet_Union.svg/23px-Flag_of_the_Soviet_Union.svg.png,Unknown AFV,damaged,https://twitter.com/UAWeapons/status/1524456618091589635,158,599,373,26,192,8,2022-10-04T21:08:09Z
Armoured Fighting Vehicles,Russia,https://upload.wikimedia.org/wikipedia/commons/thumb/a/a9/Flag_of_the_Soviet_Union.svg/23px-Flag_of_the_Soviet_Union.svg.png,Unknown AFV,damaged,https://twitter.com/UAWeapons/status/1539601165884743680,158,599,373,26,192,8,2022-10-04T21:08:09Z
Armoured Fighting Vehicles,Russia,https://upload.wikimedia.org/wikipedia/commons/thumb/a/a9/Flag_of_the_Soviet_Union.svg/23px-Flag_of_the_Soviet_Union.svg.png,Unknown AFV,damaged,https://i.postimg.cc/h4zTgvW3/1003-unkn-AFV.jpg,158,599,373,26,192,8,2022-10-04T21:08:09Z
Armoured Fighting Vehicles,Russia,https://upload.wikimedia.org/wikipedia/commons/thumb/a/a9/Flag_of_the_Soviet_Union.svg/23px-Flag_of_the_Soviet_Union.svg.png,Unknown AFV,damaged,https://twitter.com/Danspiun/status/1566064122852171778,158,599,373,26,192,8,2022-10-04T21:08:09Z
Armoured Fighting Vehicles,Russia,https://upload.wikimedia.org/wikipedia/commons/thumb/a/a9/Flag_of_the_Soviet_Union.svg/23px-Flag_of_the_Soviet_Union.svg.png,Unknown AFV,abandoned,https://i.postimg.cc/RhRQ6vSr/dd2.jpg,158,599,373,26,192,8,2022-10-04T21:08:09Z
Armoured Fighting Vehicles,Russia,https://upload.wikimedia.org/wikipedia/commons/thumb/a/a9/Flag_of_the_Soviet_Union.svg/23px-Flag_of_the_Soviet_Union.svg.png,Unknown AFV,captured,https://i.postimg.cc/pXJJrNhR/bj.png,158,599,373,26,192,8,2022-10-04T21:08:09Z
Armoured Fighting Vehicles,Russia,https://upload.wikimedia.org/wikipedia/commons/thumb/a/a9/Flag_of_the_Soviet_Union.svg/23px-Flag_of_the_Soviet_Union.svg.png,Unknown AFV,captured,https://i.postimg.cc/6px1pGbc/f8.jpg,158,599,373,26,192,8,2022-10-04T21:08:09Z
Infantry Fighting Vehicles,Russia,https://upload.wikimedia.org/wikipedia/commons/thumb/a/a9/Flag_of_the_Soviet_Union.svg/23px-Flag_of_the_Soviet_Union.svg.png,BMP-1(P),destroyed,https://i.postimg.cc/cLjxX33H/h8.png,165,1387,834,74,448,31,2022-10-04T21:08:09Z
Infantry Fighting Vehicles,Russia,https://upload.wikimedia.org/wikipedia/commons/thumb/a/a9/Flag_of_the_Soviet_Union.svg/23px-Flag_of_the_Soviet_Union.svg.png,BMP-1(P),destroyed,https://i.postimg.cc/YSKxYwgj/12.jpg,165,1387,834,74,448,31,2022-10-04T21:08:09Z
Infantry Fighting Vehicles,Russia,https://upload.wikimedia.org/wikipedia/commons/thumb/a/a9/Flag_of_the_Soviet_Union.svg/23px-Flag_of_the_Soviet_Union.svg.png,BMP-1(P),destroyed,https://i.postimg.cc/jjbzC407/79p.jpg,165,1387,834,74,448,31,2022-10-04T21:08:09Z
Infantry Fighting Vehicles,Russia,https://upload.wikimedia.org/wikipedia/commons/thumb/a/a9/Flag_of_the_Soviet_Union.svg/23px-Flag_of_the_Soviet_Union.svg.png,BMP-1(P),destroyed,https://i.postimg.cc/Jh06DJ2r/f33.png,165,1387,834,74,448,31,2022-10-04T21:08:09Z
Infantry Fighting Vehicles,Russia,https://upload.wikimedia.org/wikipedia/commons/thumb/a/a9/Flag_of_the_Soviet_Union.svg/23px-Flag_of_the_Soviet_Union.svg.png,BMP-1(P),destroyed,https://i.postimg.cc/QdyMRsTK/333.png,165,1387,834,74,448,31,2022-10-04T21:08:09Z
Infantry Fighting Vehicles,Russia,https://upload.wikimedia.org/wikipedia/commons/thumb/a/a9/Flag_of_the_Soviet_Union.svg/23px-Flag_of_the_Soviet_Union.svg.png,BMP-1(P),destroyed,https://i.postimg.cc/SRC33TdQ/1001-bmp1.jpg,165,1387,834,74,448,31,2022-10-04T21:08:09Z
Infantry Fighting Vehicles,Russia,https://upload.wikimedia.org/wikipedia/commons/thumb/a/a9/Flag_of_the_Soviet_Union.svg/23px-Flag_of_the_Soviet_Union.svg.png,BMP-1(P),destroyed,https://i.postimg.cc/cJyCvCjx/3d13.png,165,1387,834,74,448,31,2022-10-04T21:08:09Z
Infantry Fighting Vehicles,Russia,https://upload.wikimedia.org/wikipedia/commons/thumb/a/a9/Flag_of_the_Soviet_Union.svg/23px-Flag_of_the_Soviet_Union.svg.png,BMP-1(P),destroyed,https://i.postimg.cc/zGvL43bp/553.png,165,1387,834,74,448,31,2022-10-04T21:08:09Z
Infantry Fighting Vehicles,Russia,https://upload.wikimedia.org/wikipedia/commons/thumb/a/a9/Flag_of_the_Soviet_Union.svg/23px-Flag_of_the_Soviet_Union.svg.png,BMP-1(P),destroyed,https://i.postimg.cc/5N6p21Lx/3g.png,165,1387,834,74,448,31,2022-10-04T21:08:09Z
Infantry Fighting Vehicles,Russia,https://upload.wikimedia.org/wikipedia/commons/thumb/a/a9/Flag_of_the_Soviet_Union.svg/23px-Flag_of_the_Soviet_Union.svg.png,BMP-1(P),destroyed,https://i.postimg.cc/qv40gQnq/46h.png,165,1387,834,74,448,31,2022-10-04T21:08:09Z
Infantry Fighting Vehicles,Russia,https://upload.wikimedia.org/wikipedia/commons/thumb/a/a9/Flag_of_the_Soviet_Union.svg/23px-Flag_of_the_Soviet_Union.svg.png,BMP-1(P),destroyed,https://i.postimg.cc/zvqgGh3y/65.png,165,1387,834,74,448,31,2022-10-04T21:08:09Z
Infantry Fighting Vehicles,Russia,https://upload.wikimedia.org/wikipedia/commons/thumb/a/a9/Flag_of_the_Soviet_Union.svg/23px-Flag_of_the_Soviet_Union.svg.png,BMP-1(P),destroyed,https://i.postimg.cc/1ztpktc4/f5.png,165,1387,834,74,448,31,2022-10-04T21:08:09Z
Infantry Fighting Vehicles,Russia,https://upload.wikimedia.org/wikipedia/commons/thumb/a/a9/Flag_of_the_Soviet_Union.svg/23px-Flag_of_the_Soviet_Union.svg.png,BMP-1(P),destroyed,https://i.postimg.cc/zvJ1dfp1/b58.jpg,165,1387,834,74,448,31,2022-10-04T21:08:09Z
Infantry Fighting Vehicles,Russia,https://upload.wikimedia.org/wikipedia/commons/thumb/a/a9/Flag_of_the_Soviet_Union.svg/23px-Flag_of_the_Soviet_Union.svg.png,BMP-1(P),destroyed,https://i.postimg.cc/vZpFJhXh/b56.jpg,165,1387,834,74,448,31,2022-10-04T21:08:09Z
Infantry Fighting Vehicles,Russia,https://upload.wikimedia.org/wikipedia/commons/thumb/a/a9/Flag_of_the_Soviet_Union.svg/23px-Flag_of_the_Soviet_Union.svg.png,BMP-1(P),destroyed,https://i.postimg.cc/Ss40sKBz/b57.jpg,165,1387,834,74,448,31,2022-10-04T21:08:09Z
Infantry Fighting Vehicles,Russia,https://upload.wikimedia.org/wikipedia/commons/thumb/a/a9/Flag_of_the_Soviet_Union.svg/23px-Flag_of_the_Soviet_Union.svg.png,BMP-1(P),destroyed,https://i.postimg.cc/X7RdKcMZ/4356.jpg,165,1387,834,74,448,31,2022-10-04T21:08:09Z
Infantry Fighting Vehicles,Russia,https://upload.wikimedia.org/wikipedia/commons/thumb/a/a9/Flag_of_the_Soviet_Union.svg/23px-Flag_of_the_Soviet_Union.svg.png,BMP-1(P),destroyed,https://i.postimg.cc/CK9RyNdc/554.jpg,165,1387,834,74,448,31,2022-10-04T21:08:09Z
Infantry Fighting Vehicles,Russia,https://upload.wikimedia.org/wikipedia/commons/thumb/a/a9/Flag_of_the_Soviet_Union.svg/23px-Flag_of_the_Soviet_Union.svg.png,BMP-1(P),destroyed,https://postimg.cc/K1rWwGkC,165,1387,834,74,448,31,2022-10-04T21:08:09Z
Infantry Fighting Vehicles,Russia,https://upload.wikimedia.org/wikipedia/commons/thumb/a/a9/Flag_of_the_Soviet_Union.svg/23px-Flag_of_the_Soviet_Union.svg.png,BMP-1(P),destroyed,https://i.postimg.cc/cC4qqnch/29.jpg,165,1387,834,74,448,31,2022-10-04T21:08:09Z
Infantry Fighting Vehicles,Russia,https://upload.wikimedia.org/wikipedia/commons/thumb/a/a9/Flag_of_the_Soviet_Union.svg/23px-Flag_of_the_Soviet_Union.svg.png,BMP-1(P),destroyed,https://i.postimg.cc/jdLWFdMP/d88.png,165,1387,834,74,448,31,2022-10-04T21:08:09Z
Infantry Fighting Vehicles,Russia,https://upload.wikimedia.org/wikipedia/commons/thumb/a/a9/Flag_of_the_Soviet_Union.svg/23px-Flag_of_the_Soviet_Union.svg.png,BMP-1(P),destroyed,https://i.postimg.cc/900Tnqsv/157.png,165,1387,834,74,448,31,2022-10-04T21:08:09Z
Infantry Fighting Vehicles,Russia,https://upload.wikimedia.org/wikipedia/commons/thumb/a/a9/Flag_of_the_Soviet_Union.svg/23px-Flag_of_the_Soviet_Union.svg.png,BMP-1(P),destroyed,https://i.postimg.cc/KYTGY20j/b1.png,165,1387,834,74,448,31,2022-10-04T21:08:09Z
Infantry Fighting Vehicles,Russia,https://upload.wikimedia.org/wikipedia/commons/thumb/a/a9/Flag_of_the_Soviet_Union.svg/23px-Flag_of_the_Soviet_Union.svg.png,BMP-1(P),destroyed,https://i.postimg.cc/JnW1D2Fq/b2.png,165,1387,834,74,448,31,2022-10-04T21:08:09Z
Infantry Fighting Vehicles,Russia,https://upload.wikimedia.org/wikipedia/commons/thumb/a/a9/Flag_of_the_Soviet_Union.svg/23px-Flag_of_the_Soviet_Union.svg.png,BMP-1(P),destroyed,https://i.postimg.cc/jdqS4BS3/b3.png,165,1387,834,74,448,31,2022-10-04T21:08:09Z
Infantry Fighting Vehicles,Russia,https://upload.wikimedia.org/wikipedia/commons/thumb/a/a9/Flag_of_the_Soviet_Union.svg/23px-Flag_of_the_Soviet_Union.svg.png,BMP-1(P),destroyed,https://i.postimg.cc/zX7YyWyq/3h.png,165,1387,834,74,448,31,2022-10-04T21:08:09Z
Infantry Fighting Vehicles,Russia,https://upload.wikimedia.org/wikipedia/commons/thumb/a/a9/Flag_of_the_Soviet_Union.svg/23px-Flag_of_the_Soviet_Union.svg.png,BMP-1(P),destroyed,https://twitter.com/UAWeapons/status/1526557758736277506,165,1387,834,74,448,31,2022-10-04T21:08:09Z
Infantry Fighting Vehicles,Russia,https://upload.wikimedia.org/wikipedia/commons/thumb/a/a9/Flag_of_the_Soviet_Union.svg/23px-Flag_of_the_Soviet_Union.svg.png,BMP-1(P),destroyed,https://i.postimg.cc/NMDP4wxY/5544.jpg,165,1387,834,74,448,31,2022-10-04T21:08:09Z
Infantry Fighting Vehicles,Russia,https://upload.wikimedia.org/wikipedia/commons/thumb/a/a9/Flag_of_the_Soviet_Union.svg/23px-Flag_of_the_Soviet_Union.svg.png,BMP-1(P),destroyed,https://i.postimg.cc/NMDP4wxY/5544.jpg,165,1387,834,74,448,31,2022-10-04T21:08:09Z
Infantry Fighting Vehicles,Russia,https://upload.wikimedia.org/wikipedia/commons/thumb/a/a9/Flag_of_the_Soviet_Union.svg/23px-Flag_of_the_Soviet_Union.svg.png,BMP-1(P),destroyed,https://i.postimg.cc/NMDP4wxY/5544.jpg,165,1387,834,74,448,31,2022-10-04T21:08:09Z
Infantry Fighting Vehicles,Russia,https://upload.wikimedia.org/wikipedia/commons/thumb/a/a9/Flag_of_the_Soviet_Union.svg/23px-Flag_of_the_Soviet_Union.svg.png,BMP-1(P),destroyed,https://i.postimg.cc/wjN2B8PF/g55.jpg,165,1387,834,74,448,31,2022-10-04T21:08:09Z
Infantry Fighting Vehicles,Russia,https://upload.wikimedia.org/wikipedia/commons/thumb/a/a9/Flag_of_the_Soviet_Union.svg/23px-Flag_of_the_Soviet_Union.svg.png,BMP-1(P),destroyed,https://i.postimg.cc/wjN2B8PF/g55.jpg,165,1387,834,74,448,31,2022-10-04T21:08:09Z
Infantry Fighting Vehicles,Russia,https://upload.wikimedia.org/wikipedia/commons/thumb/a/a9/Flag_of_the_Soviet_Union.svg/23px-Flag_of_the_Soviet_Union.svg.png,BMP-1(P),destroyed,https://i.postimg.cc/wxPDR4Dr/n7.jpg,165,1387,834,74,448,31,2022-10-04T21:08:09Z
Infantry Fighting Vehicles,Russia,https://upload.wikimedia.org/wikipedia/commons/thumb/a/a9/Flag_of_the_Soviet_Union.svg/23px-Flag_of_the_Soviet_Union.svg.png,BMP-1(P),destroyed,https://i.postimg.cc/wxPDR4Dr/n7.jpg,165,1387,834,74,448,31,2022-10-04T21:08:09Z
Infantry Fighting Vehicles,Russia,https://upload.wikimedia.org/wikipedia/commons/thumb/a/a9/Flag_of_the_Soviet_Union.svg/23px-Flag_of_the_Soviet_Union.svg.png,BMP-1(P),destroyed,https://i.postimg.cc/wxPDR4Dr/n7.jpg,165,1387,834,74,448,31,2022-10-04T21:08:09Z
Infantry Fighting Vehicles,Russia,https://upload.wikimedia.org/wikipedia/commons/thumb/a/a9/Flag_of_the_Soviet_Union.svg/23px-Flag_of_the_Soviet_Union.svg.png,BMP-1(P),destroyed,https://i.postimg.cc/D0CYk90F/4311.jpg,165,1387,834,74,448,31,2022-10-04T21:08:09Z
Infantry Fighting Vehicles,Russia,https://upload.wikimedia.org/wikipedia/commons/thumb/a/a9/Flag_of_the_Soviet_Union.svg/23px-Flag_of_the_Soviet_Union.svg.png,BMP-1(P),destroyed,https://i.postimg.cc/vHk3rL6P/g5f.jpg,165,1387,834,74,448,31,2022-10-04T21:08:09Z
Infantry Fighting Vehicles,Russia,https://upload.wikimedia.org/wikipedia/commons/thumb/a/a9/Flag_of_the_Soviet_Union.svg/23px-Flag_of_the_Soviet_Union.svg.png,BMP-1(P),destroyed,https://i.postimg.cc/jSYyq8fr/ggg.jpg,165,1387,834,74,448,31,2022-10-04T21:08:09Z
Infantry Fighting Vehicles,Russia,https://upload.wikimedia.org/wikipedia/commons/thumb/a/a9/Flag_of_the_Soviet_Union.svg/23px-Flag_of_the_Soviet_Union.svg.png,BMP-1(P),destroyed,https://i.postimg.cc/vHyRTrt9/b11.jpg,165,1387,834,74,448,31,2022-10-04T21:08:09Z
Infantry Fighting Vehicles,Russia,https://upload.wikimedia.org/wikipedia/commons/thumb/a/a9/Flag_of_the_Soviet_Union.svg/23px-Flag_of_the_Soviet_Union.svg.png,BMP-1(P),destroyed,https://i.postimg.cc/VsnQzGnm/b12.jpg,165,1387,834,74,448,31,2022-10-04T21:08:09Z
Infantry Fighting Vehicles,Russia,https://upload.wikimedia.org/wikipedia/commons/thumb/a/a9/Flag_of_the_Soviet_Union.svg/23px-Flag_of_the_Soviet_Union.svg.png,BMP-1(P),destroyed,https://i.postimg.cc/kG9jJcPg/f44.jpg,165,1387,834,74,448,31,2022-10-04T21:08:09Z
Infantry Fighting Vehicles,Russia,https://upload.wikimedia.org/wikipedia/commons/thumb/a/a9/Flag_of_the_Soviet_Union.svg/23px-Flag_of_the_Soviet_Union.svg.png,BMP-1(P),destroyed,https://i.postimg.cc/J0qpGkRc/f45.jpg,165,1387,834,74,448,31,2022-10-04T21:08:09Z
Infantry Fighting Vehicles,Russia,https://upload.wikimedia.org/wikipedia/commons/thumb/a/a9/Flag_of_the_Soviet_Union.svg/23px-Flag_of_the_Soviet_Union.svg.png,BMP-1(P),destroyed,https://i.postimg.cc/qRBhphZd/y2.jpg,165,1387,834,74,448,31,2022-10-04T21:08:09Z
Infantry Fighting Vehicles,Russia,https://upload.wikimedia.org/wikipedia/commons/thumb/a/a9/Flag_of_the_Soviet_Union.svg/23px-Flag_of_the_Soviet_Union.svg.png,BMP-1(P),destroyed,https://i.postimg.cc/qRBhphZd/y2.jpg,165,1387,834,74,448,31,2022-10-04T21:08:09Z
Infantry Fighting Vehicles,Russia,https://upload.wikimedia.org/wikipedia/commons/thumb/a/a9/Flag_of_the_Soviet_Union.svg/23px-Flag_of_the_Soviet_Union.svg.png,BMP-1(P),destroyed,https://i.postimg.cc/FsYSfSFr/y1.jpg,165,1387,834,74,448,31,2022-10-04T21:08:09Z
Infantry Fighting Vehicles,Russia,https://upload.wikimedia.org/wikipedia/commons/thumb/a/a9/Flag_of_the_Soviet_Union.svg/23px-Flag_of_the_Soviet_Union.svg.png,BMP-1(P),destroyed,https://i.postimg.cc/Sxfmmy26/n1.jpg,165,1387,834,74,448,31,2022-10-04T21:08:09Z
Infantry Fighting Vehicles,Russia,https://upload.wikimedia.org/wikipedia/commons/thumb/a/a9/Flag_of_the_Soviet_Union.svg/23px-Flag_of_the_Soviet_Union.svg.png,BMP-1(P),destroyed,https://i.postimg.cc/RFNm1KPd/n2.jpg,165,1387,834,74,448,31,2022-10-04T21:08:09Z
Infantry Fighting Vehicles,Russia,https://upload.wikimedia.org/wikipedia/commons/thumb/a/a9/Flag_of_the_Soviet_Union.svg/23px-Flag_of_the_Soviet_Union.svg.png,BMP-1(P),destroyed,https://i.postimg.cc/3RVTtNVT/n3.jpg,165,1387,834,74,448,31,2022-10-04T21:08:09Z
Infantry Fighting Vehicles,Russia,https://upload.wikimedia.org/wikipedia/commons/thumb/a/a9/Flag_of_the_Soviet_Union.svg/23px-Flag_of_the_Soviet_Union.svg.png,BMP-1(P),destroyed,https://i.postimg.cc/5yzMT1WF/n4.jpg,165,1387,834,74,448,31,2022-10-04T21:08:09Z
Infantry Fighting Vehicles,Russia,https://upload.wikimedia.org/wikipedia/commons/thumb/a/a9/Flag_of_the_Soviet_Union.svg/23px-Flag_of_the_Soviet_Union.svg.png,BMP-1(P),destroyed,https://i.postimg.cc/g0Md6NKr/n5.jpg,165,1387,834,74,448,31,2022-10-04T21:08:09Z
Infantry Fighting Vehicles,Russia,https://upload.wikimedia.org/wikipedia/commons/thumb/a/a9/Flag_of_the_Soviet_Union.svg/23px-Flag_of_the_Soviet_Union.svg.png,BMP-1(P),destroyed,https://i.postimg.cc/DfRTHjjr/44yh.png,165,1387,834,74,448,31,2022-10-04T21:08:09Z
Infantry Fighting Vehicles,Russia,https://upload.wikimedia.org/wikipedia/commons/thumb/a/a9/Flag_of_the_Soviet_Union.svg/23px-Flag_of_the_Soviet_Union.svg.png,BMP-1(P),destroyed,https://i.postimg.cc/hjBVG8Pf/576.jpg,165,1387,834,74,448,31,2022-10-04T21:08:09Z
Infantry Fighting Vehicles,Russia,https://upload.wikimedia.org/wikipedia/commons/thumb/a/a9/Flag_of_the_Soviet_Union.svg/23px-Flag_of_the_Soviet_Union.svg.png,BMP-1(P),destroyed,https://i.postimg.cc/cLg02zbz/7663.jpg,165,1387,834,74,448,31,2022-10-04T21:08:09Z
Infantry Fighting Vehicles,Russia,https://upload.wikimedia.org/wikipedia/commons/thumb/a/a9/Flag_of_the_Soviet_Union.svg/23px-Flag_of_the_Soviet_Union.svg.png,BMP-1(P),destroyed,https://i.postimg.cc/cLg02zbz/7663.jpg,165,1387,834,74,448,31,2022-10-04T21:08:09Z
Infantry Fighting Vehicles,Russia,https://upload.wikimedia.org/wikipedia/commons/thumb/a/a9/Flag_of_the_Soviet_Union.svg/23px-Flag_of_the_Soviet_Union.svg.png,BMP-1(P),destroyed,https://i.postimg.cc/cLg02zbz/7663.jpg,165,1387,834,74,448,31,2022-10-04T21:08:09Z
Infantry Fighting Vehicles,Russia,https://upload.wikimedia.org/wikipedia/commons/thumb/a/a9/Flag_of_the_Soviet_Union.svg/23px-Flag_of_the_Soviet_Union.svg.png,BMP-1(P),destroyed,https://i.postimg.cc/SKJRj00k/5456.jpg,165,1387,834,74,448,31,2022-10-04T21:08:09Z
Infantry Fighting Vehicles,Russia,https://upload.wikimedia.org/wikipedia/commons/thumb/a/a9/Flag_of_the_Soviet_Union.svg/23px-Flag_of_the_Soviet_Union.svg.png,BMP-1(P),destroyed,https://i.postimg.cc/SRTgwTwV/55444.jpg,165,1387,834,74,448,31,2022-10-04T21:08:09Z
Infantry Fighting Vehicles,Russia,https://upload.wikimedia.org/wikipedia/commons/thumb/a/a9/Flag_of_the_Soviet_Union.svg/23px-Flag_of_the_Soviet_Union.svg.png,BMP-1(P),destroyed,https://i.postimg.cc/MTwGkpPY/431.jpg,165,1387,834,74,448,31,2022-10-04T21:08:09Z
Infantry Fighting Vehicles,Russia,https://upload.wikimedia.org/wikipedia/commons/thumb/a/a9/Flag_of_the_Soviet_Union.svg/23px-Flag_of_the_Soviet_Union.svg.png,BMP-1(P),destroyed,https://twitter.com/UAWeapons/status/1536424104957460480,165,1387,834,74,448,31,2022-10-04T21:08:09Z
Infantry Fighting Vehicles,Russia,https://upload.wikimedia.org/wikipedia/commons/thumb/a/a9/Flag_of_the_Soviet_Union.svg/23px-Flag_of_the_Soviet_Union.svg.png,BMP-1(P),destroyed,https://i.postimg.cc/13LdtKgT/f55.png,165,1387,834,74,448,31,2022-10-04T21:08:09Z
Infantry Fighting Vehicles,Russia,https://upload.wikimedia.org/wikipedia/commons/thumb/a/a9/Flag_of_the_Soviet_Union.svg/23px-Flag_of_the_Soviet_Union.svg.png,BMP-1(P),destroyed,https://i.postimg.cc/05wCfJNG/6gh6.png,165,1387,834,74,448,31,2022-10-04T21:08:09Z
Infantry Fighting Vehicles,Russia,https://upload.wikimedia.org/wikipedia/commons/thumb/a/a9/Flag_of_the_Soviet_Union.svg/23px-Flag_of_the_Soviet_Union.svg.png,BMP-1(P),destroyed,https://i.postimg.cc/m296t5Ms/466.png,165,1387,834,74,448,31,2022-10-04T21:08:09Z
Infantry Fighting Vehicles,Russia,https://upload.wikimedia.org/wikipedia/commons/thumb/a/a9/Flag_of_the_Soviet_Union.svg/23px-Flag_of_the_Soviet_Union.svg.png,BMP-1(P),destroyed,https://twitter.com/UAWeapons/status/1545075270826299394,165,1387,834,74,448,31,2022-10-04T21:08:09Z
Infantry Fighting Vehicles,Russia,https://upload.wikimedia.org/wikipedia/commons/thumb/a/a9/Flag_of_the_Soviet_Union.svg/23px-Flag_of_the_Soviet_Union.svg.png,BMP-1(P),destroyed,https://i.postimg.cc/ry0x2F0G/1002.jpg,165,1387,834,74,448,31,2022-10-04T21:08:09Z
Infantry Fighting Vehicles,Russia,https://upload.wikimedia.org/wikipedia/commons/thumb/a/a9/Flag_of_the_Soviet_Union.svg/23px-Flag_of_the_Soviet_Union.svg.png,BMP-1(P),destroyed,https://i.postimg.cc/ry0x2F0G/1002.jpg,165,1387,834,74,448,31,2022-10-04T21:08:09Z
Infantry Fighting Vehicles,Russia,https://upload.wikimedia.org/wikipedia/commons/thumb/a/a9/Flag_of_the_Soviet_Union.svg/23px-Flag_of_the_Soviet_Union.svg.png,BMP-1(P),destroyed,https://i.postimg.cc/6ppqyv27/1003.jpg,165,1387,834,74,448,31,2022-10-04T21:08:09Z
Infantry Fighting Vehicles,Russia,https://upload.wikimedia.org/wikipedia/commons/thumb/a/a9/Flag_of_the_Soviet_Union.svg/23px-Flag_of_the_Soviet_Union.svg.png,BMP-1(P),destroyed,https://i.postimg.cc/k5kX8xGx/1001-bmp-1.png,165,1387,834,74,448,31,2022-10-04T21:08:09Z
Infantry Fighting Vehicles,Russia,https://upload.wikimedia.org/wikipedia/commons/thumb/a/a9/Flag_of_the_Soviet_Union.svg/23px-Flag_of_the_Soviet_Union.svg.png,BMP-1(P),destroyed,https://i.postimg.cc/Kjk5xSKL/1002-bmp-1.jpg,165,1387,834,74,448,31,2022-10-04T21:08:09Z
Infantry Fighting Vehicles,Russia,https://upload.wikimedia.org/wikipedia/commons/thumb/a/a9/Flag_of_the_Soviet_Union.svg/23px-Flag_of_the_Soviet_Union.svg.png,BMP-1(P),destroyed,https://i.postimg.cc/GhDZx6MH/1003-bmp-1.jpg,165,1387,834,74,448,31,2022-10-04T21:08:09Z
Infantry Fighting Vehicles,Russia,https://upload.wikimedia.org/wikipedia/commons/thumb/a/a9/Flag_of_the_Soviet_Union.svg/23px-Flag_of_the_Soviet_Union.svg.png,BMP-1(P),destroyed,https://i.postimg.cc/7Z6cnBBV/5548.png,165,1387,834,74,448,31,2022-10-04T21:08:09Z
Infantry Fighting Vehicles,Russia,https://upload.wikimedia.org/wikipedia/commons/thumb/a/a9/Flag_of_the_Soviet_Union.svg/23px-Flag_of_the_Soviet_Union.svg.png,BMP-1(P),destroyed,https://i.postimg.cc/pdZMq78d/1001-bmp1.jpg,165,1387,834,74,448,31,2022-10-04T21:08:09Z
Infantry Fighting Vehicles,Russia,https://upload.wikimedia.org/wikipedia/commons/thumb/a/a9/Flag_of_the_Soviet_Union.svg/23px-Flag_of_the_Soviet_Union.svg.png,BMP-1(P),destroyed,https://i.postimg.cc/kgTGVNjG/1029-bmp1.jpg,165,1387,834,74,448,31,2022-10-04T21:08:09Z
Infantry Fighting Vehicles,Russia,https://upload.wikimedia.org/wikipedia/commons/thumb/a/a9/Flag_of_the_Soviet_Union.svg/23px-Flag_of_the_Soviet_Union.svg.png,BMP-1(P),destroyed,https://i.postimg.cc/k4sWSjrW/57.png,165,1387,834,74,448,31,2022-10-04T21:08:09Z
Infantry Fighting Vehicles,Russia,https://upload.wikimedia.org/wikipedia/commons/thumb/a/a9/Flag_of_the_Soviet_Union.svg/23px-Flag_of_the_Soviet_Union.svg.png,BMP-1(P),destroyed,https://postimg.cc/ftQK4jpK,165,1387,834,74,448,31,2022-10-04T21:08:09Z
Infantry Fighting Vehicles,Russia,https://upload.wikimedia.org/wikipedia/commons/thumb/a/a9/Flag_of_the_Soviet_Union.svg/23px-Flag_of_the_Soviet_Union.svg.png,BMP-1(P),destroyed,https://i.postimg.cc/654L2khJ/31.png,165,1387,834,74,448,31,2022-10-04T21:08:09Z
Infantry Fighting Vehicles,Russia,https://upload.wikimedia.org/wikipedia/commons/thumb/a/a9/Flag_of_the_Soviet_Union.svg/23px-Flag_of_the_Soviet_Union.svg.png,BMP-1(P),destroyed,https://twitter.com/UAWeapons/status/1568992480909205504,165,1387,834,74,448,31,2022-10-04T21:08:09Z
Infantry Fighting Vehicles,Russia,https://upload.wikimedia.org/wikipedia/commons/thumb/a/a9/Flag_of_the_Soviet_Union.svg/23px-Flag_of_the_Soviet_Union.svg.png,BMP-1(P),destroyed,https://twitter.com/UAWeapons/status/1569229438864195589,165,1387,834,74,448,31,2022-10-04T21:08:09Z
Infantry Fighting Vehicles,Russia,https://upload.wikimedia.org/wikipedia/commons/thumb/a/a9/Flag_of_the_Soviet_Union.svg/23px-Flag_of_the_Soviet_Union.svg.png,BMP-1(P),destroyed,https://i.postimg.cc/bwVycs9q/1002-bmp2.jpg,165,1387,834,74,448,31,2022-10-04T21:08:09Z
Infantry Fighting Vehicles,Russia,https://upload.wikimedia.org/wikipedia/commons/thumb/a/a9/Flag_of_the_Soviet_Union.svg/23px-Flag_of_the_Soviet_Union.svg.png,BMP-1(P),destroyed,https://i.postimg.cc/v8hT99YR/1000-bmp1.jpg,165,1387,834,74,448,31,2022-10-04T21:08:09Z
Infantry Fighting Vehicles,Russia,https://upload.wikimedia.org/wikipedia/commons/thumb/a/a9/Flag_of_the_Soviet_Union.svg/23px-Flag_of_the_Soviet_Union.svg.png,BMP-1(P),destroyed,https://twitter.com/UAWeapons/status/1574379264819941376,165,1387,834,74,448,31,2022-10-04T21:08:09Z
Infantry Fighting Vehicles,Russia,https://upload.wikimedia.org/wikipedia/commons/thumb/a/a9/Flag_of_the_Soviet_Union.svg/23px-Flag_of_the_Soviet_Union.svg.png,BMP-1(P),destroyed,https://i.postimg.cc/d347mdTD/12.png,165,1387,834,74,448,31,2022-10-04T21:08:09Z
Infantry Fighting Vehicles,Russia,https://upload.wikimedia.org/wikipedia/commons/thumb/a/a9/Flag_of_the_Soviet_Union.svg/23px-Flag_of_the_Soviet_Union.svg.png,BMP-1(P),destroyed,https://i.postimg.cc/ZRJnfDjT/BMP-1-Donetsk-region.png,165,1387,834,74,448,31,2022-10-04T21:08:09Z
Infantry Fighting Vehicles,Russia,https://upload.wikimedia.org/wikipedia/commons/thumb/a/a9/Flag_of_the_Soviet_Union.svg/23px-Flag_of_the_Soviet_Union.svg.png,BMP-1(P),destroyed,https://i.postimg.cc/yY7261mt/2022-10-01-BMP-1.jpg,165,1387,834,74,448,31,2022-10-04T21:08:09Z
Infantry Fighting Vehicles,Russia,https://upload.wikimedia.org/wikipedia/commons/thumb/a/a9/Flag_of_the_Soviet_Union.svg/23px-Flag_of_the_Soviet_Union.svg.png,BMP-1(P),destroyed,https://twitter.com/Blue_Sauron/status/1577397473257361408,165,1387,834,74,448,31,2022-10-04T21:08:09Z
Infantry Fighting Vehicles,Russia,https://upload.wikimedia.org/wikipedia/commons/thumb/a/a9/Flag_of_the_Soviet_Union.svg/23px-Flag_of_the_Soviet_Union.svg.png,BMP-1(P),damaged,https://postimg.cc/DJp7JbvH,165,1387,834,74,448,31,2022-10-04T21:08:09Z
Infantry Fighting Vehicles,Russia,https://upload.wikimedia.org/wikipedia/commons/thumb/a/a9/Flag_of_the_Soviet_Union.svg/23px-Flag_of_the_Soviet_Union.svg.png,BMP-1(P),damaged,https://twitter.com/UAWeapons/status/1535717957652865029,165,1387,834,74,448,31,2022-10-04T21:08:09Z
Infantry Fighting Vehicles,Russia,https://upload.wikimedia.org/wikipedia/commons/thumb/a/a9/Flag_of_the_Soviet_Union.svg/23px-Flag_of_the_Soviet_Union.svg.png,BMP-1(P),abandoned,https://i.postimg.cc/Z5cKsDdh/478.png,165,1387,834,74,448,31,2022-10-04T21:08:09Z
Infantry Fighting Vehicles,Russia,https://upload.wikimedia.org/wikipedia/commons/thumb/a/a9/Flag_of_the_Soviet_Union.svg/23px-Flag_of_the_Soviet_Union.svg.png,BMP-1(P),abandoned,https://i.postimg.cc/QMPbRrpP/8j.png,165,1387,834,74,448,31,2022-10-04T21:08:09Z
Infantry Fighting Vehicles,Russia,https://upload.wikimedia.org/wikipedia/commons/thumb/a/a9/Flag_of_the_Soviet_Union.svg/23px-Flag_of_the_Soviet_Union.svg.png,BMP-1(P),abandoned,https://i.postimg.cc/CLz7N7gC/d3.jpg,165,1387,834,74,448,31,2022-10-04T21:08:09Z
Infantry Fighting Vehicles,Russia,https://upload.wikimedia.org/wikipedia/commons/thumb/a/a9/Flag_of_the_Soviet_Union.svg/23px-Flag_of_the_Soviet_Union.svg.png,BMP-1(P),abandoned,https://twitter.com/UAWeapons/status/1536424104957460480,165,1387,834,74,448,31,2022-10-04T21:08:09Z
Infantry Fighting Vehicles,Russia,https://upload.wikimedia.org/wikipedia/commons/thumb/a/a9/Flag_of_the_Soviet_Union.svg/23px-Flag_of_the_Soviet_Union.svg.png,BMP-1(P),abandoned,https://twitter.com/UAWeapons/status/1536424104957460480,165,1387,834,74,448,31,2022-10-04T21:08:09Z
Infantry Fighting Vehicles,Russia,https://upload.wikimedia.org/wikipedia/commons/thumb/a/a9/Flag_of_the_Soviet_Union.svg/23px-Flag_of_the_Soviet_Union.svg.png,BMP-1(P),abandoned,https://i.postimg.cc/D0F7t6vH/b55.jpg,165,1387,834,74,448,31,2022-10-04T21:08:09Z
Infantry Fighting Vehicles,Russia,https://upload.wikimedia.org/wikipedia/commons/thumb/a/a9/Flag_of_the_Soviet_Union.svg/23px-Flag_of_the_Soviet_Union.svg.png,BMP-1(P),abandoned,https://i.postimg.cc/8Cpqfmv7/3322.jpg,165,1387,834,74,448,31,2022-10-04T21:08:09Z
Infantry Fighting Vehicles,Russia,https://upload.wikimedia.org/wikipedia/commons/thumb/a/a9/Flag_of_the_Soviet_Union.svg/23px-Flag_of_the_Soviet_Union.svg.png,BMP-1(P),abandoned,https://i.postimg.cc/8ztZ9QFC/cs3.jpg,165,1387,834,74,448,31,2022-10-04T21:08:09Z
Infantry Fighting Vehicles,Russia,https://upload.wikimedia.org/wikipedia/commons/thumb/a/a9/Flag_of_the_Soviet_Union.svg/23px-Flag_of_the_Soviet_Union.svg.png,BMP-1(P),abandoned,https://i.postimg.cc/P5dzz35Q/dd.jpg,165,1387,834,74,448,31,2022-10-04T21:08:09Z
Infantry Fighting Vehicles,Russia,https://upload.wikimedia.org/wikipedia/commons/thumb/a/a9/Flag_of_the_Soviet_Union.svg/23px-Flag_of_the_Soviet_Union.svg.png,BMP-1(P),abandoned,https://i.postimg.cc/pXwSB7s7/441.jpg,165,1387,834,74,448,31,2022-10-04T21:08:09Z
Infantry Fighting Vehicles,Russia,https://upload.wikimedia.org/wikipedia/commons/thumb/a/a9/Flag_of_the_Soviet_Union.svg/23px-Flag_of_the_Soviet_Union.svg.png,BMP-1(P),abandoned,https://twitter.com/Blue_Sauron/status/1577397473257361408,165,1387,834,74,448,31,2022-10-04T21:08:09Z
Infantry Fighting Vehicles,Russia,https://upload.wikimedia.org/wikipedia/commons/thumb/a/a9/Flag_of_the_Soviet_Union.svg/23px-Flag_of_the_Soviet_Union.svg.png,BMP-1(P),damaged,https://i.postimg.cc/W4wTp5Qd/6h5.png,165,1387,834,74,448,31,2022-10-04T21:08:09Z
Infantry Fighting Vehicles,Russia,https://upload.wikimedia.org/wikipedia/commons/thumb/a/a9/Flag_of_the_Soviet_Union.svg/23px-Flag_of_the_Soviet_Union.svg.png,BMP-1(P),captured,https://i.postimg.cc/vZKJYwpk/2022-09-11-BMP-1.jpg,165,1387,834,74,448,31,2022-10-04T21:08:09Z
Infantry Fighting Vehicles,Russia,https://upload.wikimedia.org/wikipedia/commons/thumb/a/a9/Flag_of_the_Soviet_Union.svg/23px-Flag_of_the_Soviet_Union.svg.png,BMP-1(P),damaged,https://i.postimg.cc/4NDTHKWz/1000-bmp-1.jpg,165,1387,834,74,448,31,2022-10-04T21:08:09Z
Infantry Fighting Vehicles,Russia,https://upload.wikimedia.org/wikipedia/commons/thumb/a/a9/Flag_of_the_Soviet_Union.svg/23px-Flag_of_the_Soviet_Union.svg.png,BMP-1(P),captured,https://i.postimg.cc/Z5SQKHzb/32.png,165,1387,834,74,448,31,2022-10-04T21:08:09Z
Infantry Fighting Vehicles,Russia,https://upload.wikimedia.org/wikipedia/commons/thumb/a/a9/Flag_of_the_Soviet_Union.svg/23px-Flag_of_the_Soviet_Union.svg.png,BMP-1(P),captured,https://i.postimg.cc/BvRYDG6F/3e.png,165,1387,834,74,448,31,2022-10-04T21:08:09Z
Infantry Fighting Vehicles,Russia,https://upload.wikimedia.org/wikipedia/commons/thumb/a/a9/Flag_of_the_Soviet_Union.svg/23px-Flag_of_the_Soviet_Union.svg.png,BMP-1(P),captured,https://i.postimg.cc/x826xyLT/g0.png,165,1387,834,74,448,31,2022-10-04T21:08:09Z
Infantry Fighting Vehicles,Russia,https://upload.wikimedia.org/wikipedia/commons/thumb/a/a9/Flag_of_the_Soviet_Union.svg/23px-Flag_of_the_Soviet_Union.svg.png,BMP-1(P),captured,https://i.postimg.cc/9XJw4wL4/6877.jpg,165,1387,834,74,448,31,2022-10-04T21:08:09Z
Infantry Fighting Vehicles,Russia,https://upload.wikimedia.org/wikipedia/commons/thumb/a/a9/Flag_of_the_Soviet_Union.svg/23px-Flag_of_the_Soviet_Union.svg.png,BMP-1(P),captured,https://i.postimg.cc/Z5ZPkvKV/52.jpg,165,1387,834,74,448,31,2022-10-04T21:08:09Z
Infantry Fighting Vehicles,Russia,https://upload.wikimedia.org/wikipedia/commons/thumb/a/a9/Flag_of_the_Soviet_Union.svg/23px-Flag_of_the_Soviet_Union.svg.png,BMP-1(P),captured,https://i.postimg.cc/br67qwCh/30.jpg,165,1387,834,74,448,31,2022-10-04T21:08:09Z
Infantry Fighting Vehicles,Russia,https://upload.wikimedia.org/wikipedia/commons/thumb/a/a9/Flag_of_the_Soviet_Union.svg/23px-Flag_of_the_Soviet_Union.svg.png,BMP-1(P),captured,https://i.postimg.cc/Nj2bkD6q/389.png,165,1387,834,74,448,31,2022-10-04T21:08:09Z
Infantry Fighting Vehicles,Russia,https://upload.wikimedia.org/wikipedia/commons/thumb/a/a9/Flag_of_the_Soviet_Union.svg/23px-Flag_of_the_Soviet_Union.svg.png,BMP-1(P),captured,https://i.postimg.cc/d3MG7nfd/dr.jpg,165,1387,834,74,448,31,2022-10-04T21:08:09Z
Infantry Fighting Vehicles,Russia,https://upload.wikimedia.org/wikipedia/commons/thumb/a/a9/Flag_of_the_Soviet_Union.svg/23px-Flag_of_the_Soviet_Union.svg.png,BMP-1(P),captured,https://i.postimg.cc/CKSVtGFx/43f.png,165,1387,834,74,448,31,2022-10-04T21:08:09Z
Infantry Fighting Vehicles,Russia,https://upload.wikimedia.org/wikipedia/commons/thumb/a/a9/Flag_of_the_Soviet_Union.svg/23px-Flag_of_the_Soviet_Union.svg.png,BMP-1(P),captured,https://i.postimg.cc/g0Yf4GDw/44f.png,165,1387,834,74,448,31,2022-10-04T21:08:09Z
Infantry Fighting Vehicles,Russia,https://upload.wikimedia.org/wikipedia/commons/thumb/a/a9/Flag_of_the_Soviet_Union.svg/23px-Flag_of_the_Soviet_Union.svg.png,BMP-1(P),captured,https://twitter.com/UAWeapons/status/1527732387748233218,165,1387,834,74,448,31,2022-10-04T21:08:09Z
Infantry Fighting Vehicles,Russia,https://upload.wikimedia.org/wikipedia/commons/thumb/a/a9/Flag_of_the_Soviet_Union.svg/23px-Flag_of_the_Soviet_Union.svg.png,BMP-1(P),captured,https://i.postimg.cc/FHQ3wKRX/h776.jpg,165,1387,834,74,448,31,2022-10-04T21:08:09Z
Infantry Fighting Vehicles,Russia,https://upload.wikimedia.org/wikipedia/commons/thumb/a/a9/Flag_of_the_Soviet_Union.svg/23px-Flag_of_the_Soviet_Union.svg.png,BMP-1(P),captured,https://twitter.com/UAWeapons/status/1537774779591172096,165,1387,834,74,448,31,2022-10-04T21:08:09Z
Infantry Fighting Vehicles,Russia,https://upload.wikimedia.org/wikipedia/commons/thumb/a/a9/Flag_of_the_Soviet_Union.svg/23px-Flag_of_the_Soviet_Union.svg.png,BMP-1(P),captured,https://i.postimg.cc/YSF30Tyn/7776.jpg,165,1387,834,74,448,31,2022-10-04T21:08:09Z
Infantry Fighting Vehicles,Russia,https://upload.wikimedia.org/wikipedia/commons/thumb/a/a9/Flag_of_the_Soviet_Union.svg/23px-Flag_of_the_Soviet_Union.svg.png,BMP-1(P),captured,https://i.postimg.cc/02K6dR7P/ff4k.png,165,1387,834,74,448,31,2022-10-04T21:08:09Z
Infantry Fighting Vehicles,Russia,https://upload.wikimedia.org/wikipedia/commons/thumb/a/a9/Flag_of_the_Soviet_Union.svg/23px-Flag_of_the_Soviet_Union.svg.png,BMP-1(P),captured,https://i.postimg.cc/sxG1jW4t/445.png,165,1387,834,74,448,31,2022-10-04T21:08:09Z
Infantry Fighting Vehicles,Russia,https://upload.wikimedia.org/wikipedia/commons/thumb/a/a9/Flag_of_the_Soviet_Union.svg/23px-Flag_of_the_Soviet_Union.svg.png,BMP-1(P),captured,https://i.postimg.cc/c6y4Tnn0/87.jpg,165,1387,834,74,448,31,2022-10-04T21:08:09Z
Infantry Fighting Vehicles,Russia,https://upload.wikimedia.org/wikipedia/commons/thumb/a/a9/Flag_of_the_Soviet_Union.svg/23px-Flag_of_the_Soviet_Union.svg.png,BMP-1(P),captured,https://i.postimg.cc/kG9LR8PP/67.png,165,1387,834,74,448,31,2022-10-04T21:08:09Z
Infantry Fighting Vehicles,Russia,https://upload.wikimedia.org/wikipedia/commons/thumb/a/a9/Flag_of_the_Soviet_Union.svg/23px-Flag_of_the_Soviet_Union.svg.png,BMP-1(P),captured,https://i.postimg.cc/bwHvf499/1006.jpg,165,1387,834,74,448,31,2022-10-04T21:08:09Z
Infantry Fighting Vehicles,Russia,https://upload.wikimedia.org/wikipedia/commons/thumb/a/a9/Flag_of_the_Soviet_Union.svg/23px-Flag_of_the_Soviet_Union.svg.png,BMP-1(P),captured,https://i.postimg.cc/jjbzC407/79p.jpg,165,1387,834,74,448,31,2022-10-04T21:08:09Z
Infantry Fighting Vehicles,Russia,https://upload.wikimedia.org/wikipedia/commons/thumb/a/a9/Flag_of_the_Soviet_Union.svg/23px-Flag_of_the_Soviet_Union.svg.png,BMP-1(P),captured,https://twitter.com/UAWeapons/status/1546616242949312517,165,1387,834,74,448,31,2022-10-04T21:08:09Z
Infantry Fighting Vehicles,Russia,https://upload.wikimedia.org/wikipedia/commons/thumb/a/a9/Flag_of_the_Soviet_Union.svg/23px-Flag_of_the_Soviet_Union.svg.png,BMP-1(P),captured,https://i.postimg.cc/HsNRcpkb/1002.jpg,165,1387,834,74,448,31,2022-10-04T21:08:09Z
Infantry Fighting Vehicles,Russia,https://upload.wikimedia.org/wikipedia/commons/thumb/a/a9/Flag_of_the_Soviet_Union.svg/23px-Flag_of_the_Soviet_Union.svg.png,BMP-1(P),captured,https://i.postimg.cc/5NDK9ns3/1003.jpg,165,1387,834,74,448,31,2022-10-04T21:08:09Z
Infantry Fighting Vehicles,Russia,https://upload.wikimedia.org/wikipedia/commons/thumb/a/a9/Flag_of_the_Soviet_Union.svg/23px-Flag_of_the_Soviet_Union.svg.png,BMP-1(P),captured,https://twitter.com/UAWeapons/status/1548716928415539202,165,1387,834,74,448,31,2022-10-04T21:08:09Z
Infantry Fighting Vehicles,Russia,https://upload.wikimedia.org/wikipedia/commons/thumb/a/a9/Flag_of_the_Soviet_Union.svg/23px-Flag_of_the_Soviet_Union.svg.png,BMP-1(P),captured,https://i.postimg.cc/LXdd43CP/1004.jpg,165,1387,834,74,448,31,2022-10-04T21:08:09Z
Infantry Fighting Vehicles,Russia,https://upload.wikimedia.org/wikipedia/commons/thumb/a/a9/Flag_of_the_Soviet_Union.svg/23px-Flag_of_the_Soviet_Union.svg.png,BMP-1(P),captured,https://i.postimg.cc/y697kxxm/1002.jpg,165,1387,834,74,448,31,2022-10-04T21:08:09Z
Infantry Fighting Vehicles,Russia,https://upload.wikimedia.org/wikipedia/commons/thumb/a/a9/Flag_of_the_Soviet_Union.svg/23px-Flag_of_the_Soviet_Union.svg.png,BMP-1(P),captured,https://i.postimg.cc/sx43xwB6/33d.jpg,165,1387,834,74,448,31,2022-10-04T21:08:09Z
Infantry Fighting Vehicles,Russia,https://upload.wikimedia.org/wikipedia/commons/thumb/a/a9/Flag_of_the_Soviet_Union.svg/23px-Flag_of_the_Soviet_Union.svg.png,BMP-1(P),captured,https://i.postimg.cc/kGp8z952/Screenshot-9133.png,165,1387,834,74,448,31,2022-10-04T21:08:09Z
Infantry Fighting Vehicles,Russia,https://upload.wikimedia.org/wikipedia/commons/thumb/a/a9/Flag_of_the_Soviet_Union.svg/23px-Flag_of_the_Soviet_Union.svg.png,BMP-1(P),captured,https://i.postimg.cc/QM37RfjJ/Screenshot-9134.png,165,1387,834,74,448,31,2022-10-04T21:08:09Z
Infantry Fighting Vehicles,Russia,https://upload.wikimedia.org/wikipedia/commons/thumb/a/a9/Flag_of_the_Soviet_Union.svg/23px-Flag_of_the_Soviet_Union.svg.png,BMP-1(P),captured,https://i.postimg.cc/bJLsPghp/ggg5.jpg,165,1387,834,74,448,31,2022-10-04T21:08:09Z
Infantry Fighting Vehicles,Russia,https://upload.wikimedia.org/wikipedia/commons/thumb/a/a9/Flag_of_the_Soviet_Union.svg/23px-Flag_of_the_Soviet_Union.svg.png,BMP-1(P),captured,https://twitter.com/UAWeapons/status/1554939028432093184,165,1387,834,74,448,31,2022-10-04T21:08:09Z
Infantry Fighting Vehicles,Russia,https://upload.wikimedia.org/wikipedia/commons/thumb/a/a9/Flag_of_the_Soviet_Union.svg/23px-Flag_of_the_Soviet_Union.svg.png,BMP-1(P),captured,https://i.postimg.cc/260SqLJ3/318.png,165,1387,834,74,448,31,2022-10-04T21:08:09Z
Infantry Fighting Vehicles,Russia,https://upload.wikimedia.org/wikipedia/commons/thumb/a/a9/Flag_of_the_Soviet_Union.svg/23px-Flag_of_the_Soviet_Union.svg.png,BMP-1(P),captured,https://i.postimg.cc/yNmDQ6Zj/1002-bmp1.jpg,165,1387,834,74,448,31,2022-10-04T21:08:09Z
Infantry Fighting Vehicles,Russia,https://upload.wikimedia.org/wikipedia/commons/thumb/a/a9/Flag_of_the_Soviet_Union.svg/23px-Flag_of_the_Soviet_Union.svg.png,BMP-1(P),captured,https://i.postimg.cc/650j2N8m/1002-bmp1.jpg,165,1387,834,74,448,31,2022-10-04T21:08:09Z
Infantry Fighting Vehicles,Russia,https://upload.wikimedia.org/wikipedia/commons/thumb/a/a9/Flag_of_the_Soviet_Union.svg/23px-Flag_of_the_Soviet_Union.svg.png,BMP-1(P),captured,https://i.postimg.cc/bwWbxmv8/1003-bmp1.jpg,165,1387,834,74,448,31,2022-10-04T21:08:09Z
Infantry Fighting Vehicles,Russia,https://upload.wikimedia.org/wikipedia/commons/thumb/a/a9/Flag_of_the_Soviet_Union.svg/23px-Flag_of_the_Soviet_Union.svg.png,BMP-1(P),captured,https://i.postimg.cc/d3sTsX5R/1004-bmp1.jpg,165,1387,834,74,448,31,2022-10-04T21:08:09Z
Infantry Fighting Vehicles,Russia,https://upload.wikimedia.org/wikipedia/commons/thumb/a/a9/Flag_of_the_Soviet_Union.svg/23px-Flag_of_the_Soviet_Union.svg.png,BMP-1(P),captured,https://i.postimg.cc/hGmmpVJm/1005-bmp1.jpg,165,1387,834,74,448,31,2022-10-04T21:08:09Z
Infantry Fighting Vehicles,Russia,https://upload.wikimedia.org/wikipedia/commons/thumb/a/a9/Flag_of_the_Soviet_Union.svg/23px-Flag_of_the_Soviet_Union.svg.png,BMP-1(P),captured,https://twitter.com/UAWeapons/status/1562876165164900352,165,1387,834,74,448,31,2022-10-04T21:08:09Z
Infantry Fighting Vehicles,Russia,https://upload.wikimedia.org/wikipedia/commons/thumb/a/a9/Flag_of_the_Soviet_Union.svg/23px-Flag_of_the_Soviet_Union.svg.png,BMP-1(P),captured,https://twitter.com/UAWeapons/status/1563934285484236800,165,1387,834,74,448,31,2022-10-04T21:08:09Z
Infantry Fighting Vehicles,Russia,https://upload.wikimedia.org/wikipedia/commons/thumb/a/a9/Flag_of_the_Soviet_Union.svg/23px-Flag_of_the_Soviet_Union.svg.png,BMP-1(P),captured,https://i.postimg.cc/FFqYfPGX/1044-bmp1.jpg,165,1387,834,74,448,31,2022-10-04T21:08:09Z
Infantry Fighting Vehicles,Russia,https://upload.wikimedia.org/wikipedia/commons/thumb/a/a9/Flag_of_the_Soviet_Union.svg/23px-Flag_of_the_Soviet_Union.svg.png,BMP-1(P),damaged,https://i.postimg.cc/GmKgzL7N/1020-bmp1-2.jpg,165,1387,834,74,448,31,2022-10-04T21:08:09Z
Infantry Fighting Vehicles,Russia,https://upload.wikimedia.org/wikipedia/commons/thumb/a/a9/Flag_of_the_Soviet_Union.svg/23px-Flag_of_the_Soviet_Union.svg.png,BMP-1(P),captured,https://i.postimg.cc/jStkzwXP/1021-bmp1.jpg,165,1387,834,74,448,31,2022-10-04T21:08:09Z
Infantry Fighting Vehicles,Russia,https://upload.wikimedia.org/wikipedia/commons/thumb/a/a9/Flag_of_the_Soviet_Union.svg/23px-Flag_of_the_Soviet_Union.svg.png,BMP-1(P),captured,https://twitter.com/UAWeapons/status/1567970224015659011,165,1387,834,74,448,31,2022-10-04T21:08:09Z
Infantry Fighting Vehicles,Russia,https://upload.wikimedia.org/wikipedia/commons/thumb/a/a9/Flag_of_the_Soviet_Union.svg/23px-Flag_of_the_Soviet_Union.svg.png,BMP-1(P),captured,https://i.postimg.cc/9QYM4kSj/1021-bmp1.jpg,165,1387,834,74,448,31,2022-10-04T21:08:09Z
Infantry Fighting Vehicles,Russia,https://upload.wikimedia.org/wikipedia/commons/thumb/a/a9/Flag_of_the_Soviet_Union.svg/23px-Flag_of_the_Soviet_Union.svg.png,BMP-1(P),captured,https://i.postimg.cc/pLTnN0j2/1001-bmp1.jpg,165,1387,834,74,448,31,2022-10-04T21:08:09Z
Infantry Fighting Vehicles,Russia,https://upload.wikimedia.org/wikipedia/commons/thumb/a/a9/Flag_of_the_Soviet_Union.svg/23px-Flag_of_the_Soviet_Union.svg.png,BMP-1(P),captured,https://i.postimg.cc/bwkF47Zn/1014-bmp2.jpg,165,1387,834,74,448,31,2022-10-04T21:08:09Z
Infantry Fighting Vehicles,Russia,https://upload.wikimedia.org/wikipedia/commons/thumb/a/a9/Flag_of_the_Soviet_Union.svg/23px-Flag_of_the_Soviet_Union.svg.png,BMP-1(P),damaged,https://i.postimg.cc/ZnJGGXnj/1026-bmp1.jpg,165,1387,834,74,448,31,2022-10-04T21:08:09Z
Infantry Fighting Vehicles,Russia,https://upload.wikimedia.org/wikipedia/commons/thumb/a/a9/Flag_of_the_Soviet_Union.svg/23px-Flag_of_the_Soviet_Union.svg.png,BMP-1(P),captured,https://twitter.com/UAWeapons/status/1569058662869516289,165,1387,834,74,448,31,2022-10-04T21:08:09Z
Infantry Fighting Vehicles,Russia,https://upload.wikimedia.org/wikipedia/commons/thumb/a/a9/Flag_of_the_Soviet_Union.svg/23px-Flag_of_the_Soviet_Union.svg.png,BMP-1(P),captured,https://i.postimg.cc/L6gn7XLT/1012-bmp1.jpg,165,1387,834,74,448,31,2022-10-04T21:08:09Z
Infantry Fighting Vehicles,Russia,https://upload.wikimedia.org/wikipedia/commons/thumb/a/a9/Flag_of_the_Soviet_Union.svg/23px-Flag_of_the_Soviet_Union.svg.png,BMP-1(P),captured,https://i.postimg.cc/6QSJnxSM/1002-bmp1.jpg,165,1387,834,74,448,31,2022-10-04T21:08:09Z
Infantry Fighting Vehicles,Russia,https://upload.wikimedia.org/wikipedia/commons/thumb/a/a9/Flag_of_the_Soviet_Union.svg/23px-Flag_of_the_Soviet_Union.svg.png,BMP-1(P),captured,https://twitter.com/UAWeapons/status/1569429188360167427,165,1387,834,74,448,31,2022-10-04T21:08:09Z
Infantry Fighting Vehicles,Russia,https://upload.wikimedia.org/wikipedia/commons/thumb/a/a9/Flag_of_the_Soviet_Union.svg/23px-Flag_of_the_Soviet_Union.svg.png,BMP-1(P),captured,https://i.postimg.cc/RF1W2CVg/1015-bmp1.jpg,165,1387,834,74,448,31,2022-10-04T21:08:09Z
Infantry Fighting Vehicles,Russia,https://upload.wikimedia.org/wikipedia/commons/thumb/a/a9/Flag_of_the_Soviet_Union.svg/23px-Flag_of_the_Soviet_Union.svg.png,BMP-1(P),captured,https://twitter.com/UAWeapons/status/1570157461973401600,165,1387,834,74,448,31,2022-10-04T21:08:09Z
Infantry Fighting Vehicles,Russia,https://upload.wikimedia.org/wikipedia/commons/thumb/a/a9/Flag_of_the_Soviet_Union.svg/23px-Flag_of_the_Soviet_Union.svg.png,BMP-1(P),captured,https://i.postimg.cc/BQHYGVms/3gd.png,165,1387,834,74,448,31,2022-10-04T21:08:09Z
Infantry Fighting Vehicles,Russia,https://upload.wikimedia.org/wikipedia/commons/thumb/a/a9/Flag_of_the_Soviet_Union.svg/23px-Flag_of_the_Soviet_Union.svg.png,BMP-1(P),captured,https://i.postimg.cc/MTC5QWBH/1002-bmp1.jpg,165,1387,834,74,448,31,2022-10-04T21:08:09Z
Infantry Fighting Vehicles,Russia,https://upload.wikimedia.org/wikipedia/commons/thumb/a/a9/Flag_of_the_Soviet_Union.svg/23px-Flag_of_the_Soviet_Union.svg.png,BMP-1(P),captured,https://postimg.cc/0zKZyJT9,165,1387,834,74,448,31,2022-10-04T21:08:09Z
Infantry Fighting Vehicles,Russia,https://upload.wikimedia.org/wikipedia/commons/thumb/a/a9/Flag_of_the_Soviet_Union.svg/23px-Flag_of_the_Soviet_Union.svg.png,BMP-1(P),captured,https://postimg.cc/ygWwhxR8,165,1387,834,74,448,31,2022-10-04T21:08:09Z
Infantry Fighting Vehicles,Russia,https://upload.wikimedia.org/wikipedia/commons/thumb/a/a9/Flag_of_the_Soviet_Union.svg/23px-Flag_of_the_Soviet_Union.svg.png,BMP-1(P),captured,https://twitter.com/UAWeapons/status/1571180289560297476,165,1387,834,74,448,31,2022-10-04T21:08:09Z
Infantry Fighting Vehicles,Russia,https://upload.wikimedia.org/wikipedia/commons/thumb/a/a9/Flag_of_the_Soviet_Union.svg/23px-Flag_of_the_Soviet_Union.svg.png,BMP-1(P),captured,https://postimg.cc/Yh1ntpQz,165,1387,834,74,448,31,2022-10-04T21:08:09Z
Infantry Fighting Vehicles,Russia,https://upload.wikimedia.org/wikipedia/commons/thumb/a/a9/Flag_of_the_Soviet_Union.svg/23px-Flag_of_the_Soviet_Union.svg.png,BMP-1(P),captured,https://postimg.cc/D8D0p2CH,165,1387,834,74,448,31,2022-10-04T21:08:09Z
Infantry Fighting Vehicles,Russia,https://upload.wikimedia.org/wikipedia/commons/thumb/a/a9/Flag_of_the_Soviet_Union.svg/23px-Flag_of_the_Soviet_Union.svg.png,BMP-1(P),captured,https://i.postimg.cc/DzKKF4L9/1008-bmp1-captu.jpg,165,1387,834,74,448,31,2022-10-04T21:08:09Z
Infantry Fighting Vehicles,Russia,https://upload.wikimedia.org/wikipedia/commons/thumb/a/a9/Flag_of_the_Soviet_Union.svg/23px-Flag_of_the_Soviet_Union.svg.png,BMP-1(P),captured,https://i.postimg.cc/tCLKgxh2/2022-09-27-BMP-1.jpg,165,1387,834,74,448,31,2022-10-04T21:08:09Z
Infantry Fighting Vehicles,Russia,https://upload.wikimedia.org/wikipedia/commons/thumb/a/a9/Flag_of_the_Soviet_Union.svg/23px-Flag_of_the_Soviet_Union.svg.png,BMP-1(P),captured,https://i.postimg.cc/mgq5H5pG/2022-09-14-BMP-1.jpg,165,1387,834,74,448,31,2022-10-04T21:08:09Z
Infantry Fighting Vehicles,Russia,https://upload.wikimedia.org/wikipedia/commons/thumb/a/a9/Flag_of_the_Soviet_Union.svg/23px-Flag_of_the_Soviet_Union.svg.png,BMP-1(P),captured,https://i.postimg.cc/5NQsY1gs/1005-bmp1-capt.jpg,165,1387,834,74,448,31,2022-10-04T21:08:09Z
Infantry Fighting Vehicles,Russia,https://upload.wikimedia.org/wikipedia/en/thumb/f/f3/Flag_of_Russia.svg/23px-Flag_of_Russia.svg.png,BMP-1AM,destroyed,https://i.postimg.cc/kMNBcp0v/6899.png,16,1387,834,74,448,31,2022-10-04T21:08:09Z
Infantry Fighting Vehicles,Russia,https://upload.wikimedia.org/wikipedia/en/thumb/f/f3/Flag_of_Russia.svg/23px-Flag_of_Russia.svg.png,BMP-1AM,destroyed,https://i.postimg.cc/ZYwxwfgq/k87.jpg,16,1387,834,74,448,31,2022-10-04T21:08:09Z
Infantry Fighting Vehicles,Russia,https://upload.wikimedia.org/wikipedia/en/thumb/f/f3/Flag_of_Russia.svg/23px-Flag_of_Russia.svg.png,BMP-1AM,destroyed,https://twitter.com/UAWeapons/status/1529494451705593861,16,1387,834,74,448,31,2022-10-04T21:08:09Z
Infantry Fighting Vehicles,Russia,https://upload.wikimedia.org/wikipedia/en/thumb/f/f3/Flag_of_Russia.svg/23px-Flag_of_Russia.svg.png,BMP-1AM,destroyed,https://i.postimg.cc/nLJHLtbB/6h6h.jpg,16,1387,834,74,448,31,2022-10-04T21:08:09Z
Infantry Fighting Vehicles,Russia,https://upload.wikimedia.org/wikipedia/en/thumb/f/f3/Flag_of_Russia.svg/23px-Flag_of_Russia.svg.png,BMP-1AM,destroyed,https://i.postimg.cc/KjxTtT3d/4f0.png,16,1387,834,74,448,31,2022-10-04T21:08:09Z
Infantry Fighting Vehicles,Russia,https://upload.wikimedia.org/wikipedia/en/thumb/f/f3/Flag_of_Russia.svg/23px-Flag_of_Russia.svg.png,BMP-1AM,destroyed,https://i.postimg.cc/KjxTtT3d/4f0.png,16,1387,834,74,448,31,2022-10-04T21:08:09Z
Infantry Fighting Vehicles,Russia,https://upload.wikimedia.org/wikipedia/en/thumb/f/f3/Flag_of_Russia.svg/23px-Flag_of_Russia.svg.png,BMP-1AM,destroyed,https://i.postimg.cc/76XHnSxQ/1009.jpg,16,1387,834,74,448,31,2022-10-04T21:08:09Z
Infantry Fighting Vehicles,Russia,https://upload.wikimedia.org/wikipedia/en/thumb/f/f3/Flag_of_Russia.svg/23px-Flag_of_Russia.svg.png,BMP-1AM,destroyed,https://i.postimg.cc/8CbfN504/57h.png,16,1387,834,74,448,31,2022-10-04T21:08:09Z
Infantry Fighting Vehicles,Russia,https://upload.wikimedia.org/wikipedia/en/thumb/f/f3/Flag_of_Russia.svg/23px-Flag_of_Russia.svg.png,BMP-1AM,destroyed,https://i.postimg.cc/90MrW0yq/1000-bmp1am.jpg,16,1387,834,74,448,31,2022-10-04T21:08:09Z
Infantry Fighting Vehicles,Russia,https://upload.wikimedia.org/wikipedia/en/thumb/f/f3/Flag_of_Russia.svg/23px-Flag_of_Russia.svg.png,BMP-1AM,destroyed,https://twitter.com/RALee85/status/1559268618864656388,16,1387,834,74,448,31,2022-10-04T21:08:09Z
Infantry Fighting Vehicles,Russia,https://upload.wikimedia.org/wikipedia/en/thumb/f/f3/Flag_of_Russia.svg/23px-Flag_of_Russia.svg.png,BMP-1AM,damaged,https://i.postimg.cc/HLqkkqg0/1003-bmp1am.jpg,16,1387,834,74,448,31,2022-10-04T21:08:09Z
Infantry Fighting Vehicles,Russia,https://upload.wikimedia.org/wikipedia/en/thumb/f/f3/Flag_of_Russia.svg/23px-Flag_of_Russia.svg.png,BMP-1AM,abandoned,https://i.postimg.cc/0Nbx8HDv/dc.jpg,16,1387,834,74,448,31,2022-10-04T21:08:09Z
Infantry Fighting Vehicles,Russia,https://upload.wikimedia.org/wikipedia/en/thumb/f/f3/Flag_of_Russia.svg/23px-Flag_of_Russia.svg.png,BMP-1AM,abandoned,https://i.postimg.cc/j5fbfwMk/d4.jpg,16,1387,834,74,448,31,2022-10-04T21:08:09Z
Infantry Fighting Vehicles,Russia,https://upload.wikimedia.org/wikipedia/en/thumb/f/f3/Flag_of_Russia.svg/23px-Flag_of_Russia.svg.png,BMP-1AM,abandoned,https://i.postimg.cc/SQrpTVVm/548.png,16,1387,834,74,448,31,2022-10-04T21:08:09Z
Infantry Fighting Vehicles,Russia,https://upload.wikimedia.org/wikipedia/en/thumb/f/f3/Flag_of_Russia.svg/23px-Flag_of_Russia.svg.png,BMP-1AM,damaged,https://twitter.com/UAWeapons/status/1558386570432073728,16,1387,834,74,448,31,2022-10-04T21:08:09Z
Infantry Fighting Vehicles,Russia,https://upload.wikimedia.org/wikipedia/en/thumb/f/f3/Flag_of_Russia.svg/23px-Flag_of_Russia.svg.png,BMP-1AM,damaged,https://i.postimg.cc/RZnJ6Wy7/1003-bmp1am.jpg,16,1387,834,74,448,31,2022-10-04T21:08:09Z
Infantry Fighting Vehicles,Russia,https://upload.wikimedia.org/wikipedia/commons/thumb/a/a9/Flag_of_the_Soviet_Union.svg/23px-Flag_of_the_Soviet_Union.svg.png,BMP-2(K),destroyed,https://i.postimg.cc/DfPKVNGh/13.png,512,1387,834,74,448,31,2022-10-04T21:08:09Z
Infantry Fighting Vehicles,Russia,https://upload.wikimedia.org/wikipedia/commons/thumb/a/a9/Flag_of_the_Soviet_Union.svg/23px-Flag_of_the_Soviet_Union.svg.png,BMP-2(K),destroyed,https://i.postimg.cc/26qYmmgL/668.png,512,1387,834,74,448,31,2022-10-04T21:08:09Z
Infantry Fighting Vehicles,Russia,https://upload.wikimedia.org/wikipedia/commons/thumb/a/a9/Flag_of_the_Soviet_Union.svg/23px-Flag_of_the_Soviet_Union.svg.png,BMP-2(K),destroyed,https://i.postimg.cc/43mvcd15/b1.png,512,1387,834,74,448,31,2022-10-04T21:08:09Z
Infantry Fighting Vehicles,Russia,https://upload.wikimedia.org/wikipedia/commons/thumb/a/a9/Flag_of_the_Soviet_Union.svg/23px-Flag_of_the_Soviet_Union.svg.png,BMP-2(K),destroyed,https://i.postimg.cc/NMX1NzS2/b2.png,512,1387,834,74,448,31,2022-10-04T21:08:09Z
Infantry Fighting Vehicles,Russia,https://upload.wikimedia.org/wikipedia/commons/thumb/a/a9/Flag_of_the_Soviet_Union.svg/23px-Flag_of_the_Soviet_Union.svg.png,BMP-2(K),destroyed,https://i.postimg.cc/7Z1483JC/4433.png,512,1387,834,74,448,31,2022-10-04T21:08:09Z
Infantry Fighting Vehicles,Russia,https://upload.wikimedia.org/wikipedia/commons/thumb/a/a9/Flag_of_the_Soviet_Union.svg/23px-Flag_of_the_Soviet_Union.svg.png,BMP-2(K),destroyed,https://i.postimg.cc/7Z1483JC/4433.png,512,1387,834,74,448,31,2022-10-04T21:08:09Z
Infantry Fighting Vehicles,Russia,https://upload.wikimedia.org/wikipedia/commons/thumb/a/a9/Flag_of_the_Soviet_Union.svg/23px-Flag_of_the_Soviet_Union.svg.png,BMP-2(K),destroyed,https://i.postimg.cc/vHXP8qy9/65.png,512,1387,834,74,448,31,2022-10-04T21:08:09Z
Infantry Fighting Vehicles,Russia,https://upload.wikimedia.org/wikipedia/commons/thumb/a/a9/Flag_of_the_Soviet_Union.svg/23px-Flag_of_the_Soviet_Union.svg.png,BMP-2(K),destroyed,https://i.postimg.cc/Xvkd415C/gg6.jpg,512,1387,834,74,448,31,2022-10-04T21:08:09Z
Infantry Fighting Vehicles,Russia,https://upload.wikimedia.org/wikipedia/commons/thumb/a/a9/Flag_of_the_Soviet_Union.svg/23px-Flag_of_the_Soviet_Union.svg.png,BMP-2(K),destroyed,https://i.postimg.cc/0j9NCj2K/f24.png,512,1387,834,74,448,31,2022-10-04T21:08:09Z
Infantry Fighting Vehicles,Russia,https://upload.wikimedia.org/wikipedia/commons/thumb/a/a9/Flag_of_the_Soviet_Union.svg/23px-Flag_of_the_Soviet_Union.svg.png,BMP-2(K),destroyed,https://i.postimg.cc/FRqXfttT/436.png,512,1387,834,74,448,31,2022-10-04T21:08:09Z
Infantry Fighting Vehicles,Russia,https://upload.wikimedia.org/wikipedia/commons/thumb/a/a9/Flag_of_the_Soviet_Union.svg/23px-Flag_of_the_Soviet_Union.svg.png,BMP-2(K),destroyed,https://i.postimg.cc/TPW4vs1n/212.png,512,1387,834,74,448,31,2022-10-04T21:08:09Z
Infantry Fighting Vehicles,Russia,https://upload.wikimedia.org/wikipedia/commons/thumb/a/a9/Flag_of_the_Soviet_Union.svg/23px-Flag_of_the_Soviet_Union.svg.png,BMP-2(K),destroyed,https://i.postimg.cc/5NDvYDNJ/bbmmpp22.jpg,512,1387,834,74,448,31,2022-10-04T21:08:09Z
Infantry Fighting Vehicles,Russia,https://upload.wikimedia.org/wikipedia/commons/thumb/a/a9/Flag_of_the_Soviet_Union.svg/23px-Flag_of_the_Soviet_Union.svg.png,BMP-2(K),destroyed,https://i.postimg.cc/gkTGLLWz/985.png,512,1387,834,74,448,31,2022-10-04T21:08:09Z
Infantry Fighting Vehicles,Russia,https://upload.wikimedia.org/wikipedia/commons/thumb/a/a9/Flag_of_the_Soviet_Union.svg/23px-Flag_of_the_Soviet_Union.svg.png,BMP-2(K),destroyed,https://i.postimg.cc/mDcppvGx/1f7.png,512,1387,834,74,448,31,2022-10-04T21:08:09Z
Infantry Fighting Vehicles,Russia,https://upload.wikimedia.org/wikipedia/commons/thumb/a/a9/Flag_of_the_Soviet_Union.svg/23px-Flag_of_the_Soviet_Union.svg.png,BMP-2(K),destroyed,https://i.postimg.cc/hPWjt8Fk/443.png,512,1387,834,74,448,31,2022-10-04T21:08:09Z
Infantry Fighting Vehicles,Russia,https://upload.wikimedia.org/wikipedia/commons/thumb/a/a9/Flag_of_the_Soviet_Union.svg/23px-Flag_of_the_Soviet_Union.svg.png,BMP-2(K),destroyed,https://i.postimg.cc/tJXqrWt2/5y8.png,512,1387,834,74,448,31,2022-10-04T21:08:09Z
Infantry Fighting Vehicles,Russia,https://upload.wikimedia.org/wikipedia/commons/thumb/a/a9/Flag_of_the_Soviet_Union.svg/23px-Flag_of_the_Soviet_Union.svg.png,BMP-2(K),destroyed,https://i.postimg.cc/ydzX833d/f46.png,512,1387,834,74,448,31,2022-10-04T21:08:09Z
Infantry Fighting Vehicles,Russia,https://upload.wikimedia.org/wikipedia/commons/thumb/a/a9/Flag_of_the_Soviet_Union.svg/23px-Flag_of_the_Soviet_Union.svg.png,BMP-2(K),destroyed,https://i.postimg.cc/BbPvL9ZN/hh7.jpg,512,1387,834,74,448,31,2022-10-04T21:08:09Z
Infantry Fighting Vehicles,Russia,https://upload.wikimedia.org/wikipedia/commons/thumb/a/a9/Flag_of_the_Soviet_Union.svg/23px-Flag_of_the_Soviet_Union.svg.png,BMP-2(K),destroyed,https://i.postimg.cc/vm4hHy4D/f23a.png,512,1387,834,74,448,31,2022-10-04T21:08:09Z
Infantry Fighting Vehicles,Russia,https://upload.wikimedia.org/wikipedia/commons/thumb/a/a9/Flag_of_the_Soviet_Union.svg/23px-Flag_of_the_Soviet_Union.svg.png,BMP-2(K),destroyed,https://i.postimg.cc/dQCjCzmb/1006-bmp2.jpg,512,1387,834,74,448,31,2022-10-04T21:08:09Z
Infantry Fighting Vehicles,Russia,https://upload.wikimedia.org/wikipedia/commons/thumb/a/a9/Flag_of_the_Soviet_Union.svg/23px-Flag_of_the_Soviet_Union.svg.png,BMP-2(K),destroyed,https://i.postimg.cc/PfvwgJQJ/4f22.png,512,1387,834,74,448,31,2022-10-04T21:08:09Z
Infantry Fighting Vehicles,Russia,https://upload.wikimedia.org/wikipedia/commons/thumb/a/a9/Flag_of_the_Soviet_Union.svg/23px-Flag_of_the_Soviet_Union.svg.png,BMP-2(K),destroyed,https://i.postimg.cc/jSsg42Dg/213.png,512,1387,834,74,448,31,2022-10-04T21:08:09Z
Infantry Fighting Vehicles,Russia,https://upload.wikimedia.org/wikipedia/commons/thumb/a/a9/Flag_of_the_Soviet_Union.svg/23px-Flag_of_the_Soviet_Union.svg.png,BMP-2(K),destroyed,https://i.postimg.cc/JhDwp7rZ/n8.png,512,1387,834,74,448,31,2022-10-04T21:08:09Z
Infantry Fighting Vehicles,Russia,https://upload.wikimedia.org/wikipedia/commons/thumb/a/a9/Flag_of_the_Soviet_Union.svg/23px-Flag_of_the_Soviet_Union.svg.png,BMP-2(K),destroyed,https://postimg.cc/XBC00RJW,512,1387,834,74,448,31,2022-10-04T21:08:09Z
Infantry Fighting Vehicles,Russia,https://upload.wikimedia.org/wikipedia/commons/thumb/a/a9/Flag_of_the_Soviet_Union.svg/23px-Flag_of_the_Soviet_Union.svg.png,BMP-2(K),destroyed,https://i.postimg.cc/vTjwtt3s/b2.png,512,1387,834,74,448,31,2022-10-04T21:08:09Z
Infantry Fighting Vehicles,Russia,https://upload.wikimedia.org/wikipedia/commons/thumb/a/a9/Flag_of_the_Soviet_Union.svg/23px-Flag_of_the_Soviet_Union.svg.png,BMP-2(K),destroyed,https://i.postimg.cc/1XWcgCn1/653g.jpg,512,1387,834,74,448,31,2022-10-04T21:08:09Z
Infantry Fighting Vehicles,Russia,https://upload.wikimedia.org/wikipedia/commons/thumb/a/a9/Flag_of_the_Soviet_Union.svg/23px-Flag_of_the_Soviet_Union.svg.png,BMP-2(K),destroyed,https://i.postimg.cc/ZqKnwD3v/f3hj.png,512,1387,834,74,448,31,2022-10-04T21:08:09Z
Infantry Fighting Vehicles,Russia,https://upload.wikimedia.org/wikipedia/commons/thumb/a/a9/Flag_of_the_Soviet_Union.svg/23px-Flag_of_the_Soviet_Union.svg.png,BMP-2(K),destroyed,https://i.postimg.cc/dQ7HcyY7/bmp2.png,512,1387,834,74,448,31,2022-10-04T21:08:09Z
Infantry Fighting Vehicles,Russia,https://upload.wikimedia.org/wikipedia/commons/thumb/a/a9/Flag_of_the_Soviet_Union.svg/23px-Flag_of_the_Soviet_Union.svg.png,BMP-2(K),destroyed,https://postlmg.cc/jny01hRh,512,1387,834,74,448,31,2022-10-04T21:08:09Z
Infantry Fighting Vehicles,Russia,https://upload.wikimedia.org/wikipedia/commons/thumb/a/a9/Flag_of_the_Soviet_Union.svg/23px-Flag_of_the_Soviet_Union.svg.png,BMP-2(K),destroyed,https://i.postimg.cc/sxpLZX17/44f1.png,512,1387,834,74,448,31,2022-10-04T21:08:09Z
Infantry Fighting Vehicles,Russia,https://upload.wikimedia.org/wikipedia/commons/thumb/a/a9/Flag_of_the_Soviet_Union.svg/23px-Flag_of_the_Soviet_Union.svg.png,BMP-2(K),destroyed,https://i.postimg.cc/m2bRRf7L/5g.png,512,1387,834,74,448,31,2022-10-04T21:08:09Z
Infantry Fighting Vehicles,Russia,https://upload.wikimedia.org/wikipedia/commons/thumb/a/a9/Flag_of_the_Soviet_Union.svg/23px-Flag_of_the_Soviet_Union.svg.png,BMP-2(K),destroyed,https://i.postimg.cc/wxFtfg1F/jo.png,512,1387,834,74,448,31,2022-10-04T21:08:09Z
Infantry Fighting Vehicles,Russia,https://upload.wikimedia.org/wikipedia/commons/thumb/a/a9/Flag_of_the_Soviet_Union.svg/23px-Flag_of_the_Soviet_Union.svg.png,BMP-2(K),destroyed,https://i.postimg.cc/rmjBhWPy/5y5.png,512,1387,834,74,448,31,2022-10-04T21:08:09Z
Infantry Fighting Vehicles,Russia,https://upload.wikimedia.org/wikipedia/commons/thumb/a/a9/Flag_of_the_Soviet_Union.svg/23px-Flag_of_the_Soviet_Union.svg.png,BMP-2(K),destroyed,https://i.postimg.cc/NFmgtZsB/3d1.png,512,1387,834,74,448,31,2022-10-04T21:08:09Z
Infantry Fighting Vehicles,Russia,https://upload.wikimedia.org/wikipedia/commons/thumb/a/a9/Flag_of_the_Soviet_Union.svg/23px-Flag_of_the_Soviet_Union.svg.png,BMP-2(K),destroyed,https://i.postimg.cc/vZpbpC2m/415.png,512,1387,834,74,448,31,2022-10-04T21:08:09Z
Infantry Fighting Vehicles,Russia,https://upload.wikimedia.org/wikipedia/commons/thumb/a/a9/Flag_of_the_Soviet_Union.svg/23px-Flag_of_the_Soviet_Union.svg.png,BMP-2(K),destroyed,https://i.postimg.cc/3Jzmmyqb/57h.png,512,1387,834,74,448,31,2022-10-04T21:08:09Z
Infantry Fighting Vehicles,Russia,https://upload.wikimedia.org/wikipedia/commons/thumb/a/a9/Flag_of_the_Soviet_Union.svg/23px-Flag_of_the_Soviet_Union.svg.png,BMP-2(K),destroyed,https://i.postimg.cc/Jzh9cSf0/313.png,512,1387,834,74,448,31,2022-10-04T21:08:09Z
Infantry Fighting Vehicles,Russia,https://upload.wikimedia.org/wikipedia/commons/thumb/a/a9/Flag_of_the_Soviet_Union.svg/23px-Flag_of_the_Soviet_Union.svg.png,BMP-2(K),destroyed,https://i.postimg.cc/cCdrjdTk/1030-bmp2.jpg,512,1387,834,74,448,31,2022-10-04T21:08:09Z
Infantry Fighting Vehicles,Russia,https://upload.wikimedia.org/wikipedia/commons/thumb/a/a9/Flag_of_the_Soviet_Union.svg/23px-Flag_of_the_Soviet_Union.svg.png,BMP-2(K),destroyed,https://i.postimg.cc/8PBwj8S7/7i.png,512,1387,834,74,448,31,2022-10-04T21:08:09Z
Infantry Fighting Vehicles,Russia,https://upload.wikimedia.org/wikipedia/commons/thumb/a/a9/Flag_of_the_Soviet_Union.svg/23px-Flag_of_the_Soviet_Union.svg.png,BMP-2(K),destroyed,https://i.postimg.cc/JnYJmR9J/3d.png,512,1387,834,74,448,31,2022-10-04T21:08:09Z
Infantry Fighting Vehicles,Russia,https://upload.wikimedia.org/wikipedia/commons/thumb/a/a9/Flag_of_the_Soviet_Union.svg/23px-Flag_of_the_Soviet_Union.svg.png,BMP-2(K),destroyed,https://i.postimg.cc/44pfYfdz/4fh.png,512,1387,834,74,448,31,2022-10-04T21:08:09Z
Infantry Fighting Vehicles,Russia,https://upload.wikimedia.org/wikipedia/commons/thumb/a/a9/Flag_of_the_Soviet_Union.svg/23px-Flag_of_the_Soviet_Union.svg.png,BMP-2(K),destroyed,https://i.postimg.cc/T3bXJd6c/4g.png,512,1387,834,74,448,31,2022-10-04T21:08:09Z
Infantry Fighting Vehicles,Russia,https://upload.wikimedia.org/wikipedia/commons/thumb/a/a9/Flag_of_the_Soviet_Union.svg/23px-Flag_of_the_Soviet_Union.svg.png,BMP-2(K),destroyed,https://i.postimg.cc/0jHKLbvz/f86.png,512,1387,834,74,448,31,2022-10-04T21:08:09Z
Infantry Fighting Vehicles,Russia,https://upload.wikimedia.org/wikipedia/commons/thumb/a/a9/Flag_of_the_Soviet_Union.svg/23px-Flag_of_the_Soviet_Union.svg.png,BMP-2(K),destroyed,https://twitter.com/UAWeapons/status/1505490721989611524,512,1387,834,74,448,31,2022-10-04T21:08:09Z
Infantry Fighting Vehicles,Russia,https://upload.wikimedia.org/wikipedia/commons/thumb/a/a9/Flag_of_the_Soviet_Union.svg/23px-Flag_of_the_Soviet_Union.svg.png,BMP-2(K),destroyed,https://twitter.com/UAWeapons/status/1505490721989611524,512,1387,834,74,448,31,2022-10-04T21:08:09Z
Infantry Fighting Vehicles,Russia,https://upload.wikimedia.org/wikipedia/commons/thumb/a/a9/Flag_of_the_Soviet_Union.svg/23px-Flag_of_the_Soviet_Union.svg.png,BMP-2(K),destroyed,https://i.postimg.cc/BnBx7nDb/764.png,512,1387,834,74,448,31,2022-10-04T21:08:09Z
Infantry Fighting Vehicles,Russia,https://upload.wikimedia.org/wikipedia/commons/thumb/a/a9/Flag_of_the_Soviet_Union.svg/23px-Flag_of_the_Soviet_Union.svg.png,BMP-2(K),destroyed,https://i.postimg.cc/YSwk8bdb/1032-bmp2.jpg,512,1387,834,74,448,31,2022-10-04T21:08:09Z
Infantry Fighting Vehicles,Russia,https://upload.wikimedia.org/wikipedia/commons/thumb/a/a9/Flag_of_the_Soviet_Union.svg/23px-Flag_of_the_Soviet_Union.svg.png,BMP-2(K),destroyed,https://i.postimg.cc/9M863pB3/1033-bmp2.jpg,512,1387,834,74,448,31,2022-10-04T21:08:09Z
Infantry Fighting Vehicles,Russia,https://upload.wikimedia.org/wikipedia/commons/thumb/a/a9/Flag_of_the_Soviet_Union.svg/23px-Flag_of_the_Soviet_Union.svg.png,BMP-2(K),destroyed,https://i.postimg.cc/vTdWjXkN/355.png,512,1387,834,74,448,31,2022-10-04T21:08:09Z
Infantry Fighting Vehicles,Russia,https://upload.wikimedia.org/wikipedia/commons/thumb/a/a9/Flag_of_the_Soviet_Union.svg/23px-Flag_of_the_Soviet_Union.svg.png,BMP-2(K),destroyed,https://i.postimg.cc/vTdWjXkN/355.png,512,1387,834,74,448,31,2022-10-04T21:08:09Z
Infantry Fighting Vehicles,Russia,https://upload.wikimedia.org/wikipedia/commons/thumb/a/a9/Flag_of_the_Soviet_Union.svg/23px-Flag_of_the_Soviet_Union.svg.png,BMP-2(K),destroyed,https://i.postimg.cc/h4VCnDsZ/33188.png,512,1387,834,74,448,31,2022-10-04T21:08:09Z
Infantry Fighting Vehicles,Russia,https://upload.wikimedia.org/wikipedia/commons/thumb/a/a9/Flag_of_the_Soviet_Union.svg/23px-Flag_of_the_Soviet_Union.svg.png,BMP-2(K),destroyed,https://i.postimg.cc/Jhfk4vJ9/d133.jpg,512,1387,834,74,448,31,2022-10-04T21:08:09Z
Infantry Fighting Vehicles,Russia,https://upload.wikimedia.org/wikipedia/commons/thumb/a/a9/Flag_of_the_Soviet_Union.svg/23px-Flag_of_the_Soviet_Union.svg.png,BMP-2(K),destroyed,https://i.postimg.cc/NMD3tQD2/76.jpg,512,1387,834,74,448,31,2022-10-04T21:08:09Z
Infantry Fighting Vehicles,Russia,https://upload.wikimedia.org/wikipedia/commons/thumb/a/a9/Flag_of_the_Soviet_Union.svg/23px-Flag_of_the_Soviet_Union.svg.png,BMP-2(K),destroyed,https://i.postimg.cc/9z5BPs2b/m1.png,512,1387,834,74,448,31,2022-10-04T21:08:09Z
Infantry Fighting Vehicles,Russia,https://upload.wikimedia.org/wikipedia/commons/thumb/a/a9/Flag_of_the_Soviet_Union.svg/23px-Flag_of_the_Soviet_Union.svg.png,BMP-2(K),destroyed,https://i.postimg.cc/3J2MMTkK/m2.png,512,1387,834,74,448,31,2022-10-04T21:08:09Z
Infantry Fighting Vehicles,Russia,https://upload.wikimedia.org/wikipedia/commons/thumb/a/a9/Flag_of_the_Soviet_Union.svg/23px-Flag_of_the_Soviet_Union.svg.png,BMP-2(K),destroyed,https://i.postimg.cc/CMfXDgHj/m3.png,512,1387,834,74,448,31,2022-10-04T21:08:09Z
Infantry Fighting Vehicles,Russia,https://upload.wikimedia.org/wikipedia/commons/thumb/a/a9/Flag_of_the_Soviet_Union.svg/23px-Flag_of_the_Soviet_Union.svg.png,BMP-2(K),destroyed,https://i.postimg.cc/43dF3kxH/m4.png,512,1387,834,74,448,31,2022-10-04T21:08:09Z
Infantry Fighting Vehicles,Russia,https://upload.wikimedia.org/wikipedia/commons/thumb/a/a9/Flag_of_the_Soviet_Union.svg/23px-Flag_of_the_Soviet_Union.svg.png,BMP-2(K),destroyed,https://i.postimg.cc/QtK4pQ5X/m5.png,512,1387,834,74,448,31,2022-10-04T21:08:09Z
Infantry Fighting Vehicles,Russia,https://upload.wikimedia.org/wikipedia/commons/thumb/a/a9/Flag_of_the_Soviet_Union.svg/23px-Flag_of_the_Soviet_Union.svg.png,BMP-2(K),destroyed,https://i.postimg.cc/PJG6KCz1/m6.png,512,1387,834,74,448,31,2022-10-04T21:08:09Z
Infantry Fighting Vehicles,Russia,https://upload.wikimedia.org/wikipedia/commons/thumb/a/a9/Flag_of_the_Soviet_Union.svg/23px-Flag_of_the_Soviet_Union.svg.png,BMP-2(K),destroyed,https://i.postimg.cc/fyY13NNs/1034-bmp2.jpg,512,1387,834,74,448,31,2022-10-04T21:08:09Z
Infantry Fighting Vehicles,Russia,https://upload.wikimedia.org/wikipedia/commons/thumb/a/a9/Flag_of_the_Soviet_Union.svg/23px-Flag_of_the_Soviet_Union.svg.png,BMP-2(K),destroyed,https://i.postimg.cc/KvkpxVnz/t4.jpg,512,1387,834,74,448,31,2022-10-04T21:08:09Z
Infantry Fighting Vehicles,Russia,https://upload.wikimedia.org/wikipedia/commons/thumb/a/a9/Flag_of_the_Soviet_Union.svg/23px-Flag_of_the_Soviet_Union.svg.png,BMP-2(K),destroyed,https://i.postimg.cc/HnJzWc8K/t5.jpg,512,1387,834,74,448,31,2022-10-04T21:08:09Z
Infantry Fighting Vehicles,Russia,https://upload.wikimedia.org/wikipedia/commons/thumb/a/a9/Flag_of_the_Soviet_Union.svg/23px-Flag_of_the_Soviet_Union.svg.png,BMP-2(K),destroyed,https://i.postimg.cc/VNZcqP4V/4.png,512,1387,834,74,448,31,2022-10-04T21:08:09Z
Infantry Fighting Vehicles,Russia,https://upload.wikimedia.org/wikipedia/commons/thumb/a/a9/Flag_of_the_Soviet_Union.svg/23px-Flag_of_the_Soviet_Union.svg.png,BMP-2(K),destroyed,https://twitter.com/UAWeapons/status/1506665767206592516,512,1387,834,74,448,31,2022-10-04T21:08:09Z
Infantry Fighting Vehicles,Russia,https://upload.wikimedia.org/wikipedia/commons/thumb/a/a9/Flag_of_the_Soviet_Union.svg/23px-Flag_of_the_Soviet_Union.svg.png,BMP-2(K),destroyed,https://i.postimg.cc/TP1qqvsj/7644.jpg,512,1387,834,74,448,31,2022-10-04T21:08:09Z
Infantry Fighting Vehicles,Russia,https://upload.wikimedia.org/wikipedia/commons/thumb/a/a9/Flag_of_the_Soviet_Union.svg/23px-Flag_of_the_Soviet_Union.svg.png,BMP-2(K),destroyed,https://i.postimg.cc/fTmYsJJb/54f.png,512,1387,834,74,448,31,2022-10-04T21:08:09Z
Infantry Fighting Vehicles,Russia,https://upload.wikimedia.org/wikipedia/commons/thumb/a/a9/Flag_of_the_Soviet_Union.svg/23px-Flag_of_the_Soviet_Union.svg.png,BMP-2(K),destroyed,https://i.postimg.cc/fTmYsJJb/54f.png,512,1387,834,74,448,31,2022-10-04T21:08:09Z
Infantry Fighting Vehicles,Russia,https://upload.wikimedia.org/wikipedia/commons/thumb/a/a9/Flag_of_the_Soviet_Union.svg/23px-Flag_of_the_Soviet_Union.svg.png,BMP-2(K),destroyed,https://i.postimg.cc/zvB5NG1f/b11.jpg,512,1387,834,74,448,31,2022-10-04T21:08:09Z
Infantry Fighting Vehicles,Russia,https://upload.wikimedia.org/wikipedia/commons/thumb/a/a9/Flag_of_the_Soviet_Union.svg/23px-Flag_of_the_Soviet_Union.svg.png,BMP-2(K),destroyed,https://i.postimg.cc/6QKYW16J/bmp22.jpg,512,1387,834,74,448,31,2022-10-04T21:08:09Z
Infantry Fighting Vehicles,Russia,https://upload.wikimedia.org/wikipedia/commons/thumb/a/a9/Flag_of_the_Soviet_Union.svg/23px-Flag_of_the_Soviet_Union.svg.png,BMP-2(K),destroyed,https://i.postimg.cc/PxRWw6Hq/bmp222.jpg,512,1387,834,74,448,31,2022-10-04T21:08:09Z
Infantry Fighting Vehicles,Russia,https://upload.wikimedia.org/wikipedia/commons/thumb/a/a9/Flag_of_the_Soviet_Union.svg/23px-Flag_of_the_Soviet_Union.svg.png,BMP-2(K),destroyed,https://i.postimg.cc/8cm0ZHPn/368.jpg,512,1387,834,74,448,31,2022-10-04T21:08:09Z
Infantry Fighting Vehicles,Russia,https://upload.wikimedia.org/wikipedia/commons/thumb/a/a9/Flag_of_the_Soviet_Union.svg/23px-Flag_of_the_Soviet_Union.svg.png,BMP-2(K),destroyed,https://i.postimg.cc/DZHXtkmS/bbmp22.png,512,1387,834,74,448,31,2022-10-04T21:08:09Z
Infantry Fighting Vehicles,Russia,https://upload.wikimedia.org/wikipedia/commons/thumb/a/a9/Flag_of_the_Soviet_Union.svg/23px-Flag_of_the_Soviet_Union.svg.png,BMP-2(K),destroyed,https://i.postimg.cc/d1bh52Sd/bmmp.png,512,1387,834,74,448,31,2022-10-04T21:08:09Z
Infantry Fighting Vehicles,Russia,https://upload.wikimedia.org/wikipedia/commons/thumb/a/a9/Flag_of_the_Soviet_Union.svg/23px-Flag_of_the_Soviet_Union.svg.png,BMP-2(K),destroyed,https://i.postimg.cc/yNrgZ4mL/bmmmppp22.jpg,512,1387,834,74,448,31,2022-10-04T21:08:09Z
Infantry Fighting Vehicles,Russia,https://upload.wikimedia.org/wikipedia/commons/thumb/a/a9/Flag_of_the_Soviet_Union.svg/23px-Flag_of_the_Soviet_Union.svg.png,BMP-2(K),destroyed,https://i.postimg.cc/2jZS8BVb/bmp.jpg,512,1387,834,74,448,31,2022-10-04T21:08:09Z
Infantry Fighting Vehicles,Russia,https://upload.wikimedia.org/wikipedia/commons/thumb/a/a9/Flag_of_the_Soviet_Union.svg/23px-Flag_of_the_Soviet_Union.svg.png,BMP-2(K),destroyed,https://i.postimg.cc/nc8BHDGM/bmp22222222222.png,512,1387,834,74,448,31,2022-10-04T21:08:09Z
Infantry Fighting Vehicles,Russia,https://upload.wikimedia.org/wikipedia/commons/thumb/a/a9/Flag_of_the_Soviet_Union.svg/23px-Flag_of_the_Soviet_Union.svg.png,BMP-2(K),destroyed,https://i.postimg.cc/9FNbyxhF/1014-bmp2.jpg,512,1387,834,74,448,31,2022-10-04T21:08:09Z
Infantry Fighting Vehicles,Russia,https://upload.wikimedia.org/wikipedia/commons/thumb/a/a9/Flag_of_the_Soviet_Union.svg/23px-Flag_of_the_Soviet_Union.svg.png,BMP-2(K),destroyed,https://i.postimg.cc/8kWnGxFf/1000-bmp2.jpg,512,1387,834,74,448,31,2022-10-04T21:08:09Z
Infantry Fighting Vehicles,Russia,https://upload.wikimedia.org/wikipedia/commons/thumb/a/a9/Flag_of_the_Soviet_Union.svg/23px-Flag_of_the_Soviet_Union.svg.png,BMP-2(K),destroyed,https://i.postimg.cc/x8mxhn6r/1000.jpg,512,1387,834,74,448,31,2022-10-04T21:08:09Z
Infantry Fighting Vehicles,Russia,https://upload.wikimedia.org/wikipedia/commons/thumb/a/a9/Flag_of_the_Soviet_Union.svg/23px-Flag_of_the_Soviet_Union.svg.png,BMP-2(K),destroyed,https://i.postimg.cc/3JgpWxt1/bmpp2.png,512,1387,834,74,448,31,2022-10-04T21:08:09Z
Infantry Fighting Vehicles,Russia,https://upload.wikimedia.org/wikipedia/commons/thumb/a/a9/Flag_of_the_Soviet_Union.svg/23px-Flag_of_the_Soviet_Union.svg.png,BMP-2(K),destroyed,https://i.postimg.cc/NG1NnbBw/bmp22222222.png,512,1387,834,74,448,31,2022-10-04T21:08:09Z
Infantry Fighting Vehicles,Russia,https://upload.wikimedia.org/wikipedia/commons/thumb/a/a9/Flag_of_the_Soviet_Union.svg/23px-Flag_of_the_Soviet_Union.svg.png,BMP-2(K),destroyed,https://i.postimg.cc/Y2gVHMNZ/bbmmppp222.jpg,512,1387,834,74,448,31,2022-10-04T21:08:09Z
Infantry Fighting Vehicles,Russia,https://upload.wikimedia.org/wikipedia/commons/thumb/a/a9/Flag_of_the_Soviet_Union.svg/23px-Flag_of_the_Soviet_Union.svg.png,BMP-2(K),destroyed,https://postimg.cc/phZCNkpj,512,1387,834,74,448,31,2022-10-04T21:08:09Z
Infantry Fighting Vehicles,Russia,https://upload.wikimedia.org/wikipedia/commons/thumb/a/a9/Flag_of_the_Soviet_Union.svg/23px-Flag_of_the_Soviet_Union.svg.png,BMP-2(K),destroyed,https://i.postimg.cc/PqQS8KWB/1023.jpg,512,1387,834,74,448,31,2022-10-04T21:08:09Z
Infantry Fighting Vehicles,Russia,https://upload.wikimedia.org/wikipedia/commons/thumb/a/a9/Flag_of_the_Soviet_Union.svg/23px-Flag_of_the_Soviet_Union.svg.png,BMP-2(K),destroyed,https://i.postimg.cc/zGgztc9c/1022-bmp2-destr.jpg,512,1387,834,74,448,31,2022-10-04T21:08:09Z
Infantry Fighting Vehicles,Russia,https://upload.wikimedia.org/wikipedia/commons/thumb/a/a9/Flag_of_the_Soviet_Union.svg/23px-Flag_of_the_Soviet_Union.svg.png,BMP-2(K),destroyed,https://i.postimg.cc/VkMGzzds/1022.jpg,512,1387,834,74,448,31,2022-10-04T21:08:09Z
Infantry Fighting Vehicles,Russia,https://upload.wikimedia.org/wikipedia/commons/thumb/a/a9/Flag_of_the_Soviet_Union.svg/23px-Flag_of_the_Soviet_Union.svg.png,BMP-2(K),destroyed,https://i.postimg.cc/RZPpRF96/bmmpp2222.jpg,512,1387,834,74,448,31,2022-10-04T21:08:09Z
Infantry Fighting Vehicles,Russia,https://upload.wikimedia.org/wikipedia/commons/thumb/a/a9/Flag_of_the_Soviet_Union.svg/23px-Flag_of_the_Soviet_Union.svg.png,BMP-2(K),destroyed,https://i.postimg.cc/MKW6Bzsv/356.png,512,1387,834,74,448,31,2022-10-04T21:08:09Z
Infantry Fighting Vehicles,Russia,https://upload.wikimedia.org/wikipedia/commons/thumb/a/a9/Flag_of_the_Soviet_Union.svg/23px-Flag_of_the_Soviet_Union.svg.png,BMP-2(K),destroyed,https://i.postimg.cc/Xq0sJBKh/bmmppp2.png,512,1387,834,74,448,31,2022-10-04T21:08:09Z
Infantry Fighting Vehicles,Russia,https://upload.wikimedia.org/wikipedia/commons/thumb/a/a9/Flag_of_the_Soviet_Union.svg/23px-Flag_of_the_Soviet_Union.svg.png,BMP-2(K),destroyed,https://i.postimg.cc/J0cPB7Ph/dbmp2.png,512,1387,834,74,448,31,2022-10-04T21:08:09Z
Infantry Fighting Vehicles,Russia,https://upload.wikimedia.org/wikipedia/commons/thumb/a/a9/Flag_of_the_Soviet_Union.svg/23px-Flag_of_the_Soviet_Union.svg.png,BMP-2(K),destroyed,https://i.postimg.cc/PqxGS9mb/1035-bmp2.jpg,512,1387,834,74,448,31,2022-10-04T21:08:09Z
Infantry Fighting Vehicles,Russia,https://upload.wikimedia.org/wikipedia/commons/thumb/a/a9/Flag_of_the_Soviet_Union.svg/23px-Flag_of_the_Soviet_Union.svg.png,BMP-2(K),destroyed,https://i.postimg.cc/rFNPDjP9/bbmmp222.jpg,512,1387,834,74,448,31,2022-10-04T21:08:09Z
Infantry Fighting Vehicles,Russia,https://upload.wikimedia.org/wikipedia/commons/thumb/a/a9/Flag_of_the_Soviet_Union.svg/23px-Flag_of_the_Soviet_Union.svg.png,BMP-2(K),destroyed,https://postimg.cc/mtqwGP2m,512,1387,834,74,448,31,2022-10-04T21:08:09Z
Infantry Fighting Vehicles,Russia,https://upload.wikimedia.org/wikipedia/commons/thumb/a/a9/Flag_of_the_Soviet_Union.svg/23px-Flag_of_the_Soviet_Union.svg.png,BMP-2(K),destroyed,https://i.postimg.cc/RhsJYj0R/bb1.png,512,1387,834,74,448,31,2022-10-04T21:08:09Z
Infantry Fighting Vehicles,Russia,https://upload.wikimedia.org/wikipedia/commons/thumb/a/a9/Flag_of_the_Soviet_Union.svg/23px-Flag_of_the_Soviet_Union.svg.png,BMP-2(K),destroyed,https://i.postimg.cc/QN07VWqT/bb2.jpg,512,1387,834,74,448,31,2022-10-04T21:08:09Z
Infantry Fighting Vehicles,Russia,https://upload.wikimedia.org/wikipedia/commons/thumb/a/a9/Flag_of_the_Soviet_Union.svg/23px-Flag_of_the_Soviet_Union.svg.png,BMP-2(K),destroyed,https://i.postimg.cc/GhtyDhMS/bb3.jpg,512,1387,834,74,448,31,2022-10-04T21:08:09Z
Infantry Fighting Vehicles,Russia,https://upload.wikimedia.org/wikipedia/commons/thumb/a/a9/Flag_of_the_Soviet_Union.svg/23px-Flag_of_the_Soviet_Union.svg.png,BMP-2(K),destroyed,https://twitter.com/Blue_Sauron/status/1544419526674186241,512,1387,834,74,448,31,2022-10-04T21:08:09Z
Infantry Fighting Vehicles,Russia,https://upload.wikimedia.org/wikipedia/commons/thumb/a/a9/Flag_of_the_Soviet_Union.svg/23px-Flag_of_the_Soviet_Union.svg.png,BMP-2(K),destroyed,https://i.postimg.cc/2576JPcZ/bb4.png,512,1387,834,74,448,31,2022-10-04T21:08:09Z
Infantry Fighting Vehicles,Russia,https://upload.wikimedia.org/wikipedia/commons/thumb/a/a9/Flag_of_the_Soviet_Union.svg/23px-Flag_of_the_Soviet_Union.svg.png,BMP-2(K),destroyed,https://i.postimg.cc/26fsBvjK/6889.png,512,1387,834,74,448,31,2022-10-04T21:08:09Z
Infantry Fighting Vehicles,Russia,https://upload.wikimedia.org/wikipedia/commons/thumb/a/a9/Flag_of_the_Soviet_Union.svg/23px-Flag_of_the_Soviet_Union.svg.png,BMP-2(K),destroyed,https://i.postimg.cc/4xg917LB/1015-BMP-2.jpg,512,1387,834,74,448,31,2022-10-04T21:08:09Z
Infantry Fighting Vehicles,Russia,https://upload.wikimedia.org/wikipedia/commons/thumb/a/a9/Flag_of_the_Soviet_Union.svg/23px-Flag_of_the_Soviet_Union.svg.png,BMP-2(K),destroyed,https://i.postimg.cc/Vs9djKj6/570.jpg,512,1387,834,74,448,31,2022-10-04T21:08:09Z
Infantry Fighting Vehicles,Russia,https://upload.wikimedia.org/wikipedia/commons/thumb/a/a9/Flag_of_the_Soviet_Union.svg/23px-Flag_of_the_Soviet_Union.svg.png,BMP-2(K),destroyed,https://i.postimg.cc/Vs9djKj6/570.jpg,512,1387,834,74,448,31,2022-10-04T21:08:09Z
Infantry Fighting Vehicles,Russia,https://upload.wikimedia.org/wikipedia/commons/thumb/a/a9/Flag_of_the_Soviet_Union.svg/23px-Flag_of_the_Soviet_Union.svg.png,BMP-2(K),destroyed,https://i.postimg.cc/Jz5BYrSm/1016-BMP-2.jpg,512,1387,834,74,448,31,2022-10-04T21:08:09Z
Infantry Fighting Vehicles,Russia,https://upload.wikimedia.org/wikipedia/commons/thumb/a/a9/Flag_of_the_Soviet_Union.svg/23px-Flag_of_the_Soviet_Union.svg.png,BMP-2(K),destroyed,https://twitter.com/UAWeapons/status/1544038986825584641,512,1387,834,74,448,31,2022-10-04T21:08:09Z
Infantry Fighting Vehicles,Russia,https://upload.wikimedia.org/wikipedia/commons/thumb/a/a9/Flag_of_the_Soviet_Union.svg/23px-Flag_of_the_Soviet_Union.svg.png,BMP-2(K),destroyed,https://i.postimg.cc/k43gSSGK/bbmpp22.jpg,512,1387,834,74,448,31,2022-10-04T21:08:09Z
Infantry Fighting Vehicles,Russia,https://upload.wikimedia.org/wikipedia/commons/thumb/a/a9/Flag_of_the_Soviet_Union.svg/23px-Flag_of_the_Soviet_Union.svg.png,BMP-2(K),destroyed,https://twitter.com/UAWeapons/status/1551980952653537281,512,1387,834,74,448,31,2022-10-04T21:08:09Z
Infantry Fighting Vehicles,Russia,https://upload.wikimedia.org/wikipedia/commons/thumb/a/a9/Flag_of_the_Soviet_Union.svg/23px-Flag_of_the_Soviet_Union.svg.png,BMP-2(K),destroyed,https://i.postimg.cc/1zzZVDL7/d2.jpg,512,1387,834,74,448,31,2022-10-04T21:08:09Z
Infantry Fighting Vehicles,Russia,https://upload.wikimedia.org/wikipedia/commons/thumb/a/a9/Flag_of_the_Soviet_Union.svg/23px-Flag_of_the_Soviet_Union.svg.png,BMP-2(K),destroyed,https://i.postimg.cc/MpWCgyKZ/d3.jpg,512,1387,834,74,448,31,2022-10-04T21:08:09Z
Infantry Fighting Vehicles,Russia,https://upload.wikimedia.org/wikipedia/commons/thumb/a/a9/Flag_of_the_Soviet_Union.svg/23px-Flag_of_the_Soviet_Union.svg.png,BMP-2(K),destroyed,https://i.postimg.cc/QxkL66Dn/d4.jpg,512,1387,834,74,448,31,2022-10-04T21:08:09Z
Infantry Fighting Vehicles,Russia,https://upload.wikimedia.org/wikipedia/commons/thumb/a/a9/Flag_of_the_Soviet_Union.svg/23px-Flag_of_the_Soviet_Union.svg.png,BMP-2(K),destroyed,https://i.postimg.cc/7Yy8MFF2/d5.jpg,512,1387,834,74,448,31,2022-10-04T21:08:09Z
Infantry Fighting Vehicles,Russia,https://upload.wikimedia.org/wikipedia/commons/thumb/a/a9/Flag_of_the_Soviet_Union.svg/23px-Flag_of_the_Soviet_Union.svg.png,BMP-2(K),destroyed,https://twitter.com/RALee85/status/1512530504104431620,512,1387,834,74,448,31,2022-10-04T21:08:09Z
Infantry Fighting Vehicles,Russia,https://upload.wikimedia.org/wikipedia/commons/thumb/a/a9/Flag_of_the_Soviet_Union.svg/23px-Flag_of_the_Soviet_Union.svg.png,BMP-2(K),destroyed,https://i.postimg.cc/tTj3qQ2W/1037-bmp2.jpg,512,1387,834,74,448,31,2022-10-04T21:08:09Z
Infantry Fighting Vehicles,Russia,https://upload.wikimedia.org/wikipedia/commons/thumb/a/a9/Flag_of_the_Soviet_Union.svg/23px-Flag_of_the_Soviet_Union.svg.png,BMP-2(K),destroyed,https://i.postimg.cc/zGqYgVvc/1038-bmp2.jpg,512,1387,834,74,448,31,2022-10-04T21:08:09Z
Infantry Fighting Vehicles,Russia,https://upload.wikimedia.org/wikipedia/commons/thumb/a/a9/Flag_of_the_Soviet_Union.svg/23px-Flag_of_the_Soviet_Union.svg.png,BMP-2(K),destroyed,https://i.postimg.cc/RCwYL4k5/1039-bmp2.jpg,512,1387,834,74,448,31,2022-10-04T21:08:09Z
Infantry Fighting Vehicles,Russia,https://upload.wikimedia.org/wikipedia/commons/thumb/a/a9/Flag_of_the_Soviet_Union.svg/23px-Flag_of_the_Soviet_Union.svg.png,BMP-2(K),destroyed,https://i.postimg.cc/SQGrKR0s/1040-bmp2.jpg,512,1387,834,74,448,31,2022-10-04T21:08:09Z
Infantry Fighting Vehicles,Russia,https://upload.wikimedia.org/wikipedia/commons/thumb/a/a9/Flag_of_the_Soviet_Union.svg/23px-Flag_of_the_Soviet_Union.svg.png,BMP-2(K),destroyed,https://twitter.com/UAWeapons/status/1513627748035698692,512,1387,834,74,448,31,2022-10-04T21:08:09Z
Infantry Fighting Vehicles,Russia,https://upload.wikimedia.org/wikipedia/commons/thumb/a/a9/Flag_of_the_Soviet_Union.svg/23px-Flag_of_the_Soviet_Union.svg.png,BMP-2(K),destroyed,https://i.postimg.cc/44wdvv7t/bbbmp222.png,512,1387,834,74,448,31,2022-10-04T21:08:09Z
Infantry Fighting Vehicles,Russia,https://upload.wikimedia.org/wikipedia/commons/thumb/a/a9/Flag_of_the_Soviet_Union.svg/23px-Flag_of_the_Soviet_Union.svg.png,BMP-2(K),destroyed,https://i.postimg.cc/MGRH1hVK/bbbmmmp22.jpg,512,1387,834,74,448,31,2022-10-04T21:08:09Z
Infantry Fighting Vehicles,Russia,https://upload.wikimedia.org/wikipedia/commons/thumb/a/a9/Flag_of_the_Soviet_Union.svg/23px-Flag_of_the_Soviet_Union.svg.png,BMP-2(K),destroyed,https://i.postimg.cc/MGRH1hVK/bbbmmmp22.jpg,512,1387,834,74,448,31,2022-10-04T21:08:09Z
Infantry Fighting Vehicles,Russia,https://upload.wikimedia.org/wikipedia/commons/thumb/a/a9/Flag_of_the_Soviet_Union.svg/23px-Flag_of_the_Soviet_Union.svg.png,BMP-2(K),destroyed,https://i.postimg.cc/DwRmJ2WM/bbmmp222.jpg,512,1387,834,74,448,31,2022-10-04T21:08:09Z
Infantry Fighting Vehicles,Russia,https://upload.wikimedia.org/wikipedia/commons/thumb/a/a9/Flag_of_the_Soviet_Union.svg/23px-Flag_of_the_Soviet_Union.svg.png,BMP-2(K),destroyed,https://i.postimg.cc/br6wz8cL/bbmmpp22.png,512,1387,834,74,448,31,2022-10-04T21:08:09Z
Infantry Fighting Vehicles,Russia,https://upload.wikimedia.org/wikipedia/commons/thumb/a/a9/Flag_of_the_Soviet_Union.svg/23px-Flag_of_the_Soviet_Union.svg.png,BMP-2(K),destroyed,https://i.postimg.cc/bN33mJLM/1041-bmp2.jpg,512,1387,834,74,448,31,2022-10-04T21:08:09Z
Infantry Fighting Vehicles,Russia,https://upload.wikimedia.org/wikipedia/commons/thumb/a/a9/Flag_of_the_Soviet_Union.svg/23px-Flag_of_the_Soviet_Union.svg.png,BMP-2(K),destroyed,https://i.postimg.cc/DyZzxWLN/bmmmp2.png,512,1387,834,74,448,31,2022-10-04T21:08:09Z
Infantry Fighting Vehicles,Russia,https://upload.wikimedia.org/wikipedia/commons/thumb/a/a9/Flag_of_the_Soviet_Union.svg/23px-Flag_of_the_Soviet_Union.svg.png,BMP-2(K),destroyed,https://i.postimg.cc/W3v38Xwm/bmp222.jpg,512,1387,834,74,448,31,2022-10-04T21:08:09Z
Infantry Fighting Vehicles,Russia,https://upload.wikimedia.org/wikipedia/commons/thumb/a/a9/Flag_of_the_Soviet_Union.svg/23px-Flag_of_the_Soviet_Union.svg.png,BMP-2(K),destroyed,https://i.postimg.cc/rwDKwdp4/bmp222222.jpg,512,1387,834,74,448,31,2022-10-04T21:08:09Z
Infantry Fighting Vehicles,Russia,https://upload.wikimedia.org/wikipedia/commons/thumb/a/a9/Flag_of_the_Soviet_Union.svg/23px-Flag_of_the_Soviet_Union.svg.png,BMP-2(K),destroyed,https://i.postimg.cc/CLPR0CwY/bbbbbbmmpppp222.jpg,512,1387,834,74,448,31,2022-10-04T21:08:09Z
Infantry Fighting Vehicles,Russia,https://upload.wikimedia.org/wikipedia/commons/thumb/a/a9/Flag_of_the_Soviet_Union.svg/23px-Flag_of_the_Soviet_Union.svg.png,BMP-2(K),destroyed,https://i.postimg.cc/wMFP8044/f1.jpg,512,1387,834,74,448,31,2022-10-04T21:08:09Z
Infantry Fighting Vehicles,Russia,https://upload.wikimedia.org/wikipedia/commons/thumb/a/a9/Flag_of_the_Soviet_Union.svg/23px-Flag_of_the_Soviet_Union.svg.png,BMP-2(K),destroyed,https://i.postimg.cc/bYR4twY0/f2.jpg,512,1387,834,74,448,31,2022-10-04T21:08:09Z
Infantry Fighting Vehicles,Russia,https://upload.wikimedia.org/wikipedia/commons/thumb/a/a9/Flag_of_the_Soviet_Union.svg/23px-Flag_of_the_Soviet_Union.svg.png,BMP-2(K),destroyed,https://i.postimg.cc/59PnJYNr/bbmmmmpp222.jpg,512,1387,834,74,448,31,2022-10-04T21:08:09Z
Infantry Fighting Vehicles,Russia,https://upload.wikimedia.org/wikipedia/commons/thumb/a/a9/Flag_of_the_Soviet_Union.svg/23px-Flag_of_the_Soviet_Union.svg.png,BMP-2(K),destroyed,https://i.postimg.cc/3xGB2tCM/bbmmmp222.jpg,512,1387,834,74,448,31,2022-10-04T21:08:09Z
Infantry Fighting Vehicles,Russia,https://upload.wikimedia.org/wikipedia/commons/thumb/a/a9/Flag_of_the_Soviet_Union.svg/23px-Flag_of_the_Soviet_Union.svg.png,BMP-2(K),destroyed,https://i.postimg.cc/Nf5bjsKj/bbmmp22.jpg,512,1387,834,74,448,31,2022-10-04T21:08:09Z
Infantry Fighting Vehicles,Russia,https://upload.wikimedia.org/wikipedia/commons/thumb/a/a9/Flag_of_the_Soviet_Union.svg/23px-Flag_of_the_Soviet_Union.svg.png,BMP-2(K),destroyed,https://i.postimg.cc/bvjRg13Z/bbmmpp222.jpg,512,1387,834,74,448,31,2022-10-04T21:08:09Z
Infantry Fighting Vehicles,Russia,https://upload.wikimedia.org/wikipedia/commons/thumb/a/a9/Flag_of_the_Soviet_Union.svg/23px-Flag_of_the_Soviet_Union.svg.png,BMP-2(K),destroyed,https://i.postimg.cc/k5kjWpwg/1042-bmp2.jpg,512,1387,834,74,448,31,2022-10-04T21:08:09Z
Infantry Fighting Vehicles,Russia,https://upload.wikimedia.org/wikipedia/commons/thumb/a/a9/Flag_of_the_Soviet_Union.svg/23px-Flag_of_the_Soviet_Union.svg.png,BMP-2(K),destroyed,https://i.postimg.cc/pdYJ6y6q/jv-Ex-Doh-I-jpg-large.jpg,512,1387,834,74,448,31,2022-10-04T21:08:09Z
Infantry Fighting Vehicles,Russia,https://upload.wikimedia.org/wikipedia/commons/thumb/a/a9/Flag_of_the_Soviet_Union.svg/23px-Flag_of_the_Soviet_Union.svg.png,BMP-2(K),destroyed,https://i.postimg.cc/C1Cn59hG/10.png,512,1387,834,74,448,31,2022-10-04T21:08:09Z
Infantry Fighting Vehicles,Russia,https://upload.wikimedia.org/wikipedia/commons/thumb/a/a9/Flag_of_the_Soviet_Union.svg/23px-Flag_of_the_Soviet_Union.svg.png,BMP-2(K),destroyed,https://i.postimg.cc/xT1NjsWm/11.png,512,1387,834,74,448,31,2022-10-04T21:08:09Z
Infantry Fighting Vehicles,Russia,https://upload.wikimedia.org/wikipedia/commons/thumb/a/a9/Flag_of_the_Soviet_Union.svg/23px-Flag_of_the_Soviet_Union.svg.png,BMP-2(K),destroyed,https://i.postimg.cc/NFg9HbFW/13.png,512,1387,834,74,448,31,2022-10-04T21:08:09Z
Infantry Fighting Vehicles,Russia,https://upload.wikimedia.org/wikipedia/commons/thumb/a/a9/Flag_of_the_Soviet_Union.svg/23px-Flag_of_the_Soviet_Union.svg.png,BMP-2(K),destroyed,https://twitter.com/UAWeapons/status/1575166980000481281,512,1387,834,74,448,31,2022-10-04T21:08:09Z
Infantry Fighting Vehicles,Russia,https://upload.wikimedia.org/wikipedia/commons/thumb/a/a9/Flag_of_the_Soviet_Union.svg/23px-Flag_of_the_Soviet_Union.svg.png,BMP-2(K),destroyed,https://twitter.com/UAWeapons/status/1575166980000481281,512,1387,834,74,448,31,2022-10-04T21:08:09Z
Infantry Fighting Vehicles,Russia,https://upload.wikimedia.org/wikipedia/commons/thumb/a/a9/Flag_of_the_Soviet_Union.svg/23px-Flag_of_the_Soviet_Union.svg.png,BMP-2(K),destroyed,https://i.postimg.cc/152NR1zX/1043-bmp2.jpg,512,1387,834,74,448,31,2022-10-04T21:08:09Z
Infantry Fighting Vehicles,Russia,https://upload.wikimedia.org/wikipedia/commons/thumb/a/a9/Flag_of_the_Soviet_Union.svg/23px-Flag_of_the_Soviet_Union.svg.png,BMP-2(K),destroyed,https://i.postimg.cc/P58xN0KC/1.jpg,512,1387,834,74,448,31,2022-10-04T21:08:09Z
Infantry Fighting Vehicles,Russia,https://upload.wikimedia.org/wikipedia/commons/thumb/a/a9/Flag_of_the_Soviet_Union.svg/23px-Flag_of_the_Soviet_Union.svg.png,BMP-2(K),destroyed,https://i.postimg.cc/s2d2WK0w/2.png,512,1387,834,74,448,31,2022-10-04T21:08:09Z
Infantry Fighting Vehicles,Russia,https://upload.wikimedia.org/wikipedia/commons/thumb/a/a9/Flag_of_the_Soviet_Union.svg/23px-Flag_of_the_Soviet_Union.svg.png,BMP-2(K),destroyed,https://i.postimg.cc/MHv6Bc4t/366.jpg,512,1387,834,74,448,31,2022-10-04T21:08:09Z
Infantry Fighting Vehicles,Russia,https://upload.wikimedia.org/wikipedia/commons/thumb/a/a9/Flag_of_the_Soviet_Union.svg/23px-Flag_of_the_Soviet_Union.svg.png,BMP-2(K),destroyed,https://i.postimg.cc/MHv6Bc4t/366.jpg,512,1387,834,74,448,31,2022-10-04T21:08:09Z
Infantry Fighting Vehicles,Russia,https://upload.wikimedia.org/wikipedia/commons/thumb/a/a9/Flag_of_the_Soviet_Union.svg/23px-Flag_of_the_Soviet_Union.svg.png,BMP-2(K),destroyed,https://i.postimg.cc/9FQ13Yb8/325.jpg,512,1387,834,74,448,31,2022-10-04T21:08:09Z
Infantry Fighting Vehicles,Russia,https://upload.wikimedia.org/wikipedia/commons/thumb/a/a9/Flag_of_the_Soviet_Union.svg/23px-Flag_of_the_Soviet_Union.svg.png,BMP-2(K),destroyed,https://i.postimg.cc/t4fBNnhr/326.jpg,512,1387,834,74,448,31,2022-10-04T21:08:09Z
Infantry Fighting Vehicles,Russia,https://upload.wikimedia.org/wikipedia/commons/thumb/a/a9/Flag_of_the_Soviet_Union.svg/23px-Flag_of_the_Soviet_Union.svg.png,BMP-2(K),destroyed,https://i.postimg.cc/FsWw7Dt7/1044-bmp2.jpg,512,1387,834,74,448,31,2022-10-04T21:08:09Z
Infantry Fighting Vehicles,Russia,https://upload.wikimedia.org/wikipedia/commons/thumb/a/a9/Flag_of_the_Soviet_Union.svg/23px-Flag_of_the_Soviet_Union.svg.png,BMP-2(K),destroyed,https://i.postimg.cc/GmRpjQdp/d3.jpg,512,1387,834,74,448,31,2022-10-04T21:08:09Z
Infantry Fighting Vehicles,Russia,https://upload.wikimedia.org/wikipedia/commons/thumb/a/a9/Flag_of_the_Soviet_Union.svg/23px-Flag_of_the_Soviet_Union.svg.png,BMP-2(K),destroyed,https://i.postimg.cc/Qx1t5PLP/d4.jpg,512,1387,834,74,448,31,2022-10-04T21:08:09Z
Infantry Fighting Vehicles,Russia,https://upload.wikimedia.org/wikipedia/commons/thumb/a/a9/Flag_of_the_Soviet_Union.svg/23px-Flag_of_the_Soviet_Union.svg.png,BMP-2(K),destroyed,https://i.postimg.cc/qMqytDx6/dd0.jpg,512,1387,834,74,448,31,2022-10-04T21:08:09Z
Infantry Fighting Vehicles,Russia,https://upload.wikimedia.org/wikipedia/commons/thumb/a/a9/Flag_of_the_Soviet_Union.svg/23px-Flag_of_the_Soviet_Union.svg.png,BMP-2(K),destroyed,https://twitter.com/UAWeapons/status/1543194344680820739,512,1387,834,74,448,31,2022-10-04T21:08:09Z
Infantry Fighting Vehicles,Russia,https://upload.wikimedia.org/wikipedia/commons/thumb/a/a9/Flag_of_the_Soviet_Union.svg/23px-Flag_of_the_Soviet_Union.svg.png,BMP-2(K),destroyed,https://i.postimg.cc/rpZGcpJN/1023-bmp2.jpg,512,1387,834,74,448,31,2022-10-04T21:08:09Z
Infantry Fighting Vehicles,Russia,https://upload.wikimedia.org/wikipedia/commons/thumb/a/a9/Flag_of_the_Soviet_Union.svg/23px-Flag_of_the_Soviet_Union.svg.png,BMP-2(K),destroyed,https://i.postimg.cc/85dsQ5XQ/d5.jpg,512,1387,834,74,448,31,2022-10-04T21:08:09Z
Infantry Fighting Vehicles,Russia,https://upload.wikimedia.org/wikipedia/commons/thumb/a/a9/Flag_of_the_Soviet_Union.svg/23px-Flag_of_the_Soviet_Union.svg.png,BMP-2(K),destroyed,https://i.postimg.cc/PJtJtj0L/d6.jpg,512,1387,834,74,448,31,2022-10-04T21:08:09Z
Infantry Fighting Vehicles,Russia,https://upload.wikimedia.org/wikipedia/commons/thumb/a/a9/Flag_of_the_Soviet_Union.svg/23px-Flag_of_the_Soviet_Union.svg.png,BMP-2(K),destroyed,https://i.postimg.cc/0NwbnZpN/d1.jpg,512,1387,834,74,448,31,2022-10-04T21:08:09Z
Infantry Fighting Vehicles,Russia,https://upload.wikimedia.org/wikipedia/commons/thumb/a/a9/Flag_of_the_Soviet_Union.svg/23px-Flag_of_the_Soviet_Union.svg.png,BMP-2(K),destroyed,https://i.postimg.cc/wMMvydQ7/43f1.png,512,1387,834,74,448,31,2022-10-04T21:08:09Z
Infantry Fighting Vehicles,Russia,https://upload.wikimedia.org/wikipedia/commons/thumb/a/a9/Flag_of_the_Soviet_Union.svg/23px-Flag_of_the_Soviet_Union.svg.png,BMP-2(K),destroyed,https://i.postimg.cc/FzLnbdKJ/d3.jpg,512,1387,834,74,448,31,2022-10-04T21:08:09Z
Infantry Fighting Vehicles,Russia,https://upload.wikimedia.org/wikipedia/commons/thumb/a/a9/Flag_of_the_Soviet_Union.svg/23px-Flag_of_the_Soviet_Union.svg.png,BMP-2(K),destroyed,https://i.postimg.cc/T2LSvScY/d4.jpg,512,1387,834,74,448,31,2022-10-04T21:08:09Z
Infantry Fighting Vehicles,Russia,https://upload.wikimedia.org/wikipedia/commons/thumb/a/a9/Flag_of_the_Soviet_Union.svg/23px-Flag_of_the_Soviet_Union.svg.png,BMP-2(K),destroyed,https://i.postimg.cc/sDryZ9Ty/f1.jpg,512,1387,834,74,448,31,2022-10-04T21:08:09Z
Infantry Fighting Vehicles,Russia,https://upload.wikimedia.org/wikipedia/commons/thumb/a/a9/Flag_of_the_Soviet_Union.svg/23px-Flag_of_the_Soviet_Union.svg.png,BMP-2(K),destroyed,https://i.postimg.cc/NfbnWrY3/321.png,512,1387,834,74,448,31,2022-10-04T21:08:09Z
Infantry Fighting Vehicles,Russia,https://upload.wikimedia.org/wikipedia/commons/thumb/a/a9/Flag_of_the_Soviet_Union.svg/23px-Flag_of_the_Soviet_Union.svg.png,BMP-2(K),destroyed,https://i.postimg.cc/jjTJPCnj/35.png,512,1387,834,74,448,31,2022-10-04T21:08:09Z
Infantry Fighting Vehicles,Russia,https://upload.wikimedia.org/wikipedia/commons/thumb/a/a9/Flag_of_the_Soviet_Union.svg/23px-Flag_of_the_Soviet_Union.svg.png,BMP-2(K),destroyed,https://i.postimg.cc/jjTJPCnj/35.png,512,1387,834,74,448,31,2022-10-04T21:08:09Z
Infantry Fighting Vehicles,Russia,https://upload.wikimedia.org/wikipedia/commons/thumb/a/a9/Flag_of_the_Soviet_Union.svg/23px-Flag_of_the_Soviet_Union.svg.png,BMP-2(K),destroyed,https://i.postimg.cc/t4J9fb0z/876.jpg,512,1387,834,74,448,31,2022-10-04T21:08:09Z
Infantry Fighting Vehicles,Russia,https://upload.wikimedia.org/wikipedia/commons/thumb/a/a9/Flag_of_the_Soviet_Union.svg/23px-Flag_of_the_Soviet_Union.svg.png,BMP-2(K),destroyed,https://i.postimg.cc/qMCtF28R/36.png,512,1387,834,74,448,31,2022-10-04T21:08:09Z
Infantry Fighting Vehicles,Russia,https://upload.wikimedia.org/wikipedia/commons/thumb/a/a9/Flag_of_the_Soviet_Union.svg/23px-Flag_of_the_Soviet_Union.svg.png,BMP-2(K),destroyed,https://i.postimg.cc/N0G7yjxZ/m7.jpg,512,1387,834,74,448,31,2022-10-04T21:08:09Z
Infantry Fighting Vehicles,Russia,https://upload.wikimedia.org/wikipedia/commons/thumb/a/a9/Flag_of_the_Soviet_Union.svg/23px-Flag_of_the_Soviet_Union.svg.png,BMP-2(K),destroyed,https://i.postimg.cc/X7z9ZysV/1045-bmp2.jpg,512,1387,834,74,448,31,2022-10-04T21:08:09Z
Infantry Fighting Vehicles,Russia,https://upload.wikimedia.org/wikipedia/commons/thumb/a/a9/Flag_of_the_Soviet_Union.svg/23px-Flag_of_the_Soviet_Union.svg.png,BMP-2(K),destroyed,https://i.postimg.cc/sx5Z6kcp/m9.png,512,1387,834,74,448,31,2022-10-04T21:08:09Z
Infantry Fighting Vehicles,Russia,https://upload.wikimedia.org/wikipedia/commons/thumb/a/a9/Flag_of_the_Soviet_Union.svg/23px-Flag_of_the_Soviet_Union.svg.png,BMP-2(K),destroyed,https://i.postimg.cc/zXrg9gNr/f3.jpg,512,1387,834,74,448,31,2022-10-04T21:08:09Z
Infantry Fighting Vehicles,Russia,https://upload.wikimedia.org/wikipedia/commons/thumb/a/a9/Flag_of_the_Soviet_Union.svg/23px-Flag_of_the_Soviet_Union.svg.png,BMP-2(K),destroyed,https://i.postimg.cc/CKshnztj/3f6.png,512,1387,834,74,448,31,2022-10-04T21:08:09Z
Infantry Fighting Vehicles,Russia,https://upload.wikimedia.org/wikipedia/commons/thumb/a/a9/Flag_of_the_Soviet_Union.svg/23px-Flag_of_the_Soviet_Union.svg.png,BMP-2(K),destroyed,https://i.postimg.cc/PxBfYfhk/767.jpg,512,1387,834,74,448,31,2022-10-04T21:08:09Z
Infantry Fighting Vehicles,Russia,https://upload.wikimedia.org/wikipedia/commons/thumb/a/a9/Flag_of_the_Soviet_Union.svg/23px-Flag_of_the_Soviet_Union.svg.png,BMP-2(K),destroyed,https://twitter.com/UAWeapons/status/1525957529775259649,512,1387,834,74,448,31,2022-10-04T21:08:09Z
Infantry Fighting Vehicles,Russia,https://upload.wikimedia.org/wikipedia/commons/thumb/a/a9/Flag_of_the_Soviet_Union.svg/23px-Flag_of_the_Soviet_Union.svg.png,BMP-2(K),destroyed,https://twitter.com/UAWeapons/status/1525957529775259649,512,1387,834,74,448,31,2022-10-04T21:08:09Z
Infantry Fighting Vehicles,Russia,https://upload.wikimedia.org/wikipedia/commons/thumb/a/a9/Flag_of_the_Soviet_Union.svg/23px-Flag_of_the_Soviet_Union.svg.png,BMP-2(K),destroyed,https://i.postimg.cc/jd7rmXnz/d32.jpg,512,1387,834,74,448,31,2022-10-04T21:08:09Z
Infantry Fighting Vehicles,Russia,https://upload.wikimedia.org/wikipedia/commons/thumb/a/a9/Flag_of_the_Soviet_Union.svg/23px-Flag_of_the_Soviet_Union.svg.png,BMP-2(K),destroyed,https://i.postimg.cc/kghp79bw/1012.jpg,512,1387,834,74,448,31,2022-10-04T21:08:09Z
Infantry Fighting Vehicles,Russia,https://upload.wikimedia.org/wikipedia/commons/thumb/a/a9/Flag_of_the_Soviet_Union.svg/23px-Flag_of_the_Soviet_Union.svg.png,BMP-2(K),destroyed,https://twitter.com/UAWeapons/status/1527399072973430788,512,1387,834,74,448,31,2022-10-04T21:08:09Z
Infantry Fighting Vehicles,Russia,https://upload.wikimedia.org/wikipedia/commons/thumb/a/a9/Flag_of_the_Soviet_Union.svg/23px-Flag_of_the_Soviet_Union.svg.png,BMP-2(K),destroyed,https://i.postimg.cc/Y2Q9rXqk/b2.jpg,512,1387,834,74,448,31,2022-10-04T21:08:09Z
Infantry Fighting Vehicles,Russia,https://upload.wikimedia.org/wikipedia/commons/thumb/a/a9/Flag_of_the_Soviet_Union.svg/23px-Flag_of_the_Soviet_Union.svg.png,BMP-2(K),destroyed,https://i.postimg.cc/xdhHqxbn/1004.jpg,512,1387,834,74,448,31,2022-10-04T21:08:09Z
Infantry Fighting Vehicles,Russia,https://upload.wikimedia.org/wikipedia/commons/thumb/a/a9/Flag_of_the_Soviet_Union.svg/23px-Flag_of_the_Soviet_Union.svg.png,BMP-2(K),destroyed,https://i.postimg.cc/xdhHqxbn/1004.jpg,512,1387,834,74,448,31,2022-10-04T21:08:09Z
Infantry Fighting Vehicles,Russia,https://upload.wikimedia.org/wikipedia/commons/thumb/a/a9/Flag_of_the_Soviet_Union.svg/23px-Flag_of_the_Soviet_Union.svg.png,BMP-2(K),destroyed,https://i.postimg.cc/wMprp4rM/4433.jpg,512,1387,834,74,448,31,2022-10-04T21:08:09Z
Infantry Fighting Vehicles,Russia,https://upload.wikimedia.org/wikipedia/commons/thumb/a/a9/Flag_of_the_Soviet_Union.svg/23px-Flag_of_the_Soviet_Union.svg.png,BMP-2(K),destroyed,https://i.postimg.cc/wMprp4rM/4433.jpg,512,1387,834,74,448,31,2022-10-04T21:08:09Z
Infantry Fighting Vehicles,Russia,https://upload.wikimedia.org/wikipedia/commons/thumb/a/a9/Flag_of_the_Soviet_Union.svg/23px-Flag_of_the_Soviet_Union.svg.png,BMP-2(K),destroyed,https://i.postimg.cc/wMprp4rM/4433.jpg,512,1387,834,74,448,31,2022-10-04T21:08:09Z
Infantry Fighting Vehicles,Russia,https://upload.wikimedia.org/wikipedia/commons/thumb/a/a9/Flag_of_the_Soviet_Union.svg/23px-Flag_of_the_Soviet_Union.svg.png,BMP-2(K),destroyed,https://i.postimg.cc/wMprp4rM/4433.jpg,512,1387,834,74,448,31,2022-10-04T21:08:09Z
Infantry Fighting Vehicles,Russia,https://upload.wikimedia.org/wikipedia/commons/thumb/a/a9/Flag_of_the_Soviet_Union.svg/23px-Flag_of_the_Soviet_Union.svg.png,BMP-2(K),destroyed,https://i.postimg.cc/wMprp4rM/4433.jpg,512,1387,834,74,448,31,2022-10-04T21:08:09Z
Infantry Fighting Vehicles,Russia,https://upload.wikimedia.org/wikipedia/commons/thumb/a/a9/Flag_of_the_Soviet_Union.svg/23px-Flag_of_the_Soviet_Union.svg.png,BMP-2(K),destroyed,https://twitter.com/UAWeapons/status/1529500592900648964,512,1387,834,74,448,31,2022-10-04T21:08:09Z
Infantry Fighting Vehicles,Russia,https://upload.wikimedia.org/wikipedia/commons/thumb/a/a9/Flag_of_the_Soviet_Union.svg/23px-Flag_of_the_Soviet_Union.svg.png,BMP-2(K),destroyed,https://twitter.com/UAWeapons/status/1529815678961737728,512,1387,834,74,448,31,2022-10-04T21:08:09Z
Infantry Fighting Vehicles,Russia,https://upload.wikimedia.org/wikipedia/commons/thumb/a/a9/Flag_of_the_Soviet_Union.svg/23px-Flag_of_the_Soviet_Union.svg.png,BMP-2(K),destroyed,https://i.postimg.cc/kGXzqNJk/877.jpg,512,1387,834,74,448,31,2022-10-04T21:08:09Z
Infantry Fighting Vehicles,Russia,https://upload.wikimedia.org/wikipedia/commons/thumb/a/a9/Flag_of_the_Soviet_Union.svg/23px-Flag_of_the_Soviet_Union.svg.png,BMP-2(K),destroyed,https://i.postimg.cc/MTT4H1Yv/65.jpg,512,1387,834,74,448,31,2022-10-04T21:08:09Z
Infantry Fighting Vehicles,Russia,https://upload.wikimedia.org/wikipedia/commons/thumb/a/a9/Flag_of_the_Soviet_Union.svg/23px-Flag_of_the_Soviet_Union.svg.png,BMP-2(K),destroyed,https://twitter.com/UAWeapons/status/1534146081545666560,512,1387,834,74,448,31,2022-10-04T21:08:09Z
Infantry Fighting Vehicles,Russia,https://upload.wikimedia.org/wikipedia/commons/thumb/a/a9/Flag_of_the_Soviet_Union.svg/23px-Flag_of_the_Soviet_Union.svg.png,BMP-2(K),destroyed,https://i.postimg.cc/kMNTpbxp/3-RH595-Lt-jpg-medium.jpg,512,1387,834,74,448,31,2022-10-04T21:08:09Z
Infantry Fighting Vehicles,Russia,https://upload.wikimedia.org/wikipedia/commons/thumb/a/a9/Flag_of_the_Soviet_Union.svg/23px-Flag_of_the_Soviet_Union.svg.png,BMP-2(K),destroyed,https://i.postimg.cc/D07PTxqY/76.jpg,512,1387,834,74,448,31,2022-10-04T21:08:09Z
Infantry Fighting Vehicles,Russia,https://upload.wikimedia.org/wikipedia/commons/thumb/a/a9/Flag_of_the_Soviet_Union.svg/23px-Flag_of_the_Soviet_Union.svg.png,BMP-2(K),destroyed,https://i.postimg.cc/nLbYPTZR/1013.jpg,512,1387,834,74,448,31,2022-10-04T21:08:09Z
Infantry Fighting Vehicles,Russia,https://upload.wikimedia.org/wikipedia/commons/thumb/a/a9/Flag_of_the_Soviet_Union.svg/23px-Flag_of_the_Soviet_Union.svg.png,BMP-2(K),destroyed,https://i.postimg.cc/nLbYPTZR/1013.jpg,512,1387,834,74,448,31,2022-10-04T21:08:09Z
Infantry Fighting Vehicles,Russia,https://upload.wikimedia.org/wikipedia/commons/thumb/a/a9/Flag_of_the_Soviet_Union.svg/23px-Flag_of_the_Soviet_Union.svg.png,BMP-2(K),destroyed,https://i.postimg.cc/Y08fqQR2/RKKfc5-Fo-jpg-large.jpg,512,1387,834,74,448,31,2022-10-04T21:08:09Z
Infantry Fighting Vehicles,Russia,https://upload.wikimedia.org/wikipedia/commons/thumb/a/a9/Flag_of_the_Soviet_Union.svg/23px-Flag_of_the_Soviet_Union.svg.png,BMP-2(K),destroyed,https://i.postimg.cc/Y08fqQR2/RKKfc5-Fo-jpg-large.jpg,512,1387,834,74,448,31,2022-10-04T21:08:09Z
Infantry Fighting Vehicles,Russia,https://upload.wikimedia.org/wikipedia/commons/thumb/a/a9/Flag_of_the_Soviet_Union.svg/23px-Flag_of_the_Soviet_Union.svg.png,BMP-2(K),destroyed,https://i.postimg.cc/59mm3MJc/Xx7-Jp-c5-jpg-large.jpg,512,1387,834,74,448,31,2022-10-04T21:08:09Z
Infantry Fighting Vehicles,Russia,https://upload.wikimedia.org/wikipedia/commons/thumb/a/a9/Flag_of_the_Soviet_Union.svg/23px-Flag_of_the_Soviet_Union.svg.png,BMP-2(K),destroyed,https://i.postimg.cc/gc3GxLMQ/1001.jpg,512,1387,834,74,448,31,2022-10-04T21:08:09Z
Infantry Fighting Vehicles,Russia,https://upload.wikimedia.org/wikipedia/commons/thumb/a/a9/Flag_of_the_Soviet_Union.svg/23px-Flag_of_the_Soviet_Union.svg.png,BMP-2(K),destroyed,https://twitter.com/RALee85/status/1537329940651294720,512,1387,834,74,448,31,2022-10-04T21:08:09Z
Infantry Fighting Vehicles,Russia,https://upload.wikimedia.org/wikipedia/commons/thumb/a/a9/Flag_of_the_Soviet_Union.svg/23px-Flag_of_the_Soviet_Union.svg.png,BMP-2(K),destroyed,https://twitter.com/RALee85/status/1537329940651294720,512,1387,834,74,448,31,2022-10-04T21:08:09Z
Infantry Fighting Vehicles,Russia,https://upload.wikimedia.org/wikipedia/commons/thumb/a/a9/Flag_of_the_Soviet_Union.svg/23px-Flag_of_the_Soviet_Union.svg.png,BMP-2(K),destroyed,https://twitter.com/UAWeapons/status/1536726507061751808,512,1387,834,74,448,31,2022-10-04T21:08:09Z
Infantry Fighting Vehicles,Russia,https://upload.wikimedia.org/wikipedia/commons/thumb/a/a9/Flag_of_the_Soviet_Union.svg/23px-Flag_of_the_Soviet_Union.svg.png,BMP-2(K),destroyed,https://twitter.com/UAWeapons/status/1536726507061751808,512,1387,834,74,448,31,2022-10-04T21:08:09Z
Infantry Fighting Vehicles,Russia,https://upload.wikimedia.org/wikipedia/commons/thumb/a/a9/Flag_of_the_Soviet_Union.svg/23px-Flag_of_the_Soviet_Union.svg.png,BMP-2(K),destroyed,https://i.postimg.cc/yNZDncTJ/1007.jpg,512,1387,834,74,448,31,2022-10-04T21:08:09Z
Infantry Fighting Vehicles,Russia,https://upload.wikimedia.org/wikipedia/commons/thumb/a/a9/Flag_of_the_Soviet_Union.svg/23px-Flag_of_the_Soviet_Union.svg.png,BMP-2(K),destroyed,https://twitter.com/UAWeapons/status/1542986188100886529,512,1387,834,74,448,31,2022-10-04T21:08:09Z
Infantry Fighting Vehicles,Russia,https://upload.wikimedia.org/wikipedia/commons/thumb/a/a9/Flag_of_the_Soviet_Union.svg/23px-Flag_of_the_Soviet_Union.svg.png,BMP-2(K),destroyed,https://twitter.com/UAWeapons/status/1543979310171684864,512,1387,834,74,448,31,2022-10-04T21:08:09Z
Infantry Fighting Vehicles,Russia,https://upload.wikimedia.org/wikipedia/commons/thumb/a/a9/Flag_of_the_Soviet_Union.svg/23px-Flag_of_the_Soviet_Union.svg.png,BMP-2(K),destroyed,https://i.postimg.cc/Y0X0DpFY/1006.jpg,512,1387,834,74,448,31,2022-10-04T21:08:09Z
Infantry Fighting Vehicles,Russia,https://upload.wikimedia.org/wikipedia/commons/thumb/a/a9/Flag_of_the_Soviet_Union.svg/23px-Flag_of_the_Soviet_Union.svg.png,BMP-2(K),destroyed,https://twitter.com/RALee85/status/1544721320658755588,512,1387,834,74,448,31,2022-10-04T21:08:09Z
Infantry Fighting Vehicles,Russia,https://upload.wikimedia.org/wikipedia/commons/thumb/a/a9/Flag_of_the_Soviet_Union.svg/23px-Flag_of_the_Soviet_Union.svg.png,BMP-2(K),destroyed,https://twitter.com/RALee85/status/1544721320658755588,512,1387,834,74,448,31,2022-10-04T21:08:09Z
Infantry Fighting Vehicles,Russia,https://upload.wikimedia.org/wikipedia/commons/thumb/a/a9/Flag_of_the_Soviet_Union.svg/23px-Flag_of_the_Soviet_Union.svg.png,BMP-2(K),destroyed,https://twitter.com/RALee85/status/1544721320658755588,512,1387,834,74,448,31,2022-10-04T21:08:09Z
Infantry Fighting Vehicles,Russia,https://upload.wikimedia.org/wikipedia/commons/thumb/a/a9/Flag_of_the_Soviet_Union.svg/23px-Flag_of_the_Soviet_Union.svg.png,BMP-2(K),destroyed,https://twitter.com/UAWeapons/status/1545075270826299394,512,1387,834,74,448,31,2022-10-04T21:08:09Z
Infantry Fighting Vehicles,Russia,https://upload.wikimedia.org/wikipedia/commons/thumb/a/a9/Flag_of_the_Soviet_Union.svg/23px-Flag_of_the_Soviet_Union.svg.png,BMP-2(K),destroyed,https://twitter.com/UAWeapons/status/1545075270826299394,512,1387,834,74,448,31,2022-10-04T21:08:09Z
Infantry Fighting Vehicles,Russia,https://upload.wikimedia.org/wikipedia/commons/thumb/a/a9/Flag_of_the_Soviet_Union.svg/23px-Flag_of_the_Soviet_Union.svg.png,BMP-2(K),destroyed,https://i.postimg.cc/9M5Bxmz2/t-Nr0a0-N-jpg-large.jpg,512,1387,834,74,448,31,2022-10-04T21:08:09Z
Infantry Fighting Vehicles,Russia,https://upload.wikimedia.org/wikipedia/commons/thumb/a/a9/Flag_of_the_Soviet_Union.svg/23px-Flag_of_the_Soviet_Union.svg.png,BMP-2(K),destroyed,https://postimg.cc/k2JswJBY,512,1387,834,74,448,31,2022-10-04T21:08:09Z
Infantry Fighting Vehicles,Russia,https://upload.wikimedia.org/wikipedia/commons/thumb/a/a9/Flag_of_the_Soviet_Union.svg/23px-Flag_of_the_Soviet_Union.svg.png,BMP-2(K),destroyed,https://i.postimg.cc/T2ZHhHRX/1000.jpg,512,1387,834,74,448,31,2022-10-04T21:08:09Z
Infantry Fighting Vehicles,Russia,https://upload.wikimedia.org/wikipedia/commons/thumb/a/a9/Flag_of_the_Soviet_Union.svg/23px-Flag_of_the_Soviet_Union.svg.png,BMP-2(K),destroyed,https://twitter.com/UAWeapons/status/1552351996178567170,512,1387,834,74,448,31,2022-10-04T21:08:09Z
Infantry Fighting Vehicles,Russia,https://upload.wikimedia.org/wikipedia/commons/thumb/a/a9/Flag_of_the_Soviet_Union.svg/23px-Flag_of_the_Soviet_Union.svg.png,BMP-2(K),destroyed,https://i.postimg.cc/nzmMKHkw/1005-unkn-bmp.jpg,512,1387,834,74,448,31,2022-10-04T21:08:09Z
Infantry Fighting Vehicles,Russia,https://upload.wikimedia.org/wikipedia/commons/thumb/a/a9/Flag_of_the_Soviet_Union.svg/23px-Flag_of_the_Soviet_Union.svg.png,BMP-2(K),destroyed,https://i.postimg.cc/rsCmbQ71/1007-bmp2.jpg,512,1387,834,74,448,31,2022-10-04T21:08:09Z
Infantry Fighting Vehicles,Russia,https://upload.wikimedia.org/wikipedia/commons/thumb/a/a9/Flag_of_the_Soviet_Union.svg/23px-Flag_of_the_Soviet_Union.svg.png,BMP-2(K),destroyed,https://i.postimg.cc/fRjbDnRP/1007-bmp2.jpg,512,1387,834,74,448,31,2022-10-04T21:08:09Z
Infantry Fighting Vehicles,Russia,https://upload.wikimedia.org/wikipedia/commons/thumb/a/a9/Flag_of_the_Soviet_Union.svg/23px-Flag_of_the_Soviet_Union.svg.png,BMP-2(K),destroyed,https://i.postimg.cc/pLnSBWBr/1005-bmp2.jpg,512,1387,834,74,448,31,2022-10-04T21:08:09Z
Infantry Fighting Vehicles,Russia,https://upload.wikimedia.org/wikipedia/commons/thumb/a/a9/Flag_of_the_Soviet_Union.svg/23px-Flag_of_the_Soviet_Union.svg.png,BMP-2(K),destroyed,https://twitter.com/UAWeapons/status/1557060882420887552,512,1387,834,74,448,31,2022-10-04T21:08:09Z
Infantry Fighting Vehicles,Russia,https://upload.wikimedia.org/wikipedia/commons/thumb/a/a9/Flag_of_the_Soviet_Union.svg/23px-Flag_of_the_Soviet_Union.svg.png,BMP-2(K),destroyed,https://i.postimg.cc/4NTgqtQD/1003-bmp2.jpg,512,1387,834,74,448,31,2022-10-04T21:08:09Z
Infantry Fighting Vehicles,Russia,https://upload.wikimedia.org/wikipedia/commons/thumb/a/a9/Flag_of_the_Soviet_Union.svg/23px-Flag_of_the_Soviet_Union.svg.png,BMP-2(K),destroyed,https://i.postimg.cc/NGJKd8w8/1001-bmp-2.jpg,512,1387,834,74,448,31,2022-10-04T21:08:09Z
Infantry Fighting Vehicles,Russia,https://upload.wikimedia.org/wikipedia/commons/thumb/a/a9/Flag_of_the_Soviet_Union.svg/23px-Flag_of_the_Soviet_Union.svg.png,BMP-2(K),destroyed,https://i.postimg.cc/gkxRLbgp/1002.jpg,512,1387,834,74,448,31,2022-10-04T21:08:09Z
Infantry Fighting Vehicles,Russia,https://upload.wikimedia.org/wikipedia/commons/thumb/a/a9/Flag_of_the_Soviet_Union.svg/23px-Flag_of_the_Soviet_Union.svg.png,BMP-2(K),destroyed,https://i.postimg.cc/6qCxRKyr/1001-bmp2.jpg,512,1387,834,74,448,31,2022-10-04T21:08:09Z
Infantry Fighting Vehicles,Russia,https://upload.wikimedia.org/wikipedia/commons/thumb/a/a9/Flag_of_the_Soviet_Union.svg/23px-Flag_of_the_Soviet_Union.svg.png,BMP-2(K),destroyed,https://i.postimg.cc/VkfPS31t/1002-bmp2.jpg,512,1387,834,74,448,31,2022-10-04T21:08:09Z
Infantry Fighting Vehicles,Russia,https://upload.wikimedia.org/wikipedia/commons/thumb/a/a9/Flag_of_the_Soviet_Union.svg/23px-Flag_of_the_Soviet_Union.svg.png,BMP-2(K),destroyed,https://i.postimg.cc/T2b6BVCK/1003-bmp2.jpg,512,1387,834,74,448,31,2022-10-04T21:08:09Z
Infantry Fighting Vehicles,Russia,https://upload.wikimedia.org/wikipedia/commons/thumb/a/a9/Flag_of_the_Soviet_Union.svg/23px-Flag_of_the_Soviet_Union.svg.png,BMP-2(K),destroyed,https://i.postimg.cc/jS4qmHqH/1004-bmp2.jpg,512,1387,834,74,448,31,2022-10-04T21:08:09Z
Infantry Fighting Vehicles,Russia,https://upload.wikimedia.org/wikipedia/commons/thumb/a/a9/Flag_of_the_Soviet_Union.svg/23px-Flag_of_the_Soviet_Union.svg.png,BMP-2(K),destroyed,https://i.postimg.cc/j2tZgYMQ/1005-bmp2.jpg,512,1387,834,74,448,31,2022-10-04T21:08:09Z
Infantry Fighting Vehicles,Russia,https://upload.wikimedia.org/wikipedia/commons/thumb/a/a9/Flag_of_the_Soviet_Union.svg/23px-Flag_of_the_Soviet_Union.svg.png,BMP-2(K),destroyed,https://i.postimg.cc/MHVNQkWJ/1001-ural-tanker.jpg,512,1387,834,74,448,31,2022-10-04T21:08:09Z
Infantry Fighting Vehicles,Russia,https://upload.wikimedia.org/wikipedia/commons/thumb/a/a9/Flag_of_the_Soviet_Union.svg/23px-Flag_of_the_Soviet_Union.svg.png,BMP-2(K),destroyed,https://i.postimg.cc/VsTQGXSX/1004-bmp2.jpg,512,1387,834,74,448,31,2022-10-04T21:08:09Z
Infantry Fighting Vehicles,Russia,https://upload.wikimedia.org/wikipedia/commons/thumb/a/a9/Flag_of_the_Soviet_Union.svg/23px-Flag_of_the_Soviet_Union.svg.png,BMP-2(K),destroyed,https://i.postimg.cc/pXhxRsN0/1007-bmp2.jpg,512,1387,834,74,448,31,2022-10-04T21:08:09Z
Infantry Fighting Vehicles,Russia,https://upload.wikimedia.org/wikipedia/commons/thumb/a/a9/Flag_of_the_Soviet_Union.svg/23px-Flag_of_the_Soviet_Union.svg.png,BMP-2(K),destroyed,https://i.postimg.cc/K8pjPTWS/441.jpg,512,1387,834,74,448,31,2022-10-04T21:08:09Z
Infantry Fighting Vehicles,Russia,https://upload.wikimedia.org/wikipedia/commons/thumb/a/a9/Flag_of_the_Soviet_Union.svg/23px-Flag_of_the_Soviet_Union.svg.png,BMP-2(K),destroyed,https://twitter.com/UAWeapons/status/1534149081534238720,512,1387,834,74,448,31,2022-10-04T21:08:09Z
Infantry Fighting Vehicles,Russia,https://upload.wikimedia.org/wikipedia/commons/thumb/a/a9/Flag_of_the_Soviet_Union.svg/23px-Flag_of_the_Soviet_Union.svg.png,BMP-2(K),destroyed,https://i.postimg.cc/wBf1rCn9/1046-bmp2.jpg,512,1387,834,74,448,31,2022-10-04T21:08:09Z
Infantry Fighting Vehicles,Russia,https://upload.wikimedia.org/wikipedia/commons/thumb/a/a9/Flag_of_the_Soviet_Union.svg/23px-Flag_of_the_Soviet_Union.svg.png,BMP-2(K),destroyed,https://i.postimg.cc/fbwWD8Yk/1047-bmp2.jpg,512,1387,834,74,448,31,2022-10-04T21:08:09Z
Infantry Fighting Vehicles,Russia,https://upload.wikimedia.org/wikipedia/commons/thumb/a/a9/Flag_of_the_Soviet_Union.svg/23px-Flag_of_the_Soviet_Union.svg.png,BMP-2(K),destroyed,https://i.postimg.cc/8cWsjjcC/1048-bmp2.jpg,512,1387,834,74,448,31,2022-10-04T21:08:09Z
Infantry Fighting Vehicles,Russia,https://upload.wikimedia.org/wikipedia/commons/thumb/a/a9/Flag_of_the_Soviet_Union.svg/23px-Flag_of_the_Soviet_Union.svg.png,BMP-2(K),destroyed,https://i.postimg.cc/jjzfk3t5/1049-bmp2.jpg,512,1387,834,74,448,31,2022-10-04T21:08:09Z
Infantry Fighting Vehicles,Russia,https://upload.wikimedia.org/wikipedia/commons/thumb/a/a9/Flag_of_the_Soviet_Union.svg/23px-Flag_of_the_Soviet_Union.svg.png,BMP-2(K),destroyed,https://i.postimg.cc/J7K22PzP/1050-bmp2.jpg,512,1387,834,74,448,31,2022-10-04T21:08:09Z
Infantry Fighting Vehicles,Russia,https://upload.wikimedia.org/wikipedia/commons/thumb/a/a9/Flag_of_the_Soviet_Union.svg/23px-Flag_of_the_Soviet_Union.svg.png,BMP-2(K),destroyed,https://i.postimg.cc/XqXchKsz/1051-bmp2.jpg,512,1387,834,74,448,31,2022-10-04T21:08:09Z
Infantry Fighting Vehicles,Russia,https://upload.wikimedia.org/wikipedia/commons/thumb/a/a9/Flag_of_the_Soviet_Union.svg/23px-Flag_of_the_Soviet_Union.svg.png,BMP-2(K),destroyed,https://i.postimg.cc/9QN4g36C/1052-bmp2.jpg,512,1387,834,74,448,31,2022-10-04T21:08:09Z
Infantry Fighting Vehicles,Russia,https://upload.wikimedia.org/wikipedia/commons/thumb/a/a9/Flag_of_the_Soviet_Union.svg/23px-Flag_of_the_Soviet_Union.svg.png,BMP-2(K),destroyed,https://i.postimg.cc/02M00fM6/1053-bmp2.jpg,512,1387,834,74,448,31,2022-10-04T21:08:09Z
Infantry Fighting Vehicles,Russia,https://upload.wikimedia.org/wikipedia/commons/thumb/a/a9/Flag_of_the_Soviet_Union.svg/23px-Flag_of_the_Soviet_Union.svg.png,BMP-2(K),destroyed,https://i.postimg.cc/N0H0NK8k/1054-bmp2.jpg,512,1387,834,74,448,31,2022-10-04T21:08:09Z
Infantry Fighting Vehicles,Russia,https://upload.wikimedia.org/wikipedia/commons/thumb/a/a9/Flag_of_the_Soviet_Union.svg/23px-Flag_of_the_Soviet_Union.svg.png,BMP-2(K),destroyed,https://i.postimg.cc/k562k1C8/1055-bmp2.jpg,512,1387,834,74,448,31,2022-10-04T21:08:09Z
Infantry Fighting Vehicles,Russia,https://upload.wikimedia.org/wikipedia/commons/thumb/a/a9/Flag_of_the_Soviet_Union.svg/23px-Flag_of_the_Soviet_Union.svg.png,BMP-2(K),destroyed,https://i.postimg.cc/sXT4wH4W/1056-bmp2.jpg,512,1387,834,74,448,31,2022-10-04T21:08:09Z
Infantry Fighting Vehicles,Russia,https://upload.wikimedia.org/wikipedia/commons/thumb/a/a9/Flag_of_the_Soviet_Union.svg/23px-Flag_of_the_Soviet_Union.svg.png,BMP-2(K),destroyed,https://twitter.com/UAWeapons/status/1572670481068883970,512,1387,834,74,448,31,2022-10-04T21:08:09Z
Infantry Fighting Vehicles,Russia,https://upload.wikimedia.org/wikipedia/commons/thumb/a/a9/Flag_of_the_Soviet_Union.svg/23px-Flag_of_the_Soviet_Union.svg.png,BMP-2(K),destroyed,https://i.postimg.cc/7ZB7vJ2v/1058-bmp2.jpg,512,1387,834,74,448,31,2022-10-04T21:08:09Z
Infantry Fighting Vehicles,Russia,https://upload.wikimedia.org/wikipedia/commons/thumb/a/a9/Flag_of_the_Soviet_Union.svg/23px-Flag_of_the_Soviet_Union.svg.png,BMP-2(K),destroyed,https://i.postimg.cc/d1cVgJ4P/1059-bmp2.jpg,512,1387,834,74,448,31,2022-10-04T21:08:09Z
Infantry Fighting Vehicles,Russia,https://upload.wikimedia.org/wikipedia/commons/thumb/a/a9/Flag_of_the_Soviet_Union.svg/23px-Flag_of_the_Soviet_Union.svg.png,BMP-2(K),destroyed,https://i.postimg.cc/pdwmxfVS/1060-bmp2.jpg,512,1387,834,74,448,31,2022-10-04T21:08:09Z
Infantry Fighting Vehicles,Russia,https://upload.wikimedia.org/wikipedia/commons/thumb/a/a9/Flag_of_the_Soviet_Union.svg/23px-Flag_of_the_Soviet_Union.svg.png,BMP-2(K),destroyed,https://i.postimg.cc/4NY2VM7X/1017-unkn-BMP.jpg,512,1387,834,74,448,31,2022-10-04T21:08:09Z
Infantry Fighting Vehicles,Russia,https://upload.wikimedia.org/wikipedia/commons/thumb/a/a9/Flag_of_the_Soviet_Union.svg/23px-Flag_of_the_Soviet_Union.svg.png,BMP-2(K),destroyed,https://twitter.com/UAWeapons/status/1577307279505989633,512,1387,834,74,448,31,2022-10-04T21:08:09Z
Infantry Fighting Vehicles,Russia,https://upload.wikimedia.org/wikipedia/commons/thumb/a/a9/Flag_of_the_Soviet_Union.svg/23px-Flag_of_the_Soviet_Union.svg.png,BMP-2(K),destroyed,https://twitter.com/UAWeapons/status/1565032213250457601,512,1387,834,74,448,31,2022-10-04T21:08:09Z
Infantry Fighting Vehicles,Russia,https://upload.wikimedia.org/wikipedia/commons/thumb/a/a9/Flag_of_the_Soviet_Union.svg/23px-Flag_of_the_Soviet_Union.svg.png,BMP-2(K),destroyed,https://twitter.com/Danspiun/status/1565098137710014465,512,1387,834,74,448,31,2022-10-04T21:08:09Z
Infantry Fighting Vehicles,Russia,https://upload.wikimedia.org/wikipedia/commons/thumb/a/a9/Flag_of_the_Soviet_Union.svg/23px-Flag_of_the_Soviet_Union.svg.png,BMP-2(K),destroyed,https://twitter.com/UAWeapons/status/1565735113203367936,512,1387,834,74,448,31,2022-10-04T21:08:09Z
Infantry Fighting Vehicles,Russia,https://upload.wikimedia.org/wikipedia/commons/thumb/a/a9/Flag_of_the_Soviet_Union.svg/23px-Flag_of_the_Soviet_Union.svg.png,BMP-2(K),destroyed,https://i.postimg.cc/2jvK9ZfW/1008-bmp2.jpg,512,1387,834,74,448,31,2022-10-04T21:08:09Z
Infantry Fighting Vehicles,Russia,https://upload.wikimedia.org/wikipedia/commons/thumb/a/a9/Flag_of_the_Soviet_Union.svg/23px-Flag_of_the_Soviet_Union.svg.png,BMP-2(K),destroyed,https://twitter.com/UAWeapons/status/1565987384818368512,512,1387,834,74,448,31,2022-10-04T21:08:09Z
Infantry Fighting Vehicles,Russia,https://upload.wikimedia.org/wikipedia/commons/thumb/a/a9/Flag_of_the_Soviet_Union.svg/23px-Flag_of_the_Soviet_Union.svg.png,BMP-2(K),destroyed,https://twitter.com/UAWeapons/status/1565987384818368512,512,1387,834,74,448,31,2022-10-04T21:08:09Z
Infantry Fighting Vehicles,Russia,https://upload.wikimedia.org/wikipedia/commons/thumb/a/a9/Flag_of_the_Soviet_Union.svg/23px-Flag_of_the_Soviet_Union.svg.png,BMP-2(K),destroyed,https://twitter.com/UAWeapons/status/1565987384818368512,512,1387,834,74,448,31,2022-10-04T21:08:09Z
Infantry Fighting Vehicles,Russia,https://upload.wikimedia.org/wikipedia/commons/thumb/a/a9/Flag_of_the_Soviet_Union.svg/23px-Flag_of_the_Soviet_Union.svg.png,BMP-2(K),destroyed,https://twitter.com/UAWeapons/status/1566128424485273600,512,1387,834,74,448,31,2022-10-04T21:08:09Z
Infantry Fighting Vehicles,Russia,https://upload.wikimedia.org/wikipedia/commons/thumb/a/a9/Flag_of_the_Soviet_Union.svg/23px-Flag_of_the_Soviet_Union.svg.png,BMP-2(K),destroyed,https://postimg.cc/wydhNQq8,512,1387,834,74,448,31,2022-10-04T21:08:09Z
Infantry Fighting Vehicles,Russia,https://upload.wikimedia.org/wikipedia/commons/thumb/a/a9/Flag_of_the_Soviet_Union.svg/23px-Flag_of_the_Soviet_Union.svg.png,BMP-2(K),destroyed,https://i.postimg.cc/wjB5K0YL/1007-bmp1.jpg,512,1387,834,74,448,31,2022-10-04T21:08:09Z
Infantry Fighting Vehicles,Russia,https://upload.wikimedia.org/wikipedia/commons/thumb/a/a9/Flag_of_the_Soviet_Union.svg/23px-Flag_of_the_Soviet_Union.svg.png,BMP-2(K),destroyed,https://i.postimg.cc/0jPffPkQ/1001-bmp2.jpg,512,1387,834,74,448,31,2022-10-04T21:08:09Z
Infantry Fighting Vehicles,Russia,https://upload.wikimedia.org/wikipedia/commons/thumb/a/a9/Flag_of_the_Soviet_Union.svg/23px-Flag_of_the_Soviet_Union.svg.png,BMP-2(K),destroyed,https://twitter.com/UAWeapons/status/1566519627890544640,512,1387,834,74,448,31,2022-10-04T21:08:09Z
Infantry Fighting Vehicles,Russia,https://upload.wikimedia.org/wikipedia/commons/thumb/a/a9/Flag_of_the_Soviet_Union.svg/23px-Flag_of_the_Soviet_Union.svg.png,BMP-2(K),destroyed,https://i.postimg.cc/g0x3PDvQ/1004-bmd2-bmp2.jpg,512,1387,834,74,448,31,2022-10-04T21:08:09Z
Infantry Fighting Vehicles,Russia,https://upload.wikimedia.org/wikipedia/commons/thumb/a/a9/Flag_of_the_Soviet_Union.svg/23px-Flag_of_the_Soviet_Union.svg.png,BMP-2(K),destroyed,https://i.postimg.cc/nzL23s0h/1500-bmp2.jpg,512,1387,834,74,448,31,2022-10-04T21:08:09Z
Infantry Fighting Vehicles,Russia,https://upload.wikimedia.org/wikipedia/commons/thumb/a/a9/Flag_of_the_Soviet_Union.svg/23px-Flag_of_the_Soviet_Union.svg.png,BMP-2(K),destroyed,https://i.postimg.cc/3Rpj12LP/1501-bmp2.jpg,512,1387,834,74,448,31,2022-10-04T21:08:09Z
Infantry Fighting Vehicles,Russia,https://upload.wikimedia.org/wikipedia/commons/thumb/a/a9/Flag_of_the_Soviet_Union.svg/23px-Flag_of_the_Soviet_Union.svg.png,BMP-2(K),destroyed,https://i.postimg.cc/xCJX84pc/1010-bmp2-2x.jpg,512,1387,834,74,448,31,2022-10-04T21:08:09Z
Infantry Fighting Vehicles,Russia,https://upload.wikimedia.org/wikipedia/commons/thumb/a/a9/Flag_of_the_Soviet_Union.svg/23px-Flag_of_the_Soviet_Union.svg.png,BMP-2(K),destroyed,https://i.postimg.cc/xCJX84pc/1010-bmp2-2x.jpg,512,1387,834,74,448,31,2022-10-04T21:08:09Z
Infantry Fighting Vehicles,Russia,https://upload.wikimedia.org/wikipedia/commons/thumb/a/a9/Flag_of_the_Soviet_Union.svg/23px-Flag_of_the_Soviet_Union.svg.png,BMP-2(K),destroyed,https://i.postimg.cc/tgLXSCD4/1014-bmp2.jpg,512,1387,834,74,448,31,2022-10-04T21:08:09Z
Infantry Fighting Vehicles,Russia,https://upload.wikimedia.org/wikipedia/commons/thumb/a/a9/Flag_of_the_Soviet_Union.svg/23px-Flag_of_the_Soviet_Union.svg.png,BMP-2(K),destroyed,https://i.postimg.cc/nrF1xG2R/1031-bmp2.jpg,512,1387,834,74,448,31,2022-10-04T21:08:09Z
Infantry Fighting Vehicles,Russia,https://upload.wikimedia.org/wikipedia/commons/thumb/a/a9/Flag_of_the_Soviet_Union.svg/23px-Flag_of_the_Soviet_Union.svg.png,BMP-2(K),destroyed,https://twitter.com/UAWeapons/status/1567956407768547328,512,1387,834,74,448,31,2022-10-04T21:08:09Z
Infantry Fighting Vehicles,Russia,https://upload.wikimedia.org/wikipedia/commons/thumb/a/a9/Flag_of_the_Soviet_Union.svg/23px-Flag_of_the_Soviet_Union.svg.png,BMP-2(K),destroyed,https://i.postimg.cc/2SQQ6gM7/2022-09-14-BMP-2-2.jpg,512,1387,834,74,448,31,2022-10-04T21:08:09Z
Infantry Fighting Vehicles,Russia,https://upload.wikimedia.org/wikipedia/commons/thumb/a/a9/Flag_of_the_Soviet_Union.svg/23px-Flag_of_the_Soviet_Union.svg.png,BMP-2(K),destroyed,https://i.postimg.cc/P5sj3WPP/1001-bmp2.jpg,512,1387,834,74,448,31,2022-10-04T21:08:09Z
Infantry Fighting Vehicles,Russia,https://upload.wikimedia.org/wikipedia/commons/thumb/a/a9/Flag_of_the_Soviet_Union.svg/23px-Flag_of_the_Soviet_Union.svg.png,BMP-2(K),destroyed,https://i.postimg.cc/TPdLB7x0/1007-bmp2.jpg,512,1387,834,74,448,31,2022-10-04T21:08:09Z
Infantry Fighting Vehicles,Russia,https://upload.wikimedia.org/wikipedia/commons/thumb/a/a9/Flag_of_the_Soviet_Union.svg/23px-Flag_of_the_Soviet_Union.svg.png,BMP-2(K),destroyed,https://twitter.com/UAWeapons/status/1568966160808386560,512,1387,834,74,448,31,2022-10-04T21:08:09Z
Infantry Fighting Vehicles,Russia,https://upload.wikimedia.org/wikipedia/commons/thumb/a/a9/Flag_of_the_Soviet_Union.svg/23px-Flag_of_the_Soviet_Union.svg.png,BMP-2(K),destroyed,https://twitter.com/UAWeapons/status/1569042031971819520,512,1387,834,74,448,31,2022-10-04T21:08:09Z
Infantry Fighting Vehicles,Russia,https://upload.wikimedia.org/wikipedia/commons/thumb/a/a9/Flag_of_the_Soviet_Union.svg/23px-Flag_of_the_Soviet_Union.svg.png,BMP-2(K),destroyed,https://twitter.com/UAWeapons/status/1569335718853640195,512,1387,834,74,448,31,2022-10-04T21:08:09Z
Infantry Fighting Vehicles,Russia,https://upload.wikimedia.org/wikipedia/commons/thumb/a/a9/Flag_of_the_Soviet_Union.svg/23px-Flag_of_the_Soviet_Union.svg.png,BMP-2(K),destroyed,https://twitter.com/UAWeapons/status/1569295685689954305,512,1387,834,74,448,31,2022-10-04T21:08:09Z
Infantry Fighting Vehicles,Russia,https://upload.wikimedia.org/wikipedia/commons/thumb/a/a9/Flag_of_the_Soviet_Union.svg/23px-Flag_of_the_Soviet_Union.svg.png,BMP-2(K),destroyed,https://twitter.com/UAWeapons/status/1569739016995569664,512,1387,834,74,448,31,2022-10-04T21:08:09Z
Infantry Fighting Vehicles,Russia,https://upload.wikimedia.org/wikipedia/commons/thumb/a/a9/Flag_of_the_Soviet_Union.svg/23px-Flag_of_the_Soviet_Union.svg.png,BMP-2(K),destroyed,https://i.postimg.cc/xTzyBp0Q/185.png,512,1387,834,74,448,31,2022-10-04T21:08:09Z
Infantry Fighting Vehicles,Russia,https://upload.wikimedia.org/wikipedia/commons/thumb/a/a9/Flag_of_the_Soviet_Union.svg/23px-Flag_of_the_Soviet_Union.svg.png,BMP-2(K),destroyed,https://i.postimg.cc/xTzyBp0Q/185.png,512,1387,834,74,448,31,2022-10-04T21:08:09Z
Infantry Fighting Vehicles,Russia,https://upload.wikimedia.org/wikipedia/commons/thumb/a/a9/Flag_of_the_Soviet_Union.svg/23px-Flag_of_the_Soviet_Union.svg.png,BMP-2(K),destroyed,https://i.postimg.cc/hGgrL8RB/5414.png,512,1387,834,74,448,31,2022-10-04T21:08:09Z
Infantry Fighting Vehicles,Russia,https://upload.wikimedia.org/wikipedia/commons/thumb/a/a9/Flag_of_the_Soviet_Union.svg/23px-Flag_of_the_Soviet_Union.svg.png,BMP-2(K),destroyed,https://twitter.com/UAWeapons/status/1570165087465525248,512,1387,834,74,448,31,2022-10-04T21:08:09Z
Infantry Fighting Vehicles,Russia,https://upload.wikimedia.org/wikipedia/commons/thumb/a/a9/Flag_of_the_Soviet_Union.svg/23px-Flag_of_the_Soviet_Union.svg.png,BMP-2(K),destroyed,https://twitter.com/UAWeapons/status/1570165087465525248,512,1387,834,74,448,31,2022-10-04T21:08:09Z
Infantry Fighting Vehicles,Russia,https://upload.wikimedia.org/wikipedia/commons/thumb/a/a9/Flag_of_the_Soviet_Union.svg/23px-Flag_of_the_Soviet_Union.svg.png,BMP-2(K),destroyed,https://twitter.com/UAWeapons/status/1570165087465525248,512,1387,834,74,448,31,2022-10-04T21:08:09Z
Infantry Fighting Vehicles,Russia,https://upload.wikimedia.org/wikipedia/commons/thumb/a/a9/Flag_of_the_Soviet_Union.svg/23px-Flag_of_the_Soviet_Union.svg.png,BMP-2(K),destroyed,https://i.postimg.cc/nrqkK6Kk/1027-bmp2.jpg,512,1387,834,74,448,31,2022-10-04T21:08:09Z
Infantry Fighting Vehicles,Russia,https://upload.wikimedia.org/wikipedia/commons/thumb/a/a9/Flag_of_the_Soviet_Union.svg/23px-Flag_of_the_Soviet_Union.svg.png,BMP-2(K),destroyed,https://i.postimg.cc/Y2FbwWcW/1026-bmp2.jpg,512,1387,834,74,448,31,2022-10-04T21:08:09Z
Infantry Fighting Vehicles,Russia,https://upload.wikimedia.org/wikipedia/commons/thumb/a/a9/Flag_of_the_Soviet_Union.svg/23px-Flag_of_the_Soviet_Union.svg.png,BMP-2(K),destroyed,https://i.postimg.cc/SQ8kS5h2/1003-bmp3.jpg,512,1387,834,74,448,31,2022-10-04T21:08:09Z
Infantry Fighting Vehicles,Russia,https://upload.wikimedia.org/wikipedia/commons/thumb/a/a9/Flag_of_the_Soviet_Union.svg/23px-Flag_of_the_Soviet_Union.svg.png,BMP-2(K),destroyed,https://postimg.cc/9rysYvDZ,512,1387,834,74,448,31,2022-10-04T21:08:09Z
Infantry Fighting Vehicles,Russia,https://upload.wikimedia.org/wikipedia/commons/thumb/a/a9/Flag_of_the_Soviet_Union.svg/23px-Flag_of_the_Soviet_Union.svg.png,BMP-2(K),destroyed,https://i.postimg.cc/X7ZpR6s5/152725-deokupovana-Harkivshhyna-1355.jpg,512,1387,834,74,448,31,2022-10-04T21:08:09Z
Infantry Fighting Vehicles,Russia,https://upload.wikimedia.org/wikipedia/commons/thumb/a/a9/Flag_of_the_Soviet_Union.svg/23px-Flag_of_the_Soviet_Union.svg.png,BMP-2(K),destroyed,https://i.postimg.cc/FK5Py22V/2022-09-26-BMP-2.jpg,512,1387,834,74,448,31,2022-10-04T21:08:09Z
Infantry Fighting Vehicles,Russia,https://upload.wikimedia.org/wikipedia/commons/thumb/a/a9/Flag_of_the_Soviet_Union.svg/23px-Flag_of_the_Soviet_Union.svg.png,BMP-2(K),destroyed,https://i.postimg.cc/nrZw4cm1/2022-09-24-BMP-2.jpg,512,1387,834,74,448,31,2022-10-04T21:08:09Z
Infantry Fighting Vehicles,Russia,https://upload.wikimedia.org/wikipedia/commons/thumb/a/a9/Flag_of_the_Soviet_Union.svg/23px-Flag_of_the_Soviet_Union.svg.png,BMP-2(K),destroyed,https://i.postimg.cc/RF3X0mb1/2022-09-28-BMP-2.jpg,512,1387,834,74,448,31,2022-10-04T21:08:09Z
Infantry Fighting Vehicles,Russia,https://upload.wikimedia.org/wikipedia/commons/thumb/a/a9/Flag_of_the_Soviet_Union.svg/23px-Flag_of_the_Soviet_Union.svg.png,BMP-2(K),destroyed,https://i.postimg.cc/gjkMyd3t/1000-bmp2.jpg,512,1387,834,74,448,31,2022-10-04T21:08:09Z
Infantry Fighting Vehicles,Russia,https://upload.wikimedia.org/wikipedia/commons/thumb/a/a9/Flag_of_the_Soviet_Union.svg/23px-Flag_of_the_Soviet_Union.svg.png,BMP-2(K),destroyed,https://i.postimg.cc/3Rj6CnVN/1008-bmp2.jpg,512,1387,834,74,448,31,2022-10-04T21:08:09Z
Infantry Fighting Vehicles,Russia,https://upload.wikimedia.org/wikipedia/commons/thumb/a/a9/Flag_of_the_Soviet_Union.svg/23px-Flag_of_the_Soviet_Union.svg.png,BMP-2(K),destroyed,https://i.postimg.cc/SxLyysMM/1019-bmp2.jpg,512,1387,834,74,448,31,2022-10-04T21:08:09Z
Infantry Fighting Vehicles,Russia,https://upload.wikimedia.org/wikipedia/commons/thumb/a/a9/Flag_of_the_Soviet_Union.svg/23px-Flag_of_the_Soviet_Union.svg.png,BMP-2(K),destroyed,https://i.postimg.cc/4N3xshWn/1502-bmp2.jpg,512,1387,834,74,448,31,2022-10-04T21:08:09Z
Infantry Fighting Vehicles,Russia,https://upload.wikimedia.org/wikipedia/commons/thumb/a/a9/Flag_of_the_Soviet_Union.svg/23px-Flag_of_the_Soviet_Union.svg.png,BMP-2(K),destroyed,https://i.postimg.cc/L6XpDxNg/2022-09-27-BMP-2.jpg,512,1387,834,74,448,31,2022-10-04T21:08:09Z
Infantry Fighting Vehicles,Russia,https://upload.wikimedia.org/wikipedia/commons/thumb/a/a9/Flag_of_the_Soviet_Union.svg/23px-Flag_of_the_Soviet_Union.svg.png,BMP-2(K),destroyed,https://twitter.com/UAWeapons/status/1575874463387701248,512,1387,834,74,448,31,2022-10-04T21:08:09Z
Infantry Fighting Vehicles,Russia,https://upload.wikimedia.org/wikipedia/commons/thumb/a/a9/Flag_of_the_Soviet_Union.svg/23px-Flag_of_the_Soviet_Union.svg.png,BMP-2(K),destroyed,https://i.postimg.cc/6QvS9W3t/1500-bmp2-destr.jpg,512,1387,834,74,448,31,2022-10-04T21:08:09Z
Infantry Fighting Vehicles,Russia,https://upload.wikimedia.org/wikipedia/commons/thumb/a/a9/Flag_of_the_Soviet_Union.svg/23px-Flag_of_the_Soviet_Union.svg.png,BMP-2(K),destroyed,https://i.postimg.cc/D0TKVWd9/1012-bmp2.jpg,512,1387,834,74,448,31,2022-10-04T21:08:09Z
Infantry Fighting Vehicles,Russia,https://upload.wikimedia.org/wikipedia/commons/thumb/a/a9/Flag_of_the_Soviet_Union.svg/23px-Flag_of_the_Soviet_Union.svg.png,BMP-2(K),destroyed,https://i.postimg.cc/Qt6L7RTd/2022-09-23-BMP-2.jpg,512,1387,834,74,448,31,2022-10-04T21:08:09Z
Infantry Fighting Vehicles,Russia,https://upload.wikimedia.org/wikipedia/commons/thumb/a/a9/Flag_of_the_Soviet_Union.svg/23px-Flag_of_the_Soviet_Union.svg.png,BMP-2(K),destroyed,https://twitter.com/UAWeapons/status/1576291796639879168,512,1387,834,74,448,31,2022-10-04T21:08:09Z
Infantry Fighting Vehicles,Russia,https://upload.wikimedia.org/wikipedia/commons/thumb/a/a9/Flag_of_the_Soviet_Union.svg/23px-Flag_of_the_Soviet_Union.svg.png,BMP-2(K),destroyed,https://twitter.com/naalsio26/status/1576664189074305025,512,1387,834,74,448,31,2022-10-04T21:08:09Z
Infantry Fighting Vehicles,Russia,https://upload.wikimedia.org/wikipedia/commons/thumb/a/a9/Flag_of_the_Soviet_Union.svg/23px-Flag_of_the_Soviet_Union.svg.png,BMP-2(K),damaged,https://twitter.com/UAWeapons/status/1543979310171684864,512,1387,834,74,448,31,2022-10-04T21:08:09Z
Infantry Fighting Vehicles,Russia,https://upload.wikimedia.org/wikipedia/commons/thumb/a/a9/Flag_of_the_Soviet_Union.svg/23px-Flag_of_the_Soviet_Union.svg.png,BMP-2(K),damaged,https://i.postimg.cc/NLqKRCD1/g54.jpg,512,1387,834,74,448,31,2022-10-04T21:08:09Z
Infantry Fighting Vehicles,Russia,https://upload.wikimedia.org/wikipedia/commons/thumb/a/a9/Flag_of_the_Soviet_Union.svg/23px-Flag_of_the_Soviet_Union.svg.png,BMP-2(K),damaged,https://twitter.com/UAWeapons/status/1560014804869414916,512,1387,834,74,448,31,2022-10-04T21:08:09Z
Infantry Fighting Vehicles,Russia,https://upload.wikimedia.org/wikipedia/commons/thumb/a/a9/Flag_of_the_Soviet_Union.svg/23px-Flag_of_the_Soviet_Union.svg.png,BMP-2(K),damaged,https://twitter.com/Danspiun/status/1565338559099600896,512,1387,834,74,448,31,2022-10-04T21:08:09Z
Infantry Fighting Vehicles,Russia,https://upload.wikimedia.org/wikipedia/commons/thumb/a/a9/Flag_of_the_Soviet_Union.svg/23px-Flag_of_the_Soviet_Union.svg.png,BMP-2(K),damaged,https://i.postimg.cc/90PmvbJk/1007-bmp2.jpg,512,1387,834,74,448,31,2022-10-04T21:08:09Z
Infantry Fighting Vehicles,Russia,https://upload.wikimedia.org/wikipedia/commons/thumb/a/a9/Flag_of_the_Soviet_Union.svg/23px-Flag_of_the_Soviet_Union.svg.png,BMP-2(K),damaged,https://twitter.com/UAWeapons/status/1571499575663370241,512,1387,834,74,448,31,2022-10-04T21:08:09Z
Infantry Fighting Vehicles,Russia,https://upload.wikimedia.org/wikipedia/commons/thumb/a/a9/Flag_of_the_Soviet_Union.svg/23px-Flag_of_the_Soviet_Union.svg.png,BMP-2(K),damaged,https://twitter.com/Blue_Sauron/status/1572514821471608832,512,1387,834,74,448,31,2022-10-04T21:08:09Z
Infantry Fighting Vehicles,Russia,https://upload.wikimedia.org/wikipedia/commons/thumb/a/a9/Flag_of_the_Soviet_Union.svg/23px-Flag_of_the_Soviet_Union.svg.png,BMP-2(K),damaged,https://twitter.com/UAWeapons/status/1576153130751827969,512,1387,834,74,448,31,2022-10-04T21:08:09Z
Infantry Fighting Vehicles,Russia,https://upload.wikimedia.org/wikipedia/commons/thumb/a/a9/Flag_of_the_Soviet_Union.svg/23px-Flag_of_the_Soviet_Union.svg.png,BMP-2(K),abandoned,https://i.postimg.cc/XYyYKfsy/Screenshot-8236.png,512,1387,834,74,448,31,2022-10-04T21:08:09Z
Infantry Fighting Vehicles,Russia,https://upload.wikimedia.org/wikipedia/commons/thumb/a/a9/Flag_of_the_Soviet_Union.svg/23px-Flag_of_the_Soviet_Union.svg.png,BMP-2(K),abandoned,https://i.postimg.cc/XYyYKfsy/Screenshot-8236.png,512,1387,834,74,448,31,2022-10-04T21:08:09Z
Infantry Fighting Vehicles,Russia,https://upload.wikimedia.org/wikipedia/commons/thumb/a/a9/Flag_of_the_Soviet_Union.svg/23px-Flag_of_the_Soviet_Union.svg.png,BMP-2(K),abandoned,https://i.postimg.cc/2jX5hmCS/u1.jpg,512,1387,834,74,448,31,2022-10-04T21:08:09Z
Infantry Fighting Vehicles,Russia,https://upload.wikimedia.org/wikipedia/commons/thumb/a/a9/Flag_of_the_Soviet_Union.svg/23px-Flag_of_the_Soviet_Union.svg.png,BMP-2(K),abandoned,https://postlmg.cc/XXqxFmgP,512,1387,834,74,448,31,2022-10-04T21:08:09Z
Infantry Fighting Vehicles,Russia,https://upload.wikimedia.org/wikipedia/commons/thumb/a/a9/Flag_of_the_Soviet_Union.svg/23px-Flag_of_the_Soviet_Union.svg.png,BMP-2(K),abandoned,https://i.postimg.cc/G38ZY9w0/1003-bmp2-damaged-abandoned.jpg,512,1387,834,74,448,31,2022-10-04T21:08:09Z
Infantry Fighting Vehicles,Russia,https://upload.wikimedia.org/wikipedia/commons/thumb/a/a9/Flag_of_the_Soviet_Union.svg/23px-Flag_of_the_Soviet_Union.svg.png,BMP-2(K),abandoned,https://i.postimg.cc/DznHJRJz/r2.jpg,512,1387,834,74,448,31,2022-10-04T21:08:09Z
Infantry Fighting Vehicles,Russia,https://upload.wikimedia.org/wikipedia/commons/thumb/a/a9/Flag_of_the_Soviet_Union.svg/23px-Flag_of_the_Soviet_Union.svg.png,BMP-2(K),abandoned,https://i.postimg.cc/DznHJRJz/r2.jpg,512,1387,834,74,448,31,2022-10-04T21:08:09Z
Infantry Fighting Vehicles,Russia,https://upload.wikimedia.org/wikipedia/commons/thumb/a/a9/Flag_of_the_Soviet_Union.svg/23px-Flag_of_the_Soviet_Union.svg.png,BMP-2(K),abandoned,https://i.postimg.cc/zBg2tRx0/436.png,512,1387,834,74,448,31,2022-10-04T21:08:09Z
Infantry Fighting Vehicles,Russia,https://upload.wikimedia.org/wikipedia/commons/thumb/a/a9/Flag_of_the_Soviet_Union.svg/23px-Flag_of_the_Soviet_Union.svg.png,BMP-2(K),abandoned,https://i.postimg.cc/rF84w7J1/fsl.png,512,1387,834,74,448,31,2022-10-04T21:08:09Z
Infantry Fighting Vehicles,Russia,https://upload.wikimedia.org/wikipedia/commons/thumb/a/a9/Flag_of_the_Soviet_Union.svg/23px-Flag_of_the_Soviet_Union.svg.png,BMP-2(K),abandoned,https://twitter.com/UAWeapons/status/1536726507061751808,512,1387,834,74,448,31,2022-10-04T21:08:09Z
Infantry Fighting Vehicles,Russia,https://upload.wikimedia.org/wikipedia/commons/thumb/a/a9/Flag_of_the_Soviet_Union.svg/23px-Flag_of_the_Soviet_Union.svg.png,BMP-2(K),abandoned,https://i.postimg.cc/vBy9TRg0/77699.png,512,1387,834,74,448,31,2022-10-04T21:08:09Z
Infantry Fighting Vehicles,Russia,https://upload.wikimedia.org/wikipedia/commons/thumb/a/a9/Flag_of_the_Soviet_Union.svg/23px-Flag_of_the_Soviet_Union.svg.png,BMP-2(K),abandoned,https://i.postimg.cc/W342ytqB/bmp2aban.png,512,1387,834,74,448,31,2022-10-04T21:08:09Z
Infantry Fighting Vehicles,Russia,https://upload.wikimedia.org/wikipedia/commons/thumb/a/a9/Flag_of_the_Soviet_Union.svg/23px-Flag_of_the_Soviet_Union.svg.png,BMP-2(K),abandoned,https://i.postimg.cc/yYm1frDk/54.jpg,512,1387,834,74,448,31,2022-10-04T21:08:09Z
Infantry Fighting Vehicles,Russia,https://upload.wikimedia.org/wikipedia/commons/thumb/a/a9/Flag_of_the_Soviet_Union.svg/23px-Flag_of_the_Soviet_Union.svg.png,BMP-2(K),abandoned,https://i.postimg.cc/MGjDbM6t/abanbmp2.jpg,512,1387,834,74,448,31,2022-10-04T21:08:09Z
Infantry Fighting Vehicles,Russia,https://upload.wikimedia.org/wikipedia/commons/thumb/a/a9/Flag_of_the_Soviet_Union.svg/23px-Flag_of_the_Soviet_Union.svg.png,BMP-2(K),abandoned,https://i.postimg.cc/QxwSBJsV/bmp.jpg,512,1387,834,74,448,31,2022-10-04T21:08:09Z
Infantry Fighting Vehicles,Russia,https://upload.wikimedia.org/wikipedia/commons/thumb/a/a9/Flag_of_the_Soviet_Union.svg/23px-Flag_of_the_Soviet_Union.svg.png,BMP-2(K),abandoned,https://i.postimg.cc/7hwWdnTr/ab10.png,512,1387,834,74,448,31,2022-10-04T21:08:09Z
Infantry Fighting Vehicles,Russia,https://upload.wikimedia.org/wikipedia/commons/thumb/a/a9/Flag_of_the_Soviet_Union.svg/23px-Flag_of_the_Soviet_Union.svg.png,BMP-2(K),abandoned,https://i.postimg.cc/j5V9Qbx5/ab9.png,512,1387,834,74,448,31,2022-10-04T21:08:09Z
Infantry Fighting Vehicles,Russia,https://upload.wikimedia.org/wikipedia/commons/thumb/a/a9/Flag_of_the_Soviet_Union.svg/23px-Flag_of_the_Soviet_Union.svg.png,BMP-2(K),abandoned,https://i.postimg.cc/5NY2mGtq/u2.jpg,512,1387,834,74,448,31,2022-10-04T21:08:09Z
Infantry Fighting Vehicles,Russia,https://upload.wikimedia.org/wikipedia/commons/thumb/a/a9/Flag_of_the_Soviet_Union.svg/23px-Flag_of_the_Soviet_Union.svg.png,BMP-2(K),abandoned,https://i.postimg.cc/4N5xtm9S/b1.jpg,512,1387,834,74,448,31,2022-10-04T21:08:09Z
Infantry Fighting Vehicles,Russia,https://upload.wikimedia.org/wikipedia/commons/thumb/a/a9/Flag_of_the_Soviet_Union.svg/23px-Flag_of_the_Soviet_Union.svg.png,BMP-2(K),abandoned,https://i.postimg.cc/T16zGXFS/ab1.png,512,1387,834,74,448,31,2022-10-04T21:08:09Z
Infantry Fighting Vehicles,Russia,https://upload.wikimedia.org/wikipedia/commons/thumb/a/a9/Flag_of_the_Soviet_Union.svg/23px-Flag_of_the_Soviet_Union.svg.png,BMP-2(K),abandoned,https://i.postimg.cc/Jzn9RxY1/ab2.png,512,1387,834,74,448,31,2022-10-04T21:08:09Z
Infantry Fighting Vehicles,Russia,https://upload.wikimedia.org/wikipedia/commons/thumb/a/a9/Flag_of_the_Soviet_Union.svg/23px-Flag_of_the_Soviet_Union.svg.png,BMP-2(K),abandoned,https://i.postimg.cc/BQzv1YB0/Screenshot-8238.png,512,1387,834,74,448,31,2022-10-04T21:08:09Z
Infantry Fighting Vehicles,Russia,https://upload.wikimedia.org/wikipedia/commons/thumb/a/a9/Flag_of_the_Soviet_Union.svg/23px-Flag_of_the_Soviet_Union.svg.png,BMP-2(K),abandoned,https://i.postimg.cc/0yhrvYcw/1031-bmp2.jpg,512,1387,834,74,448,31,2022-10-04T21:08:09Z
Infantry Fighting Vehicles,Russia,https://upload.wikimedia.org/wikipedia/commons/thumb/a/a9/Flag_of_the_Soviet_Union.svg/23px-Flag_of_the_Soviet_Union.svg.png,BMP-2(K),abandoned,https://i.postimg.cc/MGgQyPNn/ff22.png,512,1387,834,74,448,31,2022-10-04T21:08:09Z
Infantry Fighting Vehicles,Russia,https://upload.wikimedia.org/wikipedia/commons/thumb/a/a9/Flag_of_the_Soviet_Union.svg/23px-Flag_of_the_Soviet_Union.svg.png,BMP-2(K),abandoned,https://i.postimg.cc/RFcYgDhT/ab11.png,512,1387,834,74,448,31,2022-10-04T21:08:09Z
Infantry Fighting Vehicles,Russia,https://upload.wikimedia.org/wikipedia/commons/thumb/a/a9/Flag_of_the_Soviet_Union.svg/23px-Flag_of_the_Soviet_Union.svg.png,BMP-2(K),abandoned,https://i.postimg.cc/RFcYgDhT/ab11.png,512,1387,834,74,448,31,2022-10-04T21:08:09Z
Infantry Fighting Vehicles,Russia,https://upload.wikimedia.org/wikipedia/commons/thumb/a/a9/Flag_of_the_Soviet_Union.svg/23px-Flag_of_the_Soviet_Union.svg.png,BMP-2(K),abandoned,https://i.postimg.cc/RZVFPVYR/465.png,512,1387,834,74,448,31,2022-10-04T21:08:09Z
Infantry Fighting Vehicles,Russia,https://upload.wikimedia.org/wikipedia/commons/thumb/a/a9/Flag_of_the_Soviet_Union.svg/23px-Flag_of_the_Soviet_Union.svg.png,BMP-2(K),abandoned,https://i.postimg.cc/vmzFcYFS/4311.png,512,1387,834,74,448,31,2022-10-04T21:08:09Z
Infantry Fighting Vehicles,Russia,https://upload.wikimedia.org/wikipedia/commons/thumb/a/a9/Flag_of_the_Soviet_Union.svg/23px-Flag_of_the_Soviet_Union.svg.png,BMP-2(K),abandoned,https://i.postimg.cc/4d30wt1k/r1.jpg,512,1387,834,74,448,31,2022-10-04T21:08:09Z
Infantry Fighting Vehicles,Russia,https://upload.wikimedia.org/wikipedia/commons/thumb/a/a9/Flag_of_the_Soviet_Union.svg/23px-Flag_of_the_Soviet_Union.svg.png,BMP-2(K),abandoned,https://i.postimg.cc/15MCpgJd/3r5.png,512,1387,834,74,448,31,2022-10-04T21:08:09Z
Infantry Fighting Vehicles,Russia,https://upload.wikimedia.org/wikipedia/commons/thumb/a/a9/Flag_of_the_Soviet_Union.svg/23px-Flag_of_the_Soviet_Union.svg.png,BMP-2(K),abandoned,https://i.postimg.cc/15MCpgJd/3r5.png,512,1387,834,74,448,31,2022-10-04T21:08:09Z
Infantry Fighting Vehicles,Russia,https://upload.wikimedia.org/wikipedia/commons/thumb/a/a9/Flag_of_the_Soviet_Union.svg/23px-Flag_of_the_Soviet_Union.svg.png,BMP-2(K),abandoned,https://i.postimg.cc/DwqTZzsJ/aa5.jpg,512,1387,834,74,448,31,2022-10-04T21:08:09Z
Infantry Fighting Vehicles,Russia,https://upload.wikimedia.org/wikipedia/commons/thumb/a/a9/Flag_of_the_Soviet_Union.svg/23px-Flag_of_the_Soviet_Union.svg.png,BMP-2(K),abandoned,https://i.postimg.cc/MGTLkhhC/655.jpg,512,1387,834,74,448,31,2022-10-04T21:08:09Z
Infantry Fighting Vehicles,Russia,https://upload.wikimedia.org/wikipedia/commons/thumb/a/a9/Flag_of_the_Soviet_Union.svg/23px-Flag_of_the_Soviet_Union.svg.png,BMP-2(K),abandoned,https://i.postimg.cc/MHv6Bc4t/366.jpg,512,1387,834,74,448,31,2022-10-04T21:08:09Z
Infantry Fighting Vehicles,Russia,https://upload.wikimedia.org/wikipedia/commons/thumb/a/a9/Flag_of_the_Soviet_Union.svg/23px-Flag_of_the_Soviet_Union.svg.png,BMP-2(K),abandoned,https://i.postimg.cc/G2kXxmxm/1017-bmp2.jpg,512,1387,834,74,448,31,2022-10-04T21:08:09Z
Infantry Fighting Vehicles,Russia,https://upload.wikimedia.org/wikipedia/commons/thumb/a/a9/Flag_of_the_Soviet_Union.svg/23px-Flag_of_the_Soviet_Union.svg.png,BMP-2(K),damaged,https://i.postimg.cc/4nCw32NC/43133.png,512,1387,834,74,448,31,2022-10-04T21:08:09Z
Infantry Fighting Vehicles,Russia,https://upload.wikimedia.org/wikipedia/commons/thumb/a/a9/Flag_of_the_Soviet_Union.svg/23px-Flag_of_the_Soviet_Union.svg.png,BMP-2(K),damaged,https://i.postimg.cc/MpqBBJ4S/bmp22222222222222.jpg,512,1387,834,74,448,31,2022-10-04T21:08:09Z
Infantry Fighting Vehicles,Russia,https://upload.wikimedia.org/wikipedia/commons/thumb/a/a9/Flag_of_the_Soviet_Union.svg/23px-Flag_of_the_Soviet_Union.svg.png,BMP-2(K),damaged,https://i.postimg.cc/3x5FhZtV/bmmp2.jpg,512,1387,834,74,448,31,2022-10-04T21:08:09Z
Infantry Fighting Vehicles,Russia,https://upload.wikimedia.org/wikipedia/commons/thumb/a/a9/Flag_of_the_Soviet_Union.svg/23px-Flag_of_the_Soviet_Union.svg.png,BMP-2(K),damaged,https://twitter.com/UAWeapons/status/1527761851441881089,512,1387,834,74,448,31,2022-10-04T21:08:09Z
Infantry Fighting Vehicles,Russia,https://upload.wikimedia.org/wikipedia/commons/thumb/a/a9/Flag_of_the_Soviet_Union.svg/23px-Flag_of_the_Soviet_Union.svg.png,BMP-2(K),damaged,https://i.postimg.cc/q7PzsbP6/1012.jpg,512,1387,834,74,448,31,2022-10-04T21:08:09Z
Infantry Fighting Vehicles,Russia,https://upload.wikimedia.org/wikipedia/commons/thumb/a/a9/Flag_of_the_Soviet_Union.svg/23px-Flag_of_the_Soviet_Union.svg.png,BMP-2(K),damaged,https://i.postimg.cc/RhxT6Pz9/663.png,512,1387,834,74,448,31,2022-10-04T21:08:09Z
Infantry Fighting Vehicles,Russia,https://upload.wikimedia.org/wikipedia/commons/thumb/a/a9/Flag_of_the_Soviet_Union.svg/23px-Flag_of_the_Soviet_Union.svg.png,BMP-2(K),damaged,https://i.postimg.cc/y80rBVY6/469.png,512,1387,834,74,448,31,2022-10-04T21:08:09Z
Infantry Fighting Vehicles,Russia,https://upload.wikimedia.org/wikipedia/commons/thumb/a/a9/Flag_of_the_Soviet_Union.svg/23px-Flag_of_the_Soviet_Union.svg.png,BMP-2(K),captured,https://i.postimg.cc/mg4BymXV/1036-bmp2.jpg,512,1387,834,74,448,31,2022-10-04T21:08:09Z
Infantry Fighting Vehicles,Russia,https://upload.wikimedia.org/wikipedia/commons/thumb/a/a9/Flag_of_the_Soviet_Union.svg/23px-Flag_of_the_Soviet_Union.svg.png,BMP-2(K),captured,https://i.postimg.cc/SQDwxS89/25.jpg,512,1387,834,74,448,31,2022-10-04T21:08:09Z
Infantry Fighting Vehicles,Russia,https://upload.wikimedia.org/wikipedia/commons/thumb/a/a9/Flag_of_the_Soviet_Union.svg/23px-Flag_of_the_Soviet_Union.svg.png,BMP-2(K),captured,https://i.postimg.cc/mgfNxnjn/21.jpg,512,1387,834,74,448,31,2022-10-04T21:08:09Z
Infantry Fighting Vehicles,Russia,https://upload.wikimedia.org/wikipedia/commons/thumb/a/a9/Flag_of_the_Soviet_Union.svg/23px-Flag_of_the_Soviet_Union.svg.png,BMP-2(K),captured,https://i.postimg.cc/RFkLTCPg/47.png,512,1387,834,74,448,31,2022-10-04T21:08:09Z
Infantry Fighting Vehicles,Russia,https://upload.wikimedia.org/wikipedia/commons/thumb/a/a9/Flag_of_the_Soviet_Union.svg/23px-Flag_of_the_Soviet_Union.svg.png,BMP-2(K),captured,https://i.postimg.cc/fRK9ddR5/b316bmp2.png,512,1387,834,74,448,31,2022-10-04T21:08:09Z
Infantry Fighting Vehicles,Russia,https://upload.wikimedia.org/wikipedia/commons/thumb/a/a9/Flag_of_the_Soviet_Union.svg/23px-Flag_of_the_Soviet_Union.svg.png,BMP-2(K),captured,https://i.postimg.cc/hvfDVh3C/ff9.jpg,512,1387,834,74,448,31,2022-10-04T21:08:09Z
Infantry Fighting Vehicles,Russia,https://upload.wikimedia.org/wikipedia/commons/thumb/a/a9/Flag_of_the_Soviet_Union.svg/23px-Flag_of_the_Soviet_Union.svg.png,BMP-2(K),captured,https://i.postimg.cc/cJBfnqWr/676.jpg,512,1387,834,74,448,31,2022-10-04T21:08:09Z
Infantry Fighting Vehicles,Russia,https://upload.wikimedia.org/wikipedia/commons/thumb/a/a9/Flag_of_the_Soviet_Union.svg/23px-Flag_of_the_Soviet_Union.svg.png,BMP-2(K),captured,https://i.postimg.cc/NGzVhDzJ/bmp2222.png,512,1387,834,74,448,31,2022-10-04T21:08:09Z
Infantry Fighting Vehicles,Russia,https://upload.wikimedia.org/wikipedia/commons/thumb/a/a9/Flag_of_the_Soviet_Union.svg/23px-Flag_of_the_Soviet_Union.svg.png,BMP-2(K),damaged,https://i.postimg.cc/858BR3qV/1170-bmp2.jpg,512,1387,834,74,448,31,2022-10-04T21:08:09Z
Infantry Fighting Vehicles,Russia,https://upload.wikimedia.org/wikipedia/commons/thumb/a/a9/Flag_of_the_Soviet_Union.svg/23px-Flag_of_the_Soviet_Union.svg.png,BMP-2(K),captured,https://i.postimg.cc/j2mkzqf0/BMP22.png,512,1387,834,74,448,31,2022-10-04T21:08:09Z
Infantry Fighting Vehicles,Russia,https://upload.wikimedia.org/wikipedia/commons/thumb/a/a9/Flag_of_the_Soviet_Union.svg/23px-Flag_of_the_Soviet_Union.svg.png,BMP-2(K),captured,https://i.postimg.cc/26HtS785/bbmmmpp222.jpg,512,1387,834,74,448,31,2022-10-04T21:08:09Z
Infantry Fighting Vehicles,Russia,https://upload.wikimedia.org/wikipedia/commons/thumb/a/a9/Flag_of_the_Soviet_Union.svg/23px-Flag_of_the_Soviet_Union.svg.png,BMP-2(K),captured,https://i.postimg.cc/x1VhM1QC/321.png,512,1387,834,74,448,31,2022-10-04T21:08:09Z
Infantry Fighting Vehicles,Russia,https://upload.wikimedia.org/wikipedia/commons/thumb/a/a9/Flag_of_the_Soviet_Union.svg/23px-Flag_of_the_Soviet_Union.svg.png,BMP-2(K),captured,https://i.postimg.cc/NMGVtztV/bmmpp2222.jpg,512,1387,834,74,448,31,2022-10-04T21:08:09Z
Infantry Fighting Vehicles,Russia,https://upload.wikimedia.org/wikipedia/commons/thumb/a/a9/Flag_of_the_Soviet_Union.svg/23px-Flag_of_the_Soviet_Union.svg.png,BMP-2(K),captured,https://i.postimg.cc/j5T64qPp/b5.jpg,512,1387,834,74,448,31,2022-10-04T21:08:09Z
Infantry Fighting Vehicles,Russia,https://upload.wikimedia.org/wikipedia/commons/thumb/a/a9/Flag_of_the_Soviet_Union.svg/23px-Flag_of_the_Soviet_Union.svg.png,BMP-2(K),captured,https://i.postimg.cc/DygqQynD/bmppp2.jpg,512,1387,834,74,448,31,2022-10-04T21:08:09Z
Infantry Fighting Vehicles,Russia,https://upload.wikimedia.org/wikipedia/commons/thumb/a/a9/Flag_of_the_Soviet_Union.svg/23px-Flag_of_the_Soviet_Union.svg.png,BMP-2(K),captured,https://postimg.cc/F7dqnk1v,512,1387,834,74,448,31,2022-10-04T21:08:09Z
Infantry Fighting Vehicles,Russia,https://upload.wikimedia.org/wikipedia/commons/thumb/a/a9/Flag_of_the_Soviet_Union.svg/23px-Flag_of_the_Soviet_Union.svg.png,BMP-2(K),captured,https://i.postimg.cc/CMfVLKCb/47h.png,512,1387,834,74,448,31,2022-10-04T21:08:09Z
Infantry Fighting Vehicles,Russia,https://upload.wikimedia.org/wikipedia/commons/thumb/a/a9/Flag_of_the_Soviet_Union.svg/23px-Flag_of_the_Soviet_Union.svg.png,BMP-2(K),captured,https://i.postimg.cc/hPrZSFY9/4g.png,512,1387,834,74,448,31,2022-10-04T21:08:09Z
Infantry Fighting Vehicles,Russia,https://upload.wikimedia.org/wikipedia/commons/thumb/a/a9/Flag_of_the_Soviet_Union.svg/23px-Flag_of_the_Soviet_Union.svg.png,BMP-2(K),captured,https://i.postimg.cc/bJgr4w9Y/7798.jpg,512,1387,834,74,448,31,2022-10-04T21:08:09Z
Infantry Fighting Vehicles,Russia,https://upload.wikimedia.org/wikipedia/commons/thumb/a/a9/Flag_of_the_Soviet_Union.svg/23px-Flag_of_the_Soviet_Union.svg.png,BMP-2(K),captured,https://i.postimg.cc/RV5GgxsP/4315.jpg,512,1387,834,74,448,31,2022-10-04T21:08:09Z
Infantry Fighting Vehicles,Russia,https://upload.wikimedia.org/wikipedia/commons/thumb/a/a9/Flag_of_the_Soviet_Union.svg/23px-Flag_of_the_Soviet_Union.svg.png,BMP-2(K),captured,https://i.postimg.cc/SN3dXB97/bmp22.jpg,512,1387,834,74,448,31,2022-10-04T21:08:09Z
Infantry Fighting Vehicles,Russia,https://upload.wikimedia.org/wikipedia/commons/thumb/a/a9/Flag_of_the_Soviet_Union.svg/23px-Flag_of_the_Soviet_Union.svg.png,BMP-2(K),captured,https://i.postimg.cc/zvvMssWV/221.jpg,512,1387,834,74,448,31,2022-10-04T21:08:09Z
Infantry Fighting Vehicles,Russia,https://upload.wikimedia.org/wikipedia/commons/thumb/a/a9/Flag_of_the_Soviet_Union.svg/23px-Flag_of_the_Soviet_Union.svg.png,BMP-2(K),captured,https://i.postimg.cc/9FFBKywz/5444.jpg,512,1387,834,74,448,31,2022-10-04T21:08:09Z
Infantry Fighting Vehicles,Russia,https://upload.wikimedia.org/wikipedia/commons/thumb/a/a9/Flag_of_the_Soviet_Union.svg/23px-Flag_of_the_Soviet_Union.svg.png,BMP-2(K),captured,https://i.postimg.cc/6QtcmZXP/1006-bmp2-capt.jpg,512,1387,834,74,448,31,2022-10-04T21:08:09Z
Infantry Fighting Vehicles,Russia,https://upload.wikimedia.org/wikipedia/commons/thumb/a/a9/Flag_of_the_Soviet_Union.svg/23px-Flag_of_the_Soviet_Union.svg.png,BMP-2(K),captured,https://i.postimg.cc/hjwj83TY/3329.jpg,512,1387,834,74,448,31,2022-10-04T21:08:09Z
Infantry Fighting Vehicles,Russia,https://upload.wikimedia.org/wikipedia/commons/thumb/a/a9/Flag_of_the_Soviet_Union.svg/23px-Flag_of_the_Soviet_Union.svg.png,BMP-2(K),captured,https://i.postimg.cc/SR9cJBwd/c3.jpg,512,1387,834,74,448,31,2022-10-04T21:08:09Z
Infantry Fighting Vehicles,Russia,https://upload.wikimedia.org/wikipedia/commons/thumb/a/a9/Flag_of_the_Soviet_Union.svg/23px-Flag_of_the_Soviet_Union.svg.png,BMP-2(K),captured,https://i.postimg.cc/nM8Y2FvN/44f.jpg,512,1387,834,74,448,31,2022-10-04T21:08:09Z
Infantry Fighting Vehicles,Russia,https://upload.wikimedia.org/wikipedia/commons/thumb/a/a9/Flag_of_the_Soviet_Union.svg/23px-Flag_of_the_Soviet_Union.svg.png,BMP-2(K),captured,https://i.postimg.cc/pX5ybwBC/v2.jpg,512,1387,834,74,448,31,2022-10-04T21:08:09Z
Infantry Fighting Vehicles,Russia,https://upload.wikimedia.org/wikipedia/commons/thumb/a/a9/Flag_of_the_Soviet_Union.svg/23px-Flag_of_the_Soviet_Union.svg.png,BMP-2(K),captured,https://i.postimg.cc/wBPTB1rR/d21.jpg,512,1387,834,74,448,31,2022-10-04T21:08:09Z
Infantry Fighting Vehicles,Russia,https://upload.wikimedia.org/wikipedia/commons/thumb/a/a9/Flag_of_the_Soviet_Union.svg/23px-Flag_of_the_Soviet_Union.svg.png,BMP-2(K),captured,https://i.postimg.cc/sggyDf2R/fss.jpg,512,1387,834,74,448,31,2022-10-04T21:08:09Z
Infantry Fighting Vehicles,Russia,https://upload.wikimedia.org/wikipedia/commons/thumb/a/a9/Flag_of_the_Soviet_Union.svg/23px-Flag_of_the_Soviet_Union.svg.png,BMP-2(K),captured,https://i.postimg.cc/k5fP00Cg/65.jpg,512,1387,834,74,448,31,2022-10-04T21:08:09Z
Infantry Fighting Vehicles,Russia,https://upload.wikimedia.org/wikipedia/commons/thumb/a/a9/Flag_of_the_Soviet_Union.svg/23px-Flag_of_the_Soviet_Union.svg.png,BMP-2(K),captured,https://i.postimg.cc/RZsTRqcz/766.jpg,512,1387,834,74,448,31,2022-10-04T21:08:09Z
Infantry Fighting Vehicles,Russia,https://upload.wikimedia.org/wikipedia/commons/thumb/a/a9/Flag_of_the_Soviet_Union.svg/23px-Flag_of_the_Soviet_Union.svg.png,BMP-2(K),captured,https://i.postimg.cc/ZqNWKLX9/j88.jpg,512,1387,834,74,448,31,2022-10-04T21:08:09Z
Infantry Fighting Vehicles,Russia,https://upload.wikimedia.org/wikipedia/commons/thumb/a/a9/Flag_of_the_Soviet_Union.svg/23px-Flag_of_the_Soviet_Union.svg.png,BMP-2(K),captured,https://i.postimg.cc/tgBqdBfm/776.jpg,512,1387,834,74,448,31,2022-10-04T21:08:09Z
Infantry Fighting Vehicles,Russia,https://upload.wikimedia.org/wikipedia/commons/thumb/a/a9/Flag_of_the_Soviet_Union.svg/23px-Flag_of_the_Soviet_Union.svg.png,BMP-2(K),captured,https://i.postimg.cc/sDb7rVKc/87.jpg,512,1387,834,74,448,31,2022-10-04T21:08:09Z
Infantry Fighting Vehicles,Russia,https://upload.wikimedia.org/wikipedia/commons/thumb/a/a9/Flag_of_the_Soviet_Union.svg/23px-Flag_of_the_Soviet_Union.svg.png,BMP-2(K),captured,https://i.postimg.cc/wxZ1QZMS/43f.png,512,1387,834,74,448,31,2022-10-04T21:08:09Z
Infantry Fighting Vehicles,Russia,https://upload.wikimedia.org/wikipedia/commons/thumb/a/a9/Flag_of_the_Soviet_Union.svg/23px-Flag_of_the_Soviet_Union.svg.png,BMP-2(K),captured,https://i.postimg.cc/MHGqg8rP/h65.png,512,1387,834,74,448,31,2022-10-04T21:08:09Z
Infantry Fighting Vehicles,Russia,https://upload.wikimedia.org/wikipedia/commons/thumb/a/a9/Flag_of_the_Soviet_Union.svg/23px-Flag_of_the_Soviet_Union.svg.png,BMP-2(K),captured,https://i.postimg.cc/Kcp6dLyH/1002-BMP-2.png,512,1387,834,74,448,31,2022-10-04T21:08:09Z
Infantry Fighting Vehicles,Russia,https://upload.wikimedia.org/wikipedia/commons/thumb/a/a9/Flag_of_the_Soviet_Union.svg/23px-Flag_of_the_Soviet_Union.svg.png,BMP-2(K),captured,https://i.postimg.cc/T1HJcX0f/776.png,512,1387,834,74,448,31,2022-10-04T21:08:09Z
Infantry Fighting Vehicles,Russia,https://upload.wikimedia.org/wikipedia/commons/thumb/a/a9/Flag_of_the_Soviet_Union.svg/23px-Flag_of_the_Soviet_Union.svg.png,BMP-2(K),captured,https://twitter.com/UAWeapons/status/1543285590979903489,512,1387,834,74,448,31,2022-10-04T21:08:09Z
Infantry Fighting Vehicles,Russia,https://upload.wikimedia.org/wikipedia/commons/thumb/a/a9/Flag_of_the_Soviet_Union.svg/23px-Flag_of_the_Soviet_Union.svg.png,BMP-2(K),captured,https://i.postimg.cc/QtN7DcKC/559.png,512,1387,834,74,448,31,2022-10-04T21:08:09Z
Infantry Fighting Vehicles,Russia,https://upload.wikimedia.org/wikipedia/commons/thumb/a/a9/Flag_of_the_Soviet_Union.svg/23px-Flag_of_the_Soviet_Union.svg.png,BMP-2(K),captured,https://i.postimg.cc/Zn38wp9q/680.png,512,1387,834,74,448,31,2022-10-04T21:08:09Z
Infantry Fighting Vehicles,Russia,https://upload.wikimedia.org/wikipedia/commons/thumb/a/a9/Flag_of_the_Soviet_Union.svg/23px-Flag_of_the_Soviet_Union.svg.png,BMP-2(K),captured,https://i.postimg.cc/WpWpDmYd/1035.jpg,512,1387,834,74,448,31,2022-10-04T21:08:09Z
Infantry Fighting Vehicles,Russia,https://upload.wikimedia.org/wikipedia/commons/thumb/a/a9/Flag_of_the_Soviet_Union.svg/23px-Flag_of_the_Soviet_Union.svg.png,BMP-2(K),captured,https://i.postimg.cc/Kjw7JqNY/4fh.png,512,1387,834,74,448,31,2022-10-04T21:08:09Z
Infantry Fighting Vehicles,Russia,https://upload.wikimedia.org/wikipedia/commons/thumb/a/a9/Flag_of_the_Soviet_Union.svg/23px-Flag_of_the_Soviet_Union.svg.png,BMP-2(K),captured,https://i.postimg.cc/YqnQ7fv3/324.png,512,1387,834,74,448,31,2022-10-04T21:08:09Z
Infantry Fighting Vehicles,Russia,https://upload.wikimedia.org/wikipedia/commons/thumb/a/a9/Flag_of_the_Soviet_Union.svg/23px-Flag_of_the_Soviet_Union.svg.png,BMP-2(K),captured,https://i.postimg.cc/0jqDtvcH/y6.png,512,1387,834,74,448,31,2022-10-04T21:08:09Z
Infantry Fighting Vehicles,Russia,https://upload.wikimedia.org/wikipedia/commons/thumb/a/a9/Flag_of_the_Soviet_Union.svg/23px-Flag_of_the_Soviet_Union.svg.png,BMP-2(K),captured,https://i.postimg.cc/Gpj4tR0j/g45.png,512,1387,834,74,448,31,2022-10-04T21:08:09Z
Infantry Fighting Vehicles,Russia,https://upload.wikimedia.org/wikipedia/commons/thumb/a/a9/Flag_of_the_Soviet_Union.svg/23px-Flag_of_the_Soviet_Union.svg.png,BMP-2(K),captured,https://i.postimg.cc/zDWm7gjd/5g8.png,512,1387,834,74,448,31,2022-10-04T21:08:09Z
Infantry Fighting Vehicles,Russia,https://upload.wikimedia.org/wikipedia/commons/thumb/a/a9/Flag_of_the_Soviet_Union.svg/23px-Flag_of_the_Soviet_Union.svg.png,BMP-2(K),captured,https://i.postimg.cc/R0xn75Sp/d130.png,512,1387,834,74,448,31,2022-10-04T21:08:09Z
Infantry Fighting Vehicles,Russia,https://upload.wikimedia.org/wikipedia/commons/thumb/a/a9/Flag_of_the_Soviet_Union.svg/23px-Flag_of_the_Soviet_Union.svg.png,BMP-2(K),captured,https://i.postimg.cc/DfsyWCT2/558.png,512,1387,834,74,448,31,2022-10-04T21:08:09Z
Infantry Fighting Vehicles,Russia,https://upload.wikimedia.org/wikipedia/commons/thumb/a/a9/Flag_of_the_Soviet_Union.svg/23px-Flag_of_the_Soviet_Union.svg.png,BMP-2(K),captured,https://twitter.com/UAWeapons/status/1545124224095977473,512,1387,834,74,448,31,2022-10-04T21:08:09Z
Infantry Fighting Vehicles,Russia,https://upload.wikimedia.org/wikipedia/commons/thumb/a/a9/Flag_of_the_Soviet_Union.svg/23px-Flag_of_the_Soviet_Union.svg.png,BMP-2(K),captured,https://twitter.com/UAWeapons/status/1533783291618279424,512,1387,834,74,448,31,2022-10-04T21:08:09Z
Infantry Fighting Vehicles,Russia,https://upload.wikimedia.org/wikipedia/commons/thumb/a/a9/Flag_of_the_Soviet_Union.svg/23px-Flag_of_the_Soviet_Union.svg.png,BMP-2(K),captured,https://twitter.com/UAWeapons/status/1548761196542689280,512,1387,834,74,448,31,2022-10-04T21:08:09Z
Infantry Fighting Vehicles,Russia,https://upload.wikimedia.org/wikipedia/commons/thumb/a/a9/Flag_of_the_Soviet_Union.svg/23px-Flag_of_the_Soviet_Union.svg.png,BMP-2(K),captured,https://i.postimg.cc/nLhQZ8jN/1019.jpg,512,1387,834,74,448,31,2022-10-04T21:08:09Z
Infantry Fighting Vehicles,Russia,https://upload.wikimedia.org/wikipedia/commons/thumb/a/a9/Flag_of_the_Soviet_Union.svg/23px-Flag_of_the_Soviet_Union.svg.png,BMP-2(K),captured,https://i.postimg.cc/rFNcNHSz/1005.jpg,512,1387,834,74,448,31,2022-10-04T21:08:09Z
Infantry Fighting Vehicles,Russia,https://upload.wikimedia.org/wikipedia/commons/thumb/a/a9/Flag_of_the_Soviet_Union.svg/23px-Flag_of_the_Soviet_Union.svg.png,BMP-2(K),captured,https://i.postimg.cc/zBkr0pBS/1006.jpg,512,1387,834,74,448,31,2022-10-04T21:08:09Z
Infantry Fighting Vehicles,Russia,https://upload.wikimedia.org/wikipedia/commons/thumb/a/a9/Flag_of_the_Soviet_Union.svg/23px-Flag_of_the_Soviet_Union.svg.png,BMP-2(K),captured,https://i.postimg.cc/KY8cWFwf/5800.png,512,1387,834,74,448,31,2022-10-04T21:08:09Z
Infantry Fighting Vehicles,Russia,https://upload.wikimedia.org/wikipedia/commons/thumb/a/a9/Flag_of_the_Soviet_Union.svg/23px-Flag_of_the_Soviet_Union.svg.png,BMP-2(K),captured,https://i.postimg.cc/tJ0ZVgRD/6662.jpg,512,1387,834,74,448,31,2022-10-04T21:08:09Z
Infantry Fighting Vehicles,Russia,https://upload.wikimedia.org/wikipedia/commons/thumb/a/a9/Flag_of_the_Soviet_Union.svg/23px-Flag_of_the_Soviet_Union.svg.png,BMP-2(K),captured,https://i.postimg.cc/pVZrGVkh/Screenshot-9012.png,512,1387,834,74,448,31,2022-10-04T21:08:09Z
Infantry Fighting Vehicles,Russia,https://upload.wikimedia.org/wikipedia/commons/thumb/a/a9/Flag_of_the_Soviet_Union.svg/23px-Flag_of_the_Soviet_Union.svg.png,BMP-2(K),captured,https://i.postimg.cc/J7y2rWCq/1001.jpg,512,1387,834,74,448,31,2022-10-04T21:08:09Z
Infantry Fighting Vehicles,Russia,https://upload.wikimedia.org/wikipedia/commons/thumb/a/a9/Flag_of_the_Soviet_Union.svg/23px-Flag_of_the_Soviet_Union.svg.png,BMP-2(K),captured,https://i.postimg.cc/D0F4Kdkp/1d.png,512,1387,834,74,448,31,2022-10-04T21:08:09Z
Infantry Fighting Vehicles,Russia,https://upload.wikimedia.org/wikipedia/commons/thumb/a/a9/Flag_of_the_Soviet_Union.svg/23px-Flag_of_the_Soviet_Union.svg.png,BMP-2(K),captured,https://i.postimg.cc/3rL56r3h/65h.jpg,512,1387,834,74,448,31,2022-10-04T21:08:09Z
Infantry Fighting Vehicles,Russia,https://upload.wikimedia.org/wikipedia/commons/thumb/a/a9/Flag_of_the_Soviet_Union.svg/23px-Flag_of_the_Soviet_Union.svg.png,BMP-2(K),captured,https://i.postimg.cc/QtzzhVSs/3212.png,512,1387,834,74,448,31,2022-10-04T21:08:09Z
Infantry Fighting Vehicles,Russia,https://upload.wikimedia.org/wikipedia/commons/thumb/a/a9/Flag_of_the_Soviet_Union.svg/23px-Flag_of_the_Soviet_Union.svg.png,BMP-2(K),captured,https://i.postimg.cc/gcXCN37v/367.png,512,1387,834,74,448,31,2022-10-04T21:08:09Z
Infantry Fighting Vehicles,Russia,https://upload.wikimedia.org/wikipedia/commons/thumb/a/a9/Flag_of_the_Soviet_Union.svg/23px-Flag_of_the_Soviet_Union.svg.png,BMP-2(K),captured,https://i.postimg.cc/jjHkGMmr/1004-bmp2.jpg,512,1387,834,74,448,31,2022-10-04T21:08:09Z
Infantry Fighting Vehicles,Russia,https://upload.wikimedia.org/wikipedia/commons/thumb/a/a9/Flag_of_the_Soviet_Union.svg/23px-Flag_of_the_Soviet_Union.svg.png,BMP-2(K),captured,https://i.postimg.cc/dQy18GgD/b1.png,512,1387,834,74,448,31,2022-10-04T21:08:09Z
Infantry Fighting Vehicles,Russia,https://upload.wikimedia.org/wikipedia/commons/thumb/a/a9/Flag_of_the_Soviet_Union.svg/23px-Flag_of_the_Soviet_Union.svg.png,BMP-2(K),captured,https://twitter.com/UAWeapons/status/1562820655862599683,512,1387,834,74,448,31,2022-10-04T21:08:09Z
Infantry Fighting Vehicles,Russia,https://upload.wikimedia.org/wikipedia/commons/thumb/a/a9/Flag_of_the_Soviet_Union.svg/23px-Flag_of_the_Soviet_Union.svg.png,BMP-2(K),captured,https://twitter.com/UAWeapons/status/1562820655862599683,512,1387,834,74,448,31,2022-10-04T21:08:09Z
Infantry Fighting Vehicles,Russia,https://upload.wikimedia.org/wikipedia/commons/thumb/a/a9/Flag_of_the_Soviet_Union.svg/23px-Flag_of_the_Soviet_Union.svg.png,BMP-2(K),captured,https://i.postimg.cc/j53xY9qG/1004-bmp2.jpg,512,1387,834,74,448,31,2022-10-04T21:08:09Z
Infantry Fighting Vehicles,Russia,https://upload.wikimedia.org/wikipedia/commons/thumb/a/a9/Flag_of_the_Soviet_Union.svg/23px-Flag_of_the_Soviet_Union.svg.png,BMP-2(K),captured,https://twitter.com/Danspiun/status/1563617152309297153,512,1387,834,74,448,31,2022-10-04T21:08:09Z
Infantry Fighting Vehicles,Russia,https://upload.wikimedia.org/wikipedia/commons/thumb/a/a9/Flag_of_the_Soviet_Union.svg/23px-Flag_of_the_Soviet_Union.svg.png,BMP-2(K),captured,https://i.postimg.cc/qM4Xwpmm/1008-bmp2.jpg,512,1387,834,74,448,31,2022-10-04T21:08:09Z
Infantry Fighting Vehicles,Russia,https://upload.wikimedia.org/wikipedia/commons/thumb/a/a9/Flag_of_the_Soviet_Union.svg/23px-Flag_of_the_Soviet_Union.svg.png,BMP-2(K),captured,https://i.postimg.cc/9fnnKPMd/1002-bmp2.jpg,512,1387,834,74,448,31,2022-10-04T21:08:09Z
Infantry Fighting Vehicles,Russia,https://upload.wikimedia.org/wikipedia/commons/thumb/a/a9/Flag_of_the_Soviet_Union.svg/23px-Flag_of_the_Soviet_Union.svg.png,BMP-2(K),captured,https://twitter.com/UAWeapons/status/1566029127773200387,512,1387,834,74,448,31,2022-10-04T21:08:09Z
Infantry Fighting Vehicles,Russia,https://upload.wikimedia.org/wikipedia/commons/thumb/a/a9/Flag_of_the_Soviet_Union.svg/23px-Flag_of_the_Soviet_Union.svg.png,BMP-2(K),captured,https://twitter.com/UAWeapons/status/1566036414084546560,512,1387,834,74,448,31,2022-10-04T21:08:09Z
Infantry Fighting Vehicles,Russia,https://upload.wikimedia.org/wikipedia/commons/thumb/a/a9/Flag_of_the_Soviet_Union.svg/23px-Flag_of_the_Soviet_Union.svg.png,BMP-2(K),captured,https://twitter.com/UAWeapons/status/1566036414084546560,512,1387,834,74,448,31,2022-10-04T21:08:09Z
Infantry Fighting Vehicles,Russia,https://upload.wikimedia.org/wikipedia/commons/thumb/a/a9/Flag_of_the_Soviet_Union.svg/23px-Flag_of_the_Soviet_Union.svg.png,BMP-2(K),damaged,https://twitter.com/UAWeapons/status/1566915724031008769,512,1387,834,74,448,31,2022-10-04T21:08:09Z
Infantry Fighting Vehicles,Russia,https://upload.wikimedia.org/wikipedia/commons/thumb/a/a9/Flag_of_the_Soviet_Union.svg/23px-Flag_of_the_Soviet_Union.svg.png,BMP-2(K),captured,https://twitter.com/UAWeapons/status/1567468458580889600,512,1387,834,74,448,31,2022-10-04T21:08:09Z
Infantry Fighting Vehicles,Russia,https://upload.wikimedia.org/wikipedia/commons/thumb/a/a9/Flag_of_the_Soviet_Union.svg/23px-Flag_of_the_Soviet_Union.svg.png,BMP-2(K),captured,https://i.postimg.cc/bwK10C3n/1037-bmp2.jpg,512,1387,834,74,448,31,2022-10-04T21:08:09Z
Infantry Fighting Vehicles,Russia,https://upload.wikimedia.org/wikipedia/commons/thumb/a/a9/Flag_of_the_Soviet_Union.svg/23px-Flag_of_the_Soviet_Union.svg.png,BMP-2(K),damaged,https://twitter.com/UAWeapons/status/1567956407768547328,512,1387,834,74,448,31,2022-10-04T21:08:09Z
Infantry Fighting Vehicles,Russia,https://upload.wikimedia.org/wikipedia/commons/thumb/a/a9/Flag_of_the_Soviet_Union.svg/23px-Flag_of_the_Soviet_Union.svg.png,BMP-2(K),captured,https://i.postimg.cc/mgXJn4Np/1003-bmp2.jpg,512,1387,834,74,448,31,2022-10-04T21:08:09Z
Infantry Fighting Vehicles,Russia,https://upload.wikimedia.org/wikipedia/commons/thumb/a/a9/Flag_of_the_Soviet_Union.svg/23px-Flag_of_the_Soviet_Union.svg.png,BMP-2(K),captured,https://i.postimg.cc/2yr0697B/1013-bmp2.jpg,512,1387,834,74,448,31,2022-10-04T21:08:09Z
Infantry Fighting Vehicles,Russia,https://upload.wikimedia.org/wikipedia/commons/thumb/a/a9/Flag_of_the_Soviet_Union.svg/23px-Flag_of_the_Soviet_Union.svg.png,BMP-2(K),damaged,https://i.postimg.cc/GmKgzL7N/1020-bmp1-2.jpg,512,1387,834,74,448,31,2022-10-04T21:08:09Z
Infantry Fighting Vehicles,Russia,https://upload.wikimedia.org/wikipedia/commons/thumb/a/a9/Flag_of_the_Soviet_Union.svg/23px-Flag_of_the_Soviet_Union.svg.png,BMP-2(K),captured,https://i.postimg.cc/rssy7FFV/1012-bmp2.jpg,512,1387,834,74,448,31,2022-10-04T21:08:09Z
Infantry Fighting Vehicles,Russia,https://upload.wikimedia.org/wikipedia/commons/thumb/a/a9/Flag_of_the_Soviet_Union.svg/23px-Flag_of_the_Soviet_Union.svg.png,BMP-2(K),captured,https://i.postimg.cc/5NjCTH0P/1500.jpg,512,1387,834,74,448,31,2022-10-04T21:08:09Z
Infantry Fighting Vehicles,Russia,https://upload.wikimedia.org/wikipedia/commons/thumb/a/a9/Flag_of_the_Soviet_Union.svg/23px-Flag_of_the_Soviet_Union.svg.png,BMP-2(K),captured,https://i.postimg.cc/28BrWt1K/1015-bmp2.jpg,512,1387,834,74,448,31,2022-10-04T21:08:09Z
Infantry Fighting Vehicles,Russia,https://upload.wikimedia.org/wikipedia/commons/thumb/a/a9/Flag_of_the_Soviet_Union.svg/23px-Flag_of_the_Soviet_Union.svg.png,BMP-2(K),captured,https://twitter.com/UAWeapons/status/1568342410043826177,512,1387,834,74,448,31,2022-10-04T21:08:09Z
Infantry Fighting Vehicles,Russia,https://upload.wikimedia.org/wikipedia/commons/thumb/a/a9/Flag_of_the_Soviet_Union.svg/23px-Flag_of_the_Soviet_Union.svg.png,BMP-2(K),captured,https://i.postimg.cc/MHn95Nkv/1017-bmp2.jpg,512,1387,834,74,448,31,2022-10-04T21:08:09Z
Infantry Fighting Vehicles,Russia,https://upload.wikimedia.org/wikipedia/commons/thumb/a/a9/Flag_of_the_Soviet_Union.svg/23px-Flag_of_the_Soviet_Union.svg.png,BMP-2(K),captured,https://i.postimg.cc/6pGXWmGB/1020-bmp2.jpg,512,1387,834,74,448,31,2022-10-04T21:08:09Z
Infantry Fighting Vehicles,Russia,https://upload.wikimedia.org/wikipedia/commons/thumb/a/a9/Flag_of_the_Soviet_Union.svg/23px-Flag_of_the_Soviet_Union.svg.png,BMP-2(K),captured,https://i.postimg.cc/nzXwprB3/2022-09-25-BMP-2-Ural-4320.jpg,512,1387,834,74,448,31,2022-10-04T21:08:09Z
Infantry Fighting Vehicles,Russia,https://upload.wikimedia.org/wikipedia/commons/thumb/a/a9/Flag_of_the_Soviet_Union.svg/23px-Flag_of_the_Soviet_Union.svg.png,BMP-2(K),captured,https://i.postimg.cc/9FnyQgwf/1015-bmp2.jpg,512,1387,834,74,448,31,2022-10-04T21:08:09Z
Infantry Fighting Vehicles,Russia,https://upload.wikimedia.org/wikipedia/commons/thumb/a/a9/Flag_of_the_Soviet_Union.svg/23px-Flag_of_the_Soviet_Union.svg.png,BMP-2(K),captured,https://twitter.com/UAWeapons/status/1568899223139110913,512,1387,834,74,448,31,2022-10-04T21:08:09Z
Infantry Fighting Vehicles,Russia,https://upload.wikimedia.org/wikipedia/commons/thumb/a/a9/Flag_of_the_Soviet_Union.svg/23px-Flag_of_the_Soviet_Union.svg.png,BMP-2(K),captured,https://twitter.com/UAWeapons/status/1568899212976201728,512,1387,834,74,448,31,2022-10-04T21:08:09Z
Infantry Fighting Vehicles,Russia,https://upload.wikimedia.org/wikipedia/commons/thumb/a/a9/Flag_of_the_Soviet_Union.svg/23px-Flag_of_the_Soviet_Union.svg.png,BMP-2(K),captured,https://twitter.com/Danspiun/status/1570838412831363073,512,1387,834,74,448,31,2022-10-04T21:08:09Z
Infantry Fighting Vehicles,Russia,https://upload.wikimedia.org/wikipedia/commons/thumb/a/a9/Flag_of_the_Soviet_Union.svg/23px-Flag_of_the_Soviet_Union.svg.png,BMP-2(K),captured,https://i.postimg.cc/zBdymHxd/1011-bmp2.jpg,512,1387,834,74,448,31,2022-10-04T21:08:09Z
Infantry Fighting Vehicles,Russia,https://upload.wikimedia.org/wikipedia/commons/thumb/a/a9/Flag_of_the_Soviet_Union.svg/23px-Flag_of_the_Soviet_Union.svg.png,BMP-2(K),captured,https://twitter.com/UAWeapons/status/1568887483093422080,512,1387,834,74,448,31,2022-10-04T21:08:09Z
Infantry Fighting Vehicles,Russia,https://upload.wikimedia.org/wikipedia/commons/thumb/a/a9/Flag_of_the_Soviet_Union.svg/23px-Flag_of_the_Soviet_Union.svg.png,BMP-2(K),captured,https://twitter.com/UAWeapons/status/1568899257771384832,512,1387,834,74,448,31,2022-10-04T21:08:09Z
Infantry Fighting Vehicles,Russia,https://upload.wikimedia.org/wikipedia/commons/thumb/a/a9/Flag_of_the_Soviet_Union.svg/23px-Flag_of_the_Soviet_Union.svg.png,BMP-2(K),captured,https://twitter.com/UAWeapons/status/1568899257771384832,512,1387,834,74,448,31,2022-10-04T21:08:09Z
Infantry Fighting Vehicles,Russia,https://upload.wikimedia.org/wikipedia/commons/thumb/a/a9/Flag_of_the_Soviet_Union.svg/23px-Flag_of_the_Soviet_Union.svg.png,BMP-2(K),captured,https://twitter.com/UAWeapons/status/1568899257771384832,512,1387,834,74,448,31,2022-10-04T21:08:09Z
Infantry Fighting Vehicles,Russia,https://upload.wikimedia.org/wikipedia/commons/thumb/a/a9/Flag_of_the_Soviet_Union.svg/23px-Flag_of_the_Soviet_Union.svg.png,BMP-2(K),captured,https://twitter.com/UAWeapons/status/1568899257771384832,512,1387,834,74,448,31,2022-10-04T21:08:09Z
Infantry Fighting Vehicles,Russia,https://upload.wikimedia.org/wikipedia/commons/thumb/a/a9/Flag_of_the_Soviet_Union.svg/23px-Flag_of_the_Soviet_Union.svg.png,BMP-2(K),captured,https://twitter.com/UAWeapons/status/1568899257771384832,512,1387,834,74,448,31,2022-10-04T21:08:09Z
Infantry Fighting Vehicles,Russia,https://upload.wikimedia.org/wikipedia/commons/thumb/a/a9/Flag_of_the_Soviet_Union.svg/23px-Flag_of_the_Soviet_Union.svg.png,BMP-2(K),captured,https://twitter.com/UAWeapons/status/1568899257771384832,512,1387,834,74,448,31,2022-10-04T21:08:09Z
Infantry Fighting Vehicles,Russia,https://upload.wikimedia.org/wikipedia/commons/thumb/a/a9/Flag_of_the_Soviet_Union.svg/23px-Flag_of_the_Soviet_Union.svg.png,BMP-2(K),captured,https://twitter.com/UAWeapons/status/1568899257771384832,512,1387,834,74,448,31,2022-10-04T21:08:09Z
Infantry Fighting Vehicles,Russia,https://upload.wikimedia.org/wikipedia/commons/thumb/a/a9/Flag_of_the_Soviet_Union.svg/23px-Flag_of_the_Soviet_Union.svg.png,BMP-2(K),captured,https://twitter.com/UAWeapons/status/1568899233314381824,512,1387,834,74,448,31,2022-10-04T21:08:09Z
Infantry Fighting Vehicles,Russia,https://upload.wikimedia.org/wikipedia/commons/thumb/a/a9/Flag_of_the_Soviet_Union.svg/23px-Flag_of_the_Soviet_Union.svg.png,BMP-2(K),captured,https://twitter.com/UAWeapons/status/1568899233314381824,512,1387,834,74,448,31,2022-10-04T21:08:09Z
Infantry Fighting Vehicles,Russia,https://upload.wikimedia.org/wikipedia/commons/thumb/a/a9/Flag_of_the_Soviet_Union.svg/23px-Flag_of_the_Soviet_Union.svg.png,BMP-2(K),captured,https://twitter.com/UAWeapons/status/1568899233314381824,512,1387,834,74,448,31,2022-10-04T21:08:09Z
Infantry Fighting Vehicles,Russia,https://upload.wikimedia.org/wikipedia/commons/thumb/a/a9/Flag_of_the_Soviet_Union.svg/23px-Flag_of_the_Soviet_Union.svg.png,BMP-2(K),captured,https://twitter.com/UAWeapons/status/1569058662869516289,512,1387,834,74,448,31,2022-10-04T21:08:09Z
Infantry Fighting Vehicles,Russia,https://upload.wikimedia.org/wikipedia/commons/thumb/a/a9/Flag_of_the_Soviet_Union.svg/23px-Flag_of_the_Soviet_Union.svg.png,BMP-2(K),captured,https://twitter.com/UAWeapons/status/1569058662869516289,512,1387,834,74,448,31,2022-10-04T21:08:09Z
Infantry Fighting Vehicles,Russia,https://upload.wikimedia.org/wikipedia/commons/thumb/a/a9/Flag_of_the_Soviet_Union.svg/23px-Flag_of_the_Soviet_Union.svg.png,BMP-2(K),captured,https://twitter.com/UAWeapons/status/1569058662869516289,512,1387,834,74,448,31,2022-10-04T21:08:09Z
Infantry Fighting Vehicles,Russia,https://upload.wikimedia.org/wikipedia/commons/thumb/a/a9/Flag_of_the_Soviet_Union.svg/23px-Flag_of_the_Soviet_Union.svg.png,BMP-2(K),captured,https://twitter.com/UAWeapons/status/1569057880027832327,512,1387,834,74,448,31,2022-10-04T21:08:09Z
Infantry Fighting Vehicles,Russia,https://upload.wikimedia.org/wikipedia/commons/thumb/a/a9/Flag_of_the_Soviet_Union.svg/23px-Flag_of_the_Soviet_Union.svg.png,BMP-2(K),captured,https://twitter.com/UAWeapons/status/1571186606140268547,512,1387,834,74,448,31,2022-10-04T21:08:09Z
Infantry Fighting Vehicles,Russia,https://upload.wikimedia.org/wikipedia/commons/thumb/a/a9/Flag_of_the_Soviet_Union.svg/23px-Flag_of_the_Soviet_Union.svg.png,BMP-2(K),captured,https://twitter.com/UAWeapons/status/1569229421495701507,512,1387,834,74,448,31,2022-10-04T21:08:09Z
Infantry Fighting Vehicles,Russia,https://upload.wikimedia.org/wikipedia/commons/thumb/a/a9/Flag_of_the_Soviet_Union.svg/23px-Flag_of_the_Soviet_Union.svg.png,BMP-2(K),captured,https://twitter.com/UAWeapons/status/1569427484025946113,512,1387,834,74,448,31,2022-10-04T21:08:09Z
Infantry Fighting Vehicles,Russia,https://upload.wikimedia.org/wikipedia/commons/thumb/a/a9/Flag_of_the_Soviet_Union.svg/23px-Flag_of_the_Soviet_Union.svg.png,BMP-2(K),captured,https://twitter.com/UAWeapons/status/1569739016995569664,512,1387,834,74,448,31,2022-10-04T21:08:09Z
Infantry Fighting Vehicles,Russia,https://upload.wikimedia.org/wikipedia/commons/thumb/a/a9/Flag_of_the_Soviet_Union.svg/23px-Flag_of_the_Soviet_Union.svg.png,BMP-2(K),captured,https://twitter.com/UAWeapons/status/1569739016995569664,512,1387,834,74,448,31,2022-10-04T21:08:09Z
Infantry Fighting Vehicles,Russia,https://upload.wikimedia.org/wikipedia/commons/thumb/a/a9/Flag_of_the_Soviet_Union.svg/23px-Flag_of_the_Soviet_Union.svg.png,BMP-2(K),captured,https://i.postimg.cc/pX4j4wN6/1006-bmp2.jpg,512,1387,834,74,448,31,2022-10-04T21:08:09Z
Infantry Fighting Vehicles,Russia,https://upload.wikimedia.org/wikipedia/commons/thumb/a/a9/Flag_of_the_Soviet_Union.svg/23px-Flag_of_the_Soviet_Union.svg.png,BMP-2(K),captured,https://i.postimg.cc/pV0zY9sx/1007-bmp2.jpg,512,1387,834,74,448,31,2022-10-04T21:08:09Z
Infantry Fighting Vehicles,Russia,https://upload.wikimedia.org/wikipedia/commons/thumb/a/a9/Flag_of_the_Soviet_Union.svg/23px-Flag_of_the_Soviet_Union.svg.png,BMP-2(K),captured,https://i.postimg.cc/Qxsw5yYv/1012-bmp2.jpg,512,1387,834,74,448,31,2022-10-04T21:08:09Z
Infantry Fighting Vehicles,Russia,https://upload.wikimedia.org/wikipedia/commons/thumb/a/a9/Flag_of_the_Soviet_Union.svg/23px-Flag_of_the_Soviet_Union.svg.png,BMP-2(K),captured,https://i.postimg.cc/qBxQvjrj/1027-bmp2.jpg,512,1387,834,74,448,31,2022-10-04T21:08:09Z
Infantry Fighting Vehicles,Russia,https://upload.wikimedia.org/wikipedia/commons/thumb/a/a9/Flag_of_the_Soviet_Union.svg/23px-Flag_of_the_Soviet_Union.svg.png,BMP-2(K),captured,https://i.postimg.cc/htf0Mnd5/1028-bmp2.jpg,512,1387,834,74,448,31,2022-10-04T21:08:09Z
Infantry Fighting Vehicles,Russia,https://upload.wikimedia.org/wikipedia/commons/thumb/a/a9/Flag_of_the_Soviet_Union.svg/23px-Flag_of_the_Soviet_Union.svg.png,BMP-2(K),captured,https://i.postimg.cc/W36mtbBh/1029-bmp2.jpg,512,1387,834,74,448,31,2022-10-04T21:08:09Z
Infantry Fighting Vehicles,Russia,https://upload.wikimedia.org/wikipedia/commons/thumb/a/a9/Flag_of_the_Soviet_Union.svg/23px-Flag_of_the_Soviet_Union.svg.png,BMP-2(K),captured,https://i.postimg.cc/PqDQsMKb/1030-bmp2.jpg,512,1387,834,74,448,31,2022-10-04T21:08:09Z
Infantry Fighting Vehicles,Russia,https://upload.wikimedia.org/wikipedia/commons/thumb/a/a9/Flag_of_the_Soviet_Union.svg/23px-Flag_of_the_Soviet_Union.svg.png,BMP-2(K),captured,https://i.postimg.cc/NMw7grP3/1032-bmp2.jpg,512,1387,834,74,448,31,2022-10-04T21:08:09Z
Infantry Fighting Vehicles,Russia,https://upload.wikimedia.org/wikipedia/commons/thumb/a/a9/Flag_of_the_Soviet_Union.svg/23px-Flag_of_the_Soviet_Union.svg.png,BMP-2(K),captured,https://twitter.com/UAWeapons/status/1570057618961350656,512,1387,834,74,448,31,2022-10-04T21:08:09Z
Infantry Fighting Vehicles,Russia,https://upload.wikimedia.org/wikipedia/commons/thumb/a/a9/Flag_of_the_Soviet_Union.svg/23px-Flag_of_the_Soviet_Union.svg.png,BMP-2(K),captured,https://twitter.com/UAWeapons/status/1573697820699271168,512,1387,834,74,448,31,2022-10-04T21:08:09Z
Infantry Fighting Vehicles,Russia,https://upload.wikimedia.org/wikipedia/commons/thumb/a/a9/Flag_of_the_Soviet_Union.svg/23px-Flag_of_the_Soviet_Union.svg.png,BMP-2(K),captured,https://twitter.com/UAWeapons/status/1570137029349883904,512,1387,834,74,448,31,2022-10-04T21:08:09Z
Infantry Fighting Vehicles,Russia,https://upload.wikimedia.org/wikipedia/commons/thumb/a/a9/Flag_of_the_Soviet_Union.svg/23px-Flag_of_the_Soviet_Union.svg.png,BMP-2(K),destroyed,https://twitter.com/UAWeapons/status/1575165023735148545,512,1387,834,74,448,31,2022-10-04T21:08:09Z
Infantry Fighting Vehicles,Russia,https://upload.wikimedia.org/wikipedia/commons/thumb/a/a9/Flag_of_the_Soviet_Union.svg/23px-Flag_of_the_Soviet_Union.svg.png,BMP-2(K),captured,https://twitter.com/UAWeapons/status/1570152375238950912,512,1387,834,74,448,31,2022-10-04T21:08:09Z
Infantry Fighting Vehicles,Russia,https://upload.wikimedia.org/wikipedia/commons/thumb/a/a9/Flag_of_the_Soviet_Union.svg/23px-Flag_of_the_Soviet_Union.svg.png,BMP-2(K),captured,https://twitter.com/UAWeapons/status/1570152367915692033,512,1387,834,74,448,31,2022-10-04T21:08:09Z
Infantry Fighting Vehicles,Russia,https://upload.wikimedia.org/wikipedia/commons/thumb/a/a9/Flag_of_the_Soviet_Union.svg/23px-Flag_of_the_Soviet_Union.svg.png,BMP-2(K),captured,https://twitter.com/UAWeapons/status/1570152367915692033,512,1387,834,74,448,31,2022-10-04T21:08:09Z
Infantry Fighting Vehicles,Russia,https://upload.wikimedia.org/wikipedia/commons/thumb/a/a9/Flag_of_the_Soviet_Union.svg/23px-Flag_of_the_Soviet_Union.svg.png,BMP-2(K),captured,https://i.postimg.cc/Yq1nQmbH/1015-bmp2.jpg,512,1387,834,74,448,31,2022-10-04T21:08:09Z
Infantry Fighting Vehicles,Russia,https://upload.wikimedia.org/wikipedia/commons/thumb/a/a9/Flag_of_the_Soviet_Union.svg/23px-Flag_of_the_Soviet_Union.svg.png,BMP-2(K),captured,https://twitter.com/UAWeapons/status/1572308686349144066,512,1387,834,74,448,31,2022-10-04T21:08:09Z
Infantry Fighting Vehicles,Russia,https://upload.wikimedia.org/wikipedia/commons/thumb/a/a9/Flag_of_the_Soviet_Union.svg/23px-Flag_of_the_Soviet_Union.svg.png,BMP-2(K),captured,https://twitter.com/UAWeapons/status/1572308686349144066,512,1387,834,74,448,31,2022-10-04T21:08:09Z
Infantry Fighting Vehicles,Russia,https://upload.wikimedia.org/wikipedia/commons/thumb/a/a9/Flag_of_the_Soviet_Union.svg/23px-Flag_of_the_Soviet_Union.svg.png,BMP-2(K),captured,https://twitter.com/UAWeapons/status/1571071832530505728,512,1387,834,74,448,31,2022-10-04T21:08:09Z
Infantry Fighting Vehicles,Russia,https://upload.wikimedia.org/wikipedia/commons/thumb/a/a9/Flag_of_the_Soviet_Union.svg/23px-Flag_of_the_Soviet_Union.svg.png,BMP-2(K),captured,https://i.postimg.cc/MKdbZwwp/2022-09-13-BMP-2.png,512,1387,834,74,448,31,2022-10-04T21:08:09Z
Infantry Fighting Vehicles,Russia,https://upload.wikimedia.org/wikipedia/commons/thumb/a/a9/Flag_of_the_Soviet_Union.svg/23px-Flag_of_the_Soviet_Union.svg.png,BMP-2(K),captured,https://i.postimg.cc/tCyCh0gG/1008-brm-1k.jpg,512,1387,834,74,448,31,2022-10-04T21:08:09Z
Infantry Fighting Vehicles,Russia,https://upload.wikimedia.org/wikipedia/commons/thumb/a/a9/Flag_of_the_Soviet_Union.svg/23px-Flag_of_the_Soviet_Union.svg.png,BMP-2(K),captured,https://i.postimg.cc/wTHKhVfY/1005-bmp2.jpg,512,1387,834,74,448,31,2022-10-04T21:08:09Z
Infantry Fighting Vehicles,Russia,https://upload.wikimedia.org/wikipedia/commons/thumb/a/a9/Flag_of_the_Soviet_Union.svg/23px-Flag_of_the_Soviet_Union.svg.png,BMP-2(K),captured,https://i.postimg.cc/tCKxjXGx/1004-bmp2.jpg,512,1387,834,74,448,31,2022-10-04T21:08:09Z
Infantry Fighting Vehicles,Russia,https://upload.wikimedia.org/wikipedia/commons/thumb/a/a9/Flag_of_the_Soviet_Union.svg/23px-Flag_of_the_Soviet_Union.svg.png,BMP-2(K),captured,https://twitter.com/UAWeapons/status/1572155780698341376,512,1387,834,74,448,31,2022-10-04T21:08:09Z
Infantry Fighting Vehicles,Russia,https://upload.wikimedia.org/wikipedia/commons/thumb/a/a9/Flag_of_the_Soviet_Union.svg/23px-Flag_of_the_Soviet_Union.svg.png,BMP-2(K),captured,https://twitter.com/UAWeapons/status/1572505221187923969,512,1387,834,74,448,31,2022-10-04T21:08:09Z
Infantry Fighting Vehicles,Russia,https://upload.wikimedia.org/wikipedia/commons/thumb/a/a9/Flag_of_the_Soviet_Union.svg/23px-Flag_of_the_Soviet_Union.svg.png,BMP-2(K),captured,https://i.postimg.cc/N0Nh6sYX/1005-bmp2.jpg,512,1387,834,74,448,31,2022-10-04T21:08:09Z
Infantry Fighting Vehicles,Russia,https://upload.wikimedia.org/wikipedia/commons/thumb/a/a9/Flag_of_the_Soviet_Union.svg/23px-Flag_of_the_Soviet_Union.svg.png,BMP-2(K),captured,https://i.postimg.cc/85b4J6fC/2022-09-15-BMP-2.jpg,512,1387,834,74,448,31,2022-10-04T21:08:09Z
Infantry Fighting Vehicles,Russia,https://upload.wikimedia.org/wikipedia/commons/thumb/a/a9/Flag_of_the_Soviet_Union.svg/23px-Flag_of_the_Soviet_Union.svg.png,BMP-2(K),captured,https://i.postimg.cc/sgKJNxZt/2022-09-14-BMP-2.jpg,512,1387,834,74,448,31,2022-10-04T21:08:09Z
Infantry Fighting Vehicles,Russia,https://upload.wikimedia.org/wikipedia/commons/thumb/a/a9/Flag_of_the_Soviet_Union.svg/23px-Flag_of_the_Soviet_Union.svg.png,BMP-2(K),captured,https://twitter.com/UAWeapons/status/1572972291624951809,512,1387,834,74,448,31,2022-10-04T21:08:09Z
Infantry Fighting Vehicles,Russia,https://upload.wikimedia.org/wikipedia/commons/thumb/a/a9/Flag_of_the_Soviet_Union.svg/23px-Flag_of_the_Soviet_Union.svg.png,BMP-2(K),captured,https://twitter.com/UAWeapons/status/1572974126293286913,512,1387,834,74,448,31,2022-10-04T21:08:09Z
Infantry Fighting Vehicles,Russia,https://upload.wikimedia.org/wikipedia/commons/thumb/a/a9/Flag_of_the_Soviet_Union.svg/23px-Flag_of_the_Soviet_Union.svg.png,BMP-2(K),captured,https://twitter.com/UAWeapons/status/1572936489314426883,512,1387,834,74,448,31,2022-10-04T21:08:09Z
Infantry Fighting Vehicles,Russia,https://upload.wikimedia.org/wikipedia/commons/thumb/a/a9/Flag_of_the_Soviet_Union.svg/23px-Flag_of_the_Soviet_Union.svg.png,BMP-2(K),captured,https://twitter.com/UAWeapons/status/1572936489314426883,512,1387,834,74,448,31,2022-10-04T21:08:09Z
Infantry Fighting Vehicles,Russia,https://upload.wikimedia.org/wikipedia/commons/thumb/a/a9/Flag_of_the_Soviet_Union.svg/23px-Flag_of_the_Soviet_Union.svg.png,BMP-2(K),captured,https://twitter.com/UAWeapons/status/1572933469038317569,512,1387,834,74,448,31,2022-10-04T21:08:09Z
Infantry Fighting Vehicles,Russia,https://upload.wikimedia.org/wikipedia/commons/thumb/a/a9/Flag_of_the_Soviet_Union.svg/23px-Flag_of_the_Soviet_Union.svg.png,BMP-2(K),captured,https://i.postimg.cc/mg9JHPjW/2022-09-23-BMP-2.jpg,512,1387,834,74,448,31,2022-10-04T21:08:09Z
Infantry Fighting Vehicles,Russia,https://upload.wikimedia.org/wikipedia/commons/thumb/a/a9/Flag_of_the_Soviet_Union.svg/23px-Flag_of_the_Soviet_Union.svg.png,BMP-2(K),captured,https://twitter.com/UAWeapons/status/1574388532239425536,512,1387,834,74,448,31,2022-10-04T21:08:09Z
Infantry Fighting Vehicles,Russia,https://upload.wikimedia.org/wikipedia/commons/thumb/a/a9/Flag_of_the_Soviet_Union.svg/23px-Flag_of_the_Soviet_Union.svg.png,BMP-2(K),captured,https://postimg.cc/4778T5nz,512,1387,834,74,448,31,2022-10-04T21:08:09Z
Infantry Fighting Vehicles,Russia,https://upload.wikimedia.org/wikipedia/commons/thumb/a/a9/Flag_of_the_Soviet_Union.svg/23px-Flag_of_the_Soviet_Union.svg.png,BMP-2(K),captured,https://twitter.com/UAWeapons/status/1575037643632492544,512,1387,834,74,448,31,2022-10-04T21:08:09Z
Infantry Fighting Vehicles,Russia,https://upload.wikimedia.org/wikipedia/commons/thumb/a/a9/Flag_of_the_Soviet_Union.svg/23px-Flag_of_the_Soviet_Union.svg.png,BMP-2(K),captured,https://twitter.com/UAWeapons/status/1575166980000481281,512,1387,834,74,448,31,2022-10-04T21:08:09Z
Infantry Fighting Vehicles,Russia,https://upload.wikimedia.org/wikipedia/commons/thumb/a/a9/Flag_of_the_Soviet_Union.svg/23px-Flag_of_the_Soviet_Union.svg.png,BMP-2(K),captured,https://i.postimg.cc/ZYDFTmSB/1004-bm2-capt.jpg,512,1387,834,74,448,31,2022-10-04T21:08:09Z
Infantry Fighting Vehicles,Russia,https://upload.wikimedia.org/wikipedia/commons/thumb/a/a9/Flag_of_the_Soviet_Union.svg/23px-Flag_of_the_Soviet_Union.svg.png,BMP-2(K),captured,https://i.postimg.cc/Yqn9pRCJ/1004-bmp2-capt.jpg,512,1387,834,74,448,31,2022-10-04T21:08:09Z
Infantry Fighting Vehicles,Russia,https://upload.wikimedia.org/wikipedia/commons/thumb/a/a9/Flag_of_the_Soviet_Union.svg/23px-Flag_of_the_Soviet_Union.svg.png,BMP-2(K),captured,https://i.postimg.cc/vBhy081p/1009-bmp2-capt.jpg,512,1387,834,74,448,31,2022-10-04T21:08:09Z
Infantry Fighting Vehicles,Russia,https://upload.wikimedia.org/wikipedia/commons/thumb/a/a9/Flag_of_the_Soviet_Union.svg/23px-Flag_of_the_Soviet_Union.svg.png,BMP-2(K),captured,https://i.postimg.cc/bYMyQdx2/2022-09-11-BMP-2-UAZ-469.png,512,1387,834,74,448,31,2022-10-04T21:08:09Z
Infantry Fighting Vehicles,Russia,https://upload.wikimedia.org/wikipedia/commons/thumb/a/a9/Flag_of_the_Soviet_Union.svg/23px-Flag_of_the_Soviet_Union.svg.png,BMP-2(K),captured,https://i.postimg.cc/V5QP2rgG/2022-09-11-BMP-2-1.png,512,1387,834,74,448,31,2022-10-04T21:08:09Z
Infantry Fighting Vehicles,Russia,https://upload.wikimedia.org/wikipedia/commons/thumb/a/a9/Flag_of_the_Soviet_Union.svg/23px-Flag_of_the_Soviet_Union.svg.png,BMP-2(K),captured,https://twitter.com/UAWeapons/status/1576584782854893568,512,1387,834,74,448,31,2022-10-04T21:08:09Z
Infantry Fighting Vehicles,Russia,https://upload.wikimedia.org/wikipedia/commons/thumb/a/a9/Flag_of_the_Soviet_Union.svg/23px-Flag_of_the_Soviet_Union.svg.png,BMP-2(K),captured,https://i.postimg.cc/bJzqvNd7/1023-bmp2-capt.jpg,512,1387,834,74,448,31,2022-10-04T21:08:09Z
Infantry Fighting Vehicles,Russia,https://upload.wikimedia.org/wikipedia/commons/thumb/a/a9/Flag_of_the_Soviet_Union.svg/23px-Flag_of_the_Soviet_Union.svg.png,BMP-2(K),captured,https://i.postimg.cc/sXwsGdhv/1001-bmp2-capt.jpg,512,1387,834,74,448,31,2022-10-04T21:08:09Z
Infantry Fighting Vehicles,Russia,https://upload.wikimedia.org/wikipedia/en/thumb/f/f3/Flag_of_Russia.svg/23px-Flag_of_Russia.svg.png,BMP-2M,destroyed,https://twitter.com/UAWeapons/status/1569679556629467137,7,1387,834,74,448,31,2022-10-04T21:08:09Z
Infantry Fighting Vehicles,Russia,https://upload.wikimedia.org/wikipedia/en/thumb/f/f3/Flag_of_Russia.svg/23px-Flag_of_Russia.svg.png,BMP-2M,destroyed,https://i.postimg.cc/QM8BYJnd/1000-bmp2m-2x.jpg,7,1387,834,74,448,31,2022-10-04T21:08:09Z
Infantry Fighting Vehicles,Russia,https://upload.wikimedia.org/wikipedia/en/thumb/f/f3/Flag_of_Russia.svg/23px-Flag_of_Russia.svg.png,BMP-2M,destroyed,https://i.postimg.cc/QM8BYJnd/1000-bmp2m-2x.jpg,7,1387,834,74,448,31,2022-10-04T21:08:09Z
Infantry Fighting Vehicles,Russia,https://upload.wikimedia.org/wikipedia/en/thumb/f/f3/Flag_of_Russia.svg/23px-Flag_of_Russia.svg.png,BMP-2M,destroyed,https://twitter.com/UAWeapons/status/1575201856715821056,7,1387,834,74,448,31,2022-10-04T21:08:09Z
Infantry Fighting Vehicles,Russia,https://upload.wikimedia.org/wikipedia/en/thumb/f/f3/Flag_of_Russia.svg/23px-Flag_of_Russia.svg.png,BMP-2M,damaged,https://twitter.com/UAWeapons/status/1572504785693310978,7,1387,834,74,448,31,2022-10-04T21:08:09Z
Infantry Fighting Vehicles,Russia,https://upload.wikimedia.org/wikipedia/en/thumb/f/f3/Flag_of_Russia.svg/23px-Flag_of_Russia.svg.png,BMP-2M,captured,https://i.postimg.cc/hPqgtxcn/229.png,7,1387,834,74,448,31,2022-10-04T21:08:09Z
Infantry Fighting Vehicles,Russia,https://upload.wikimedia.org/wikipedia/en/thumb/f/f3/Flag_of_Russia.svg/23px-Flag_of_Russia.svg.png,BMP-2M,captured,https://twitter.com/UAWeapons/status/1575883289679667200,7,1387,834,74,448,31,2022-10-04T21:08:09Z
Infantry Fighting Vehicles,Russia,https://upload.wikimedia.org/wikipedia/en/thumb/f/f3/Flag_of_Russia.svg/23px-Flag_of_Russia.svg.png,BMP-2 675-sb3KDZ,captured,https://i.postimg.cc/rsJXQgr0/h66.jpg,1,1387,834,74,448,31,2022-10-04T21:08:09Z
Infantry Fighting Vehicles,Russia,https://upload.wikimedia.org/wikipedia/commons/thumb/a/a9/Flag_of_the_Soviet_Union.svg/23px-Flag_of_the_Soviet_Union.svg.png,Unknown BMP-1/2,destroyed,https://i.postimg.cc/kMkkHsRJ/ds.png,70,1387,834,74,448,31,2022-10-04T21:08:09Z
Infantry Fighting Vehicles,Russia,https://upload.wikimedia.org/wikipedia/commons/thumb/a/a9/Flag_of_the_Soviet_Union.svg/23px-Flag_of_the_Soviet_Union.svg.png,Unknown BMP-1/2,destroyed,https://twitter.com/UAWeapons/status/1503839555555889153,70,1387,834,74,448,31,2022-10-04T21:08:09Z
Infantry Fighting Vehicles,Russia,https://upload.wikimedia.org/wikipedia/commons/thumb/a/a9/Flag_of_the_Soviet_Union.svg/23px-Flag_of_the_Soviet_Union.svg.png,Unknown BMP-1/2,destroyed,https://twitter.com/RALee85/status/1552942531842871296,70,1387,834,74,448,31,2022-10-04T21:08:09Z
Infantry Fighting Vehicles,Russia,https://upload.wikimedia.org/wikipedia/commons/thumb/a/a9/Flag_of_the_Soviet_Union.svg/23px-Flag_of_the_Soviet_Union.svg.png,Unknown BMP-1/2,destroyed,https://twitter.com/UAWeapons/status/1554920074720559104,70,1387,834,74,448,31,2022-10-04T21:08:09Z
Infantry Fighting Vehicles,Russia,https://upload.wikimedia.org/wikipedia/commons/thumb/a/a9/Flag_of_the_Soviet_Union.svg/23px-Flag_of_the_Soviet_Union.svg.png,Unknown BMP-1/2,destroyed,https://i.postimg.cc/dt8Nrk8t/r33.png,70,1387,834,74,448,31,2022-10-04T21:08:09Z
Infantry Fighting Vehicles,Russia,https://upload.wikimedia.org/wikipedia/commons/thumb/a/a9/Flag_of_the_Soviet_Union.svg/23px-Flag_of_the_Soviet_Union.svg.png,Unknown BMP-1/2,destroyed,https://i.postimg.cc/8CxkwgGG/776.jpg,70,1387,834,74,448,31,2022-10-04T21:08:09Z
Infantry Fighting Vehicles,Russia,https://upload.wikimedia.org/wikipedia/commons/thumb/a/a9/Flag_of_the_Soviet_Union.svg/23px-Flag_of_the_Soviet_Union.svg.png,Unknown BMP-1/2,destroyed,https://i.postimg.cc/L6nFgHVP/433.png,70,1387,834,74,448,31,2022-10-04T21:08:09Z
Infantry Fighting Vehicles,Russia,https://upload.wikimedia.org/wikipedia/commons/thumb/a/a9/Flag_of_the_Soviet_Union.svg/23px-Flag_of_the_Soviet_Union.svg.png,Unknown BMP-1/2,destroyed,https://twitter.com/UAWeapons/status/1513937750566875148,70,1387,834,74,448,31,2022-10-04T21:08:09Z
Infantry Fighting Vehicles,Russia,https://upload.wikimedia.org/wikipedia/commons/thumb/a/a9/Flag_of_the_Soviet_Union.svg/23px-Flag_of_the_Soviet_Union.svg.png,Unknown BMP-1/2,destroyed,https://twitter.com/UAWeapons/status/1513599543723663370,70,1387,834,74,448,31,2022-10-04T21:08:09Z
Infantry Fighting Vehicles,Russia,https://upload.wikimedia.org/wikipedia/commons/thumb/a/a9/Flag_of_the_Soviet_Union.svg/23px-Flag_of_the_Soviet_Union.svg.png,Unknown BMP-1/2,destroyed,https://twitter.com/UAWeapons/status/1513599543723663370,70,1387,834,74,448,31,2022-10-04T21:08:09Z
Infantry Fighting Vehicles,Russia,https://upload.wikimedia.org/wikipedia/commons/thumb/a/a9/Flag_of_the_Soviet_Union.svg/23px-Flag_of_the_Soviet_Union.svg.png,Unknown BMP-1/2,destroyed,https://i.postimg.cc/TPKTjZ91/33.jpg,70,1387,834,74,448,31,2022-10-04T21:08:09Z
Infantry Fighting Vehicles,Russia,https://upload.wikimedia.org/wikipedia/commons/thumb/a/a9/Flag_of_the_Soviet_Union.svg/23px-Flag_of_the_Soviet_Union.svg.png,Unknown BMP-1/2,destroyed,https://twitter.com/UAWeapons/status/1518654644544802818,70,1387,834,74,448,31,2022-10-04T21:08:09Z
Infantry Fighting Vehicles,Russia,https://upload.wikimedia.org/wikipedia/commons/thumb/a/a9/Flag_of_the_Soviet_Union.svg/23px-Flag_of_the_Soviet_Union.svg.png,Unknown BMP-1/2,destroyed,https://i.postimg.cc/QMJ9vgwc/2d.png,70,1387,834,74,448,31,2022-10-04T21:08:09Z
Infantry Fighting Vehicles,Russia,https://upload.wikimedia.org/wikipedia/commons/thumb/a/a9/Flag_of_the_Soviet_Union.svg/23px-Flag_of_the_Soviet_Union.svg.png,Unknown BMP-1/2,destroyed,https://i.postimg.cc/sfcTzjyx/g5.jpg,70,1387,834,74,448,31,2022-10-04T21:08:09Z
Infantry Fighting Vehicles,Russia,https://upload.wikimedia.org/wikipedia/commons/thumb/a/a9/Flag_of_the_Soviet_Union.svg/23px-Flag_of_the_Soviet_Union.svg.png,Unknown BMP-1/2,destroyed,https://i.postimg.cc/Jh0nyFz9/44f.jpg,70,1387,834,74,448,31,2022-10-04T21:08:09Z
Infantry Fighting Vehicles,Russia,https://upload.wikimedia.org/wikipedia/commons/thumb/a/a9/Flag_of_the_Soviet_Union.svg/23px-Flag_of_the_Soviet_Union.svg.png,Unknown BMP-1/2,destroyed,https://twitter.com/UAWeapons/status/1528313148712833024,70,1387,834,74,448,31,2022-10-04T21:08:09Z
Infantry Fighting Vehicles,Russia,https://upload.wikimedia.org/wikipedia/commons/thumb/a/a9/Flag_of_the_Soviet_Union.svg/23px-Flag_of_the_Soviet_Union.svg.png,Unknown BMP-1/2,destroyed,https://twitter.com/UAWeapons/status/1527757923497168896,70,1387,834,74,448,31,2022-10-04T21:08:09Z
Infantry Fighting Vehicles,Russia,https://upload.wikimedia.org/wikipedia/commons/thumb/a/a9/Flag_of_the_Soviet_Union.svg/23px-Flag_of_the_Soviet_Union.svg.png,Unknown BMP-1/2,destroyed,https://twitter.com/UAWeapons/status/1527754511149936641,70,1387,834,74,448,31,2022-10-04T21:08:09Z
Infantry Fighting Vehicles,Russia,https://upload.wikimedia.org/wikipedia/commons/thumb/a/a9/Flag_of_the_Soviet_Union.svg/23px-Flag_of_the_Soviet_Union.svg.png,Unknown BMP-1/2,destroyed,https://twitter.com/UAWeapons/status/1527724630244564993,70,1387,834,74,448,31,2022-10-04T21:08:09Z
Infantry Fighting Vehicles,Russia,https://upload.wikimedia.org/wikipedia/commons/thumb/a/a9/Flag_of_the_Soviet_Union.svg/23px-Flag_of_the_Soviet_Union.svg.png,Unknown BMP-1/2,destroyed,https://twitter.com/UAWeapons/status/1527402108969951233,70,1387,834,74,448,31,2022-10-04T21:08:09Z
Infantry Fighting Vehicles,Russia,https://upload.wikimedia.org/wikipedia/commons/thumb/a/a9/Flag_of_the_Soviet_Union.svg/23px-Flag_of_the_Soviet_Union.svg.png,Unknown BMP-1/2,destroyed,https://twitter.com/UAWeapons/status/1527047154262474753,70,1387,834,74,448,31,2022-10-04T21:08:09Z
Infantry Fighting Vehicles,Russia,https://upload.wikimedia.org/wikipedia/commons/thumb/a/a9/Flag_of_the_Soviet_Union.svg/23px-Flag_of_the_Soviet_Union.svg.png,Unknown BMP-1/2,destroyed,https://twitter.com/UAWeapons/status/1528850834225782785,70,1387,834,74,448,31,2022-10-04T21:08:09Z
Infantry Fighting Vehicles,Russia,https://upload.wikimedia.org/wikipedia/commons/thumb/a/a9/Flag_of_the_Soviet_Union.svg/23px-Flag_of_the_Soviet_Union.svg.png,Unknown BMP-1/2,destroyed,https://i.postimg.cc/LX8DQRc9/4431.jpg,70,1387,834,74,448,31,2022-10-04T21:08:09Z
Infantry Fighting Vehicles,Russia,https://upload.wikimedia.org/wikipedia/commons/thumb/a/a9/Flag_of_the_Soviet_Union.svg/23px-Flag_of_the_Soviet_Union.svg.png,Unknown BMP-1/2,destroyed,https://i.postimg.cc/rm0MDRpr/32f.jpg,70,1387,834,74,448,31,2022-10-04T21:08:09Z
Infantry Fighting Vehicles,Russia,https://upload.wikimedia.org/wikipedia/commons/thumb/a/a9/Flag_of_the_Soviet_Union.svg/23px-Flag_of_the_Soviet_Union.svg.png,Unknown BMP-1/2,destroyed,https://twitter.com/RALee85/status/1530822005183983616,70,1387,834,74,448,31,2022-10-04T21:08:09Z
Infantry Fighting Vehicles,Russia,https://upload.wikimedia.org/wikipedia/commons/thumb/a/a9/Flag_of_the_Soviet_Union.svg/23px-Flag_of_the_Soviet_Union.svg.png,Unknown BMP-1/2,destroyed,https://twitter.com/UAWeapons/status/1531369866061664256,70,1387,834,74,448,31,2022-10-04T21:08:09Z
Infantry Fighting Vehicles,Russia,https://upload.wikimedia.org/wikipedia/commons/thumb/a/a9/Flag_of_the_Soviet_Union.svg/23px-Flag_of_the_Soviet_Union.svg.png,Unknown BMP-1/2,destroyed,https://twitter.com/UAWeapons/status/1533021443943956482,70,1387,834,74,448,31,2022-10-04T21:08:09Z
Infantry Fighting Vehicles,Russia,https://upload.wikimedia.org/wikipedia/commons/thumb/a/a9/Flag_of_the_Soviet_Union.svg/23px-Flag_of_the_Soviet_Union.svg.png,Unknown BMP-1/2,destroyed,https://twitter.com/UAWeapons/status/1533785755063050241,70,1387,834,74,448,31,2022-10-04T21:08:09Z
Infantry Fighting Vehicles,Russia,https://upload.wikimedia.org/wikipedia/commons/thumb/a/a9/Flag_of_the_Soviet_Union.svg/23px-Flag_of_the_Soviet_Union.svg.png,Unknown BMP-1/2,destroyed,https://twitter.com/UAWeapons/status/1534146940883156995,70,1387,834,74,448,31,2022-10-04T21:08:09Z
Infantry Fighting Vehicles,Russia,https://upload.wikimedia.org/wikipedia/commons/thumb/a/a9/Flag_of_the_Soviet_Union.svg/23px-Flag_of_the_Soviet_Union.svg.png,Unknown BMP-1/2,destroyed,https://twitter.com/UAWeapons/status/1534591070805409792,70,1387,834,74,448,31,2022-10-04T21:08:09Z
Infantry Fighting Vehicles,Russia,https://upload.wikimedia.org/wikipedia/commons/thumb/a/a9/Flag_of_the_Soviet_Union.svg/23px-Flag_of_the_Soviet_Union.svg.png,Unknown BMP-1/2,destroyed,https://twitter.com/UAWeapons/status/1534566681414352896,70,1387,834,74,448,31,2022-10-04T21:08:09Z
Infantry Fighting Vehicles,Russia,https://upload.wikimedia.org/wikipedia/commons/thumb/a/a9/Flag_of_the_Soviet_Union.svg/23px-Flag_of_the_Soviet_Union.svg.png,Unknown BMP-1/2,destroyed,https://i.postimg.cc/CKXTcKRm/Jf7s6u-WS-jpg-large.jpg,70,1387,834,74,448,31,2022-10-04T21:08:09Z
Infantry Fighting Vehicles,Russia,https://upload.wikimedia.org/wikipedia/commons/thumb/a/a9/Flag_of_the_Soviet_Union.svg/23px-Flag_of_the_Soviet_Union.svg.png,Unknown BMP-1/2,destroyed,https://twitter.com/UAWeapons/status/1548401083411623936,70,1387,834,74,448,31,2022-10-04T21:08:09Z
Infantry Fighting Vehicles,Russia,https://upload.wikimedia.org/wikipedia/commons/thumb/a/a9/Flag_of_the_Soviet_Union.svg/23px-Flag_of_the_Soviet_Union.svg.png,Unknown BMP-1/2,destroyed,https://twitter.com/UAWeapons/status/1538074149372952576,70,1387,834,74,448,31,2022-10-04T21:08:09Z
Infantry Fighting Vehicles,Russia,https://upload.wikimedia.org/wikipedia/commons/thumb/a/a9/Flag_of_the_Soviet_Union.svg/23px-Flag_of_the_Soviet_Union.svg.png,Unknown BMP-1/2,destroyed,https://twitter.com/UAWeapons/status/1538074149372952576,70,1387,834,74,448,31,2022-10-04T21:08:09Z
Infantry Fighting Vehicles,Russia,https://upload.wikimedia.org/wikipedia/commons/thumb/a/a9/Flag_of_the_Soviet_Union.svg/23px-Flag_of_the_Soviet_Union.svg.png,Unknown BMP-1/2,destroyed,https://twitter.com/UAWeapons/status/1538135200030400515,70,1387,834,74,448,31,2022-10-04T21:08:09Z
Infantry Fighting Vehicles,Russia,https://upload.wikimedia.org/wikipedia/commons/thumb/a/a9/Flag_of_the_Soviet_Union.svg/23px-Flag_of_the_Soviet_Union.svg.png,Unknown BMP-1/2,destroyed,https://twitter.com/UAWeapons/status/1538140289075974150,70,1387,834,74,448,31,2022-10-04T21:08:09Z
Infantry Fighting Vehicles,Russia,https://upload.wikimedia.org/wikipedia/commons/thumb/a/a9/Flag_of_the_Soviet_Union.svg/23px-Flag_of_the_Soviet_Union.svg.png,Unknown BMP-1/2,destroyed,https://twitter.com/UAWeapons/status/1538140289075974150,70,1387,834,74,448,31,2022-10-04T21:08:09Z
Infantry Fighting Vehicles,Russia,https://upload.wikimedia.org/wikipedia/commons/thumb/a/a9/Flag_of_the_Soviet_Union.svg/23px-Flag_of_the_Soviet_Union.svg.png,Unknown BMP-1/2,destroyed,https://twitter.com/UAWeapons/status/1539254186822586368,70,1387,834,74,448,31,2022-10-04T21:08:09Z
Infantry Fighting Vehicles,Russia,https://upload.wikimedia.org/wikipedia/commons/thumb/a/a9/Flag_of_the_Soviet_Union.svg/23px-Flag_of_the_Soviet_Union.svg.png,Unknown BMP-1/2,destroyed,https://twitter.com/UAWeapons/status/1539256229293350913,70,1387,834,74,448,31,2022-10-04T21:08:09Z
Infantry Fighting Vehicles,Russia,https://upload.wikimedia.org/wikipedia/commons/thumb/a/a9/Flag_of_the_Soviet_Union.svg/23px-Flag_of_the_Soviet_Union.svg.png,Unknown BMP-1/2,destroyed,https://twitter.com/RALee85/status/1540686770815131649,70,1387,834,74,448,31,2022-10-04T21:08:09Z
Infantry Fighting Vehicles,Russia,https://upload.wikimedia.org/wikipedia/commons/thumb/a/a9/Flag_of_the_Soviet_Union.svg/23px-Flag_of_the_Soviet_Union.svg.png,Unknown BMP-1/2,destroyed,https://twitter.com/Blue_Sauron/status/1541096114291630084,70,1387,834,74,448,31,2022-10-04T21:08:09Z
Infantry Fighting Vehicles,Russia,https://upload.wikimedia.org/wikipedia/commons/thumb/a/a9/Flag_of_the_Soviet_Union.svg/23px-Flag_of_the_Soviet_Union.svg.png,Unknown BMP-1/2,destroyed,https://twitter.com/UAWeapons/status/1540052534299082752,70,1387,834,74,448,31,2022-10-04T21:08:09Z
Infantry Fighting Vehicles,Russia,https://upload.wikimedia.org/wikipedia/commons/thumb/a/a9/Flag_of_the_Soviet_Union.svg/23px-Flag_of_the_Soviet_Union.svg.png,Unknown BMP-1/2,destroyed,https://i.postimg.cc/zG8P77HB/4f5.png,70,1387,834,74,448,31,2022-10-04T21:08:09Z
Infantry Fighting Vehicles,Russia,https://upload.wikimedia.org/wikipedia/commons/thumb/a/a9/Flag_of_the_Soviet_Union.svg/23px-Flag_of_the_Soviet_Union.svg.png,Unknown BMP-1/2,destroyed,https://i.postimg.cc/52MwH9Gh/j779.jpg,70,1387,834,74,448,31,2022-10-04T21:08:09Z
Infantry Fighting Vehicles,Russia,https://upload.wikimedia.org/wikipedia/commons/thumb/a/a9/Flag_of_the_Soviet_Union.svg/23px-Flag_of_the_Soviet_Union.svg.png,Unknown BMP-1/2,destroyed,https://twitter.com/UAWeapons/status/1544438189070352384,70,1387,834,74,448,31,2022-10-04T21:08:09Z
Infantry Fighting Vehicles,Russia,https://upload.wikimedia.org/wikipedia/commons/thumb/a/a9/Flag_of_the_Soviet_Union.svg/23px-Flag_of_the_Soviet_Union.svg.png,Unknown BMP-1/2,destroyed,https://twitter.com/UAWeapons/status/1574454914109022208,70,1387,834,74,448,31,2022-10-04T21:08:09Z
Infantry Fighting Vehicles,Russia,https://upload.wikimedia.org/wikipedia/commons/thumb/a/a9/Flag_of_the_Soviet_Union.svg/23px-Flag_of_the_Soviet_Union.svg.png,Unknown BMP-1/2,destroyed,https://twitter.com/Blue_Sauron/status/1544968755091886080,70,1387,834,74,448,31,2022-10-04T21:08:09Z
Infantry Fighting Vehicles,Russia,https://upload.wikimedia.org/wikipedia/commons/thumb/a/a9/Flag_of_the_Soviet_Union.svg/23px-Flag_of_the_Soviet_Union.svg.png,Unknown BMP-1/2,destroyed,https://twitter.com/UAWeapons/status/1545829375265865729,70,1387,834,74,448,31,2022-10-04T21:08:09Z
Infantry Fighting Vehicles,Russia,https://upload.wikimedia.org/wikipedia/commons/thumb/a/a9/Flag_of_the_Soviet_Union.svg/23px-Flag_of_the_Soviet_Union.svg.png,Unknown BMP-1/2,destroyed,https://twitter.com/UAWeapons/status/1545829375265865729,70,1387,834,74,448,31,2022-10-04T21:08:09Z
Infantry Fighting Vehicles,Russia,https://upload.wikimedia.org/wikipedia/commons/thumb/a/a9/Flag_of_the_Soviet_Union.svg/23px-Flag_of_the_Soviet_Union.svg.png,Unknown BMP-1/2,destroyed,https://twitter.com/UAWeapons/status/1545829375265865729,70,1387,834,74,448,31,2022-10-04T21:08:09Z
Infantry Fighting Vehicles,Russia,https://upload.wikimedia.org/wikipedia/commons/thumb/a/a9/Flag_of_the_Soviet_Union.svg/23px-Flag_of_the_Soviet_Union.svg.png,Unknown BMP-1/2,destroyed,https://i.postimg.cc/QMVZFd6B/1006-unkn-bmp.jpg,70,1387,834,74,448,31,2022-10-04T21:08:09Z
Infantry Fighting Vehicles,Russia,https://upload.wikimedia.org/wikipedia/commons/thumb/a/a9/Flag_of_the_Soviet_Union.svg/23px-Flag_of_the_Soviet_Union.svg.png,Unknown BMP-1/2,destroyed,https://i.postimg.cc/SKVMdCbr/1006.jpg,70,1387,834,74,448,31,2022-10-04T21:08:09Z
Infantry Fighting Vehicles,Russia,https://upload.wikimedia.org/wikipedia/commons/thumb/a/a9/Flag_of_the_Soviet_Union.svg/23px-Flag_of_the_Soviet_Union.svg.png,Unknown BMP-1/2,destroyed,https://i.postimg.cc/5NhttZ5J/1002-unkn-BMP.jpg,70,1387,834,74,448,31,2022-10-04T21:08:09Z
Infantry Fighting Vehicles,Russia,https://upload.wikimedia.org/wikipedia/commons/thumb/a/a9/Flag_of_the_Soviet_Union.svg/23px-Flag_of_the_Soviet_Union.svg.png,Unknown BMP-1/2,destroyed,https://i.postimg.cc/cCQkvVch/1009-unkn-bmp.jpg,70,1387,834,74,448,31,2022-10-04T21:08:09Z
Infantry Fighting Vehicles,Russia,https://upload.wikimedia.org/wikipedia/commons/thumb/a/a9/Flag_of_the_Soviet_Union.svg/23px-Flag_of_the_Soviet_Union.svg.png,Unknown BMP-1/2,destroyed,https://twitter.com/UAWeapons/status/1573410715679035392,70,1387,834,74,448,31,2022-10-04T21:08:09Z
Infantry Fighting Vehicles,Russia,https://upload.wikimedia.org/wikipedia/commons/thumb/a/a9/Flag_of_the_Soviet_Union.svg/23px-Flag_of_the_Soviet_Union.svg.png,Unknown BMP-1/2,destroyed,https://twitter.com/UAWeapons/status/1567266270290087949,70,1387,834,74,448,31,2022-10-04T21:08:09Z
Infantry Fighting Vehicles,Russia,https://upload.wikimedia.org/wikipedia/commons/thumb/a/a9/Flag_of_the_Soviet_Union.svg/23px-Flag_of_the_Soviet_Union.svg.png,Unknown BMP-1/2,destroyed,https://i.postimg.cc/TPggtV44/1041-bmp.jpg,70,1387,834,74,448,31,2022-10-04T21:08:09Z
Infantry Fighting Vehicles,Russia,https://upload.wikimedia.org/wikipedia/commons/thumb/a/a9/Flag_of_the_Soviet_Union.svg/23px-Flag_of_the_Soviet_Union.svg.png,Unknown BMP-1/2,destroyed,https://i.postimg.cc/nznjT67X/1042-bmp.jpg,70,1387,834,74,448,31,2022-10-04T21:08:09Z
Infantry Fighting Vehicles,Russia,https://upload.wikimedia.org/wikipedia/commons/thumb/a/a9/Flag_of_the_Soviet_Union.svg/23px-Flag_of_the_Soviet_Union.svg.png,Unknown BMP-1/2,destroyed,https://i.postimg.cc/rwtrpGMw/1043-bmp.jpg,70,1387,834,74,448,31,2022-10-04T21:08:09Z
Infantry Fighting Vehicles,Russia,https://upload.wikimedia.org/wikipedia/commons/thumb/a/a9/Flag_of_the_Soviet_Union.svg/23px-Flag_of_the_Soviet_Union.svg.png,Unknown BMP-1/2,destroyed,https://twitter.com/UAWeapons/status/1569411914693738498,70,1387,834,74,448,31,2022-10-04T21:08:09Z
Infantry Fighting Vehicles,Russia,https://upload.wikimedia.org/wikipedia/commons/thumb/a/a9/Flag_of_the_Soviet_Union.svg/23px-Flag_of_the_Soviet_Union.svg.png,Unknown BMP-1/2,destroyed,https://twitter.com/UAWeapons/status/1569726417771839496,70,1387,834,74,448,31,2022-10-04T21:08:09Z
Infantry Fighting Vehicles,Russia,https://upload.wikimedia.org/wikipedia/commons/thumb/a/a9/Flag_of_the_Soviet_Union.svg/23px-Flag_of_the_Soviet_Union.svg.png,Unknown BMP-1/2,destroyed,https://i.postimg.cc/MG4GCYZx/1017-bmp3.jpg,70,1387,834,74,448,31,2022-10-04T21:08:09Z
Infantry Fighting Vehicles,Russia,https://upload.wikimedia.org/wikipedia/commons/thumb/a/a9/Flag_of_the_Soviet_Union.svg/23px-Flag_of_the_Soviet_Union.svg.png,Unknown BMP-1/2,destroyed,https://i.postimg.cc/YC5Ckz3F/1008-unkn-bmp.jpg,70,1387,834,74,448,31,2022-10-04T21:08:09Z
Infantry Fighting Vehicles,Russia,https://upload.wikimedia.org/wikipedia/commons/thumb/a/a9/Flag_of_the_Soviet_Union.svg/23px-Flag_of_the_Soviet_Union.svg.png,Unknown BMP-1/2,destroyed,https://twitter.com/naalsio26/status/1576664189074305025,70,1387,834,74,448,31,2022-10-04T21:08:09Z
Infantry Fighting Vehicles,Russia,https://upload.wikimedia.org/wikipedia/commons/thumb/a/a9/Flag_of_the_Soviet_Union.svg/23px-Flag_of_the_Soviet_Union.svg.png,Unknown BMP-1/2,damaged,https://twitter.com/UAWeapons/status/1517278456790269952,70,1387,834,74,448,31,2022-10-04T21:08:09Z
Infantry Fighting Vehicles,Russia,https://upload.wikimedia.org/wikipedia/commons/thumb/a/a9/Flag_of_the_Soviet_Union.svg/23px-Flag_of_the_Soviet_Union.svg.png,Unknown BMP-1/2,damaged,https://twitter.com/UAWeapons/status/1539006612525965314,70,1387,834,74,448,31,2022-10-04T21:08:09Z
Infantry Fighting Vehicles,Russia,https://upload.wikimedia.org/wikipedia/commons/thumb/a/a9/Flag_of_the_Soviet_Union.svg/23px-Flag_of_the_Soviet_Union.svg.png,Unknown BMP-1/2,damaged,https://twitter.com/UAWeapons/status/1539706697765322754,70,1387,834,74,448,31,2022-10-04T21:08:09Z
Infantry Fighting Vehicles,Russia,https://upload.wikimedia.org/wikipedia/commons/thumb/a/a9/Flag_of_the_Soviet_Union.svg/23px-Flag_of_the_Soviet_Union.svg.png,Unknown BMP-1/2,abandoned,https://i.postimg.cc/vmWTdr9s/8j.png,70,1387,834,74,448,31,2022-10-04T21:08:09Z
Infantry Fighting Vehicles,Russia,https://upload.wikimedia.org/wikipedia/commons/thumb/a/a9/Flag_of_the_Soviet_Union.svg/23px-Flag_of_the_Soviet_Union.svg.png,Unknown BMP-1/2,abandoned,https://i.postimg.cc/mrftFwV5/5g.jpg,70,1387,834,74,448,31,2022-10-04T21:08:09Z
Infantry Fighting Vehicles,Russia,https://upload.wikimedia.org/wikipedia/en/thumb/f/f3/Flag_of_Russia.svg/23px-Flag_of_Russia.svg.png,BMP-3,destroyed,https://i.postimg.cc/ZRpWnkwZ/n89.png,154,1387,834,74,448,31,2022-10-04T21:08:09Z
Infantry Fighting Vehicles,Russia,https://upload.wikimedia.org/wikipedia/en/thumb/f/f3/Flag_of_Russia.svg/23px-Flag_of_Russia.svg.png,BMP-3,destroyed,https://i.postimg.cc/yxCSy6Dk/f6.png,154,1387,834,74,448,31,2022-10-04T21:08:09Z
Infantry Fighting Vehicles,Russia,https://upload.wikimedia.org/wikipedia/en/thumb/f/f3/Flag_of_Russia.svg/23px-Flag_of_Russia.svg.png,BMP-3,destroyed,https://i.postimg.cc/Bv2RqWVx/j7.png,154,1387,834,74,448,31,2022-10-04T21:08:09Z
Infantry Fighting Vehicles,Russia,https://upload.wikimedia.org/wikipedia/en/thumb/f/f3/Flag_of_Russia.svg/23px-Flag_of_Russia.svg.png,BMP-3,destroyed,https://i.postimg.cc/zD9kdGPS/d2.png,154,1387,834,74,448,31,2022-10-04T21:08:09Z
Infantry Fighting Vehicles,Russia,https://upload.wikimedia.org/wikipedia/en/thumb/f/f3/Flag_of_Russia.svg/23px-Flag_of_Russia.svg.png,BMP-3,destroyed,https://postimg.cc/5Xczy0Gd,154,1387,834,74,448,31,2022-10-04T21:08:09Z
Infantry Fighting Vehicles,Russia,https://upload.wikimedia.org/wikipedia/en/thumb/f/f3/Flag_of_Russia.svg/23px-Flag_of_Russia.svg.png,BMP-3,destroyed,https://postimg.cc/5Xczy0Gd,154,1387,834,74,448,31,2022-10-04T21:08:09Z
Infantry Fighting Vehicles,Russia,https://upload.wikimedia.org/wikipedia/en/thumb/f/f3/Flag_of_Russia.svg/23px-Flag_of_Russia.svg.png,BMP-3,destroyed,https://postimg.cc/5Xczy0Gd,154,1387,834,74,448,31,2022-10-04T21:08:09Z
Infantry Fighting Vehicles,Russia,https://upload.wikimedia.org/wikipedia/en/thumb/f/f3/Flag_of_Russia.svg/23px-Flag_of_Russia.svg.png,BMP-3,destroyed,https://i.postimg.cc/nrTwmbpw/d56.png,154,1387,834,74,448,31,2022-10-04T21:08:09Z
Infantry Fighting Vehicles,Russia,https://upload.wikimedia.org/wikipedia/en/thumb/f/f3/Flag_of_Russia.svg/23px-Flag_of_Russia.svg.png,BMP-3,destroyed,https://i.postimg.cc/qvrzRPzd/d331.png,154,1387,834,74,448,31,2022-10-04T21:08:09Z
Infantry Fighting Vehicles,Russia,https://upload.wikimedia.org/wikipedia/en/thumb/f/f3/Flag_of_Russia.svg/23px-Flag_of_Russia.svg.png,BMP-3,destroyed,https://i.postimg.cc/3RdFyFMH/r1.jpg,154,1387,834,74,448,31,2022-10-04T21:08:09Z
Infantry Fighting Vehicles,Russia,https://upload.wikimedia.org/wikipedia/en/thumb/f/f3/Flag_of_Russia.svg/23px-Flag_of_Russia.svg.png,BMP-3,destroyed,https://i.postimg.cc/MHB05ZKP/r2.jpg,154,1387,834,74,448,31,2022-10-04T21:08:09Z
Infantry Fighting Vehicles,Russia,https://upload.wikimedia.org/wikipedia/en/thumb/f/f3/Flag_of_Russia.svg/23px-Flag_of_Russia.svg.png,BMP-3,destroyed,https://i.postimg.cc/Cx9Ydf9d/5247.png,154,1387,834,74,448,31,2022-10-04T21:08:09Z
Infantry Fighting Vehicles,Russia,https://upload.wikimedia.org/wikipedia/en/thumb/f/f3/Flag_of_Russia.svg/23px-Flag_of_Russia.svg.png,BMP-3,destroyed,https://i.postimg.cc/2jtWWXx0/41.png,154,1387,834,74,448,31,2022-10-04T21:08:09Z
Infantry Fighting Vehicles,Russia,https://upload.wikimedia.org/wikipedia/en/thumb/f/f3/Flag_of_Russia.svg/23px-Flag_of_Russia.svg.png,BMP-3,destroyed,https://i.postimg.cc/GhHBmcX3/9o.jpg,154,1387,834,74,448,31,2022-10-04T21:08:09Z
Infantry Fighting Vehicles,Russia,https://upload.wikimedia.org/wikipedia/en/thumb/f/f3/Flag_of_Russia.svg/23px-Flag_of_Russia.svg.png,BMP-3,destroyed,https://i.postimg.cc/5t9tSpNV/1000-bmp3.jpg,154,1387,834,74,448,31,2022-10-04T21:08:09Z
Infantry Fighting Vehicles,Russia,https://upload.wikimedia.org/wikipedia/en/thumb/f/f3/Flag_of_Russia.svg/23px-Flag_of_Russia.svg.png,BMP-3,destroyed,https://i.postimg.cc/05JBw71t/90.png,154,1387,834,74,448,31,2022-10-04T21:08:09Z
Infantry Fighting Vehicles,Russia,https://upload.wikimedia.org/wikipedia/en/thumb/f/f3/Flag_of_Russia.svg/23px-Flag_of_Russia.svg.png,BMP-3,destroyed,https://i.postimg.cc/KY0xRb43/3h.png,154,1387,834,74,448,31,2022-10-04T21:08:09Z
Infantry Fighting Vehicles,Russia,https://upload.wikimedia.org/wikipedia/en/thumb/f/f3/Flag_of_Russia.svg/23px-Flag_of_Russia.svg.png,BMP-3,destroyed,https://i.postimg.cc/L8MHWvr5/76j.png,154,1387,834,74,448,31,2022-10-04T21:08:09Z
Infantry Fighting Vehicles,Russia,https://upload.wikimedia.org/wikipedia/en/thumb/f/f3/Flag_of_Russia.svg/23px-Flag_of_Russia.svg.png,BMP-3,destroyed,https://i.postimg.cc/DwyLdy4T/g5g.jpg,154,1387,834,74,448,31,2022-10-04T21:08:09Z
Infantry Fighting Vehicles,Russia,https://upload.wikimedia.org/wikipedia/en/thumb/f/f3/Flag_of_Russia.svg/23px-Flag_of_Russia.svg.png,BMP-3,destroyed,https://i.postimg.cc/3JkmRZMR/b2.png,154,1387,834,74,448,31,2022-10-04T21:08:09Z
Infantry Fighting Vehicles,Russia,https://upload.wikimedia.org/wikipedia/en/thumb/f/f3/Flag_of_Russia.svg/23px-Flag_of_Russia.svg.png,BMP-3,destroyed,https://i.postimg.cc/52vz5N2W/b3.png,154,1387,834,74,448,31,2022-10-04T21:08:09Z
Infantry Fighting Vehicles,Russia,https://upload.wikimedia.org/wikipedia/en/thumb/f/f3/Flag_of_Russia.svg/23px-Flag_of_Russia.svg.png,BMP-3,destroyed,https://i.postimg.cc/Y2zMFcHD/b4.png,154,1387,834,74,448,31,2022-10-04T21:08:09Z
Infantry Fighting Vehicles,Russia,https://upload.wikimedia.org/wikipedia/en/thumb/f/f3/Flag_of_Russia.svg/23px-Flag_of_Russia.svg.png,BMP-3,destroyed,https://i.postimg.cc/Nj5cZ5rZ/b5.png,154,1387,834,74,448,31,2022-10-04T21:08:09Z
Infantry Fighting Vehicles,Russia,https://upload.wikimedia.org/wikipedia/en/thumb/f/f3/Flag_of_Russia.svg/23px-Flag_of_Russia.svg.png,BMP-3,destroyed,https://i.postimg.cc/PqhsKgsJ/1003-bmp3.jpg,154,1387,834,74,448,31,2022-10-04T21:08:09Z
Infantry Fighting Vehicles,Russia,https://upload.wikimedia.org/wikipedia/en/thumb/f/f3/Flag_of_Russia.svg/23px-Flag_of_Russia.svg.png,BMP-3,destroyed,https://i.postimg.cc/y8DnDGDJ/44.jpg,154,1387,834,74,448,31,2022-10-04T21:08:09Z
Infantry Fighting Vehicles,Russia,https://upload.wikimedia.org/wikipedia/en/thumb/f/f3/Flag_of_Russia.svg/23px-Flag_of_Russia.svg.png,BMP-3,destroyed,https://i.postimg.cc/59CsXt9V/360.png,154,1387,834,74,448,31,2022-10-04T21:08:09Z
Infantry Fighting Vehicles,Russia,https://upload.wikimedia.org/wikipedia/en/thumb/f/f3/Flag_of_Russia.svg/23px-Flag_of_Russia.svg.png,BMP-3,destroyed,https://i.postimg.cc/wB2hgbSG/5541.jpg,154,1387,834,74,448,31,2022-10-04T21:08:09Z
Infantry Fighting Vehicles,Russia,https://upload.wikimedia.org/wikipedia/en/thumb/f/f3/Flag_of_Russia.svg/23px-Flag_of_Russia.svg.png,BMP-3,destroyed,https://i.postimg.cc/RFKhFFHS/5g.jpg,154,1387,834,74,448,31,2022-10-04T21:08:09Z
Infantry Fighting Vehicles,Russia,https://upload.wikimedia.org/wikipedia/en/thumb/f/f3/Flag_of_Russia.svg/23px-Flag_of_Russia.svg.png,BMP-3,destroyed,https://i.postimg.cc/FsDBqVBv/h8.jpg,154,1387,834,74,448,31,2022-10-04T21:08:09Z
Infantry Fighting Vehicles,Russia,https://upload.wikimedia.org/wikipedia/en/thumb/f/f3/Flag_of_Russia.svg/23px-Flag_of_Russia.svg.png,BMP-3,destroyed,https://twitter.com/UAWeapons/status/1558035724582244353,154,1387,834,74,448,31,2022-10-04T21:08:09Z
Infantry Fighting Vehicles,Russia,https://upload.wikimedia.org/wikipedia/en/thumb/f/f3/Flag_of_Russia.svg/23px-Flag_of_Russia.svg.png,BMP-3,destroyed,https://i.postimg.cc/Nf0wvd3v/f55.png,154,1387,834,74,448,31,2022-10-04T21:08:09Z
Infantry Fighting Vehicles,Russia,https://upload.wikimedia.org/wikipedia/en/thumb/f/f3/Flag_of_Russia.svg/23px-Flag_of_Russia.svg.png,BMP-3,destroyed,https://i.postimg.cc/449C2rVY/43g.png,154,1387,834,74,448,31,2022-10-04T21:08:09Z
Infantry Fighting Vehicles,Russia,https://upload.wikimedia.org/wikipedia/en/thumb/f/f3/Flag_of_Russia.svg/23px-Flag_of_Russia.svg.png,BMP-3,destroyed,https://i.postimg.cc/Njc46pns/1003-bmp3.jpg,154,1387,834,74,448,31,2022-10-04T21:08:09Z
Infantry Fighting Vehicles,Russia,https://upload.wikimedia.org/wikipedia/en/thumb/f/f3/Flag_of_Russia.svg/23px-Flag_of_Russia.svg.png,BMP-3,destroyed,https://i.postimg.cc/xTN6N6Q3/338.png,154,1387,834,74,448,31,2022-10-04T21:08:09Z
Infantry Fighting Vehicles,Russia,https://upload.wikimedia.org/wikipedia/en/thumb/f/f3/Flag_of_Russia.svg/23px-Flag_of_Russia.svg.png,BMP-3,destroyed,https://i.postimg.cc/L5xJGznM/13.jpg,154,1387,834,74,448,31,2022-10-04T21:08:09Z
Infantry Fighting Vehicles,Russia,https://upload.wikimedia.org/wikipedia/en/thumb/f/f3/Flag_of_Russia.svg/23px-Flag_of_Russia.svg.png,BMP-3,destroyed,https://i.postimg.cc/nLS1swVn/332.jpg,154,1387,834,74,448,31,2022-10-04T21:08:09Z
Infantry Fighting Vehicles,Russia,https://upload.wikimedia.org/wikipedia/en/thumb/f/f3/Flag_of_Russia.svg/23px-Flag_of_Russia.svg.png,BMP-3,destroyed,https://i.postimg.cc/3NFfWRm0/4431.jpg,154,1387,834,74,448,31,2022-10-04T21:08:09Z
Infantry Fighting Vehicles,Russia,https://upload.wikimedia.org/wikipedia/en/thumb/f/f3/Flag_of_Russia.svg/23px-Flag_of_Russia.svg.png,BMP-3,destroyed,https://postimg.cc/pyns9btm,154,1387,834,74,448,31,2022-10-04T21:08:09Z
Infantry Fighting Vehicles,Russia,https://upload.wikimedia.org/wikipedia/en/thumb/f/f3/Flag_of_Russia.svg/23px-Flag_of_Russia.svg.png,BMP-3,destroyed,https://i.postimg.cc/NjKXKp8m/7766.jpg,154,1387,834,74,448,31,2022-10-04T21:08:09Z
Infantry Fighting Vehicles,Russia,https://upload.wikimedia.org/wikipedia/en/thumb/f/f3/Flag_of_Russia.svg/23px-Flag_of_Russia.svg.png,BMP-3,destroyed,https://i.postimg.cc/B6BWv2CR/bb1.jpg,154,1387,834,74,448,31,2022-10-04T21:08:09Z
Infantry Fighting Vehicles,Russia,https://upload.wikimedia.org/wikipedia/en/thumb/f/f3/Flag_of_Russia.svg/23px-Flag_of_Russia.svg.png,BMP-3,destroyed,https://i.postimg.cc/90m6wz80/bb2.jpg,154,1387,834,74,448,31,2022-10-04T21:08:09Z
Infantry Fighting Vehicles,Russia,https://upload.wikimedia.org/wikipedia/en/thumb/f/f3/Flag_of_Russia.svg/23px-Flag_of_Russia.svg.png,BMP-3,destroyed,https://i.postimg.cc/jq1hFxRW/4470.jpg,154,1387,834,74,448,31,2022-10-04T21:08:09Z
Infantry Fighting Vehicles,Russia,https://upload.wikimedia.org/wikipedia/en/thumb/f/f3/Flag_of_Russia.svg/23px-Flag_of_Russia.svg.png,BMP-3,destroyed,https://i.postimg.cc/brJMxp1x/d23.jpg,154,1387,834,74,448,31,2022-10-04T21:08:09Z
Infantry Fighting Vehicles,Russia,https://upload.wikimedia.org/wikipedia/en/thumb/f/f3/Flag_of_Russia.svg/23px-Flag_of_Russia.svg.png,BMP-3,destroyed,https://i.postimg.cc/kXHmmmCL/55y.png,154,1387,834,74,448,31,2022-10-04T21:08:09Z
Infantry Fighting Vehicles,Russia,https://upload.wikimedia.org/wikipedia/en/thumb/f/f3/Flag_of_Russia.svg/23px-Flag_of_Russia.svg.png,BMP-3,destroyed,https://i.postimg.cc/903fgpLT/776.png,154,1387,834,74,448,31,2022-10-04T21:08:09Z
Infantry Fighting Vehicles,Russia,https://upload.wikimedia.org/wikipedia/en/thumb/f/f3/Flag_of_Russia.svg/23px-Flag_of_Russia.svg.png,BMP-3,destroyed,https://i.postimg.cc/dV27CywK/4380.jpg,154,1387,834,74,448,31,2022-10-04T21:08:09Z
Infantry Fighting Vehicles,Russia,https://upload.wikimedia.org/wikipedia/en/thumb/f/f3/Flag_of_Russia.svg/23px-Flag_of_Russia.svg.png,BMP-3,destroyed,https://twitter.com/UAWeapons/status/1521874306619351043,154,1387,834,74,448,31,2022-10-04T21:08:09Z
Infantry Fighting Vehicles,Russia,https://upload.wikimedia.org/wikipedia/en/thumb/f/f3/Flag_of_Russia.svg/23px-Flag_of_Russia.svg.png,BMP-3,destroyed,https://i.postimg.cc/rsb5qyk8/f21.jpg,154,1387,834,74,448,31,2022-10-04T21:08:09Z
Infantry Fighting Vehicles,Russia,https://upload.wikimedia.org/wikipedia/en/thumb/f/f3/Flag_of_Russia.svg/23px-Flag_of_Russia.svg.png,BMP-3,destroyed,https://i.postimg.cc/76KgQMtJ/f222.jpg,154,1387,834,74,448,31,2022-10-04T21:08:09Z
Infantry Fighting Vehicles,Russia,https://upload.wikimedia.org/wikipedia/en/thumb/f/f3/Flag_of_Russia.svg/23px-Flag_of_Russia.svg.png,BMP-3,destroyed,https://twitter.com/UAWeapons/status/1554759375650258944,154,1387,834,74,448,31,2022-10-04T21:08:09Z
Infantry Fighting Vehicles,Russia,https://upload.wikimedia.org/wikipedia/en/thumb/f/f3/Flag_of_Russia.svg/23px-Flag_of_Russia.svg.png,BMP-3,destroyed,https://postimg.cc/WtqBxh3c,154,1387,834,74,448,31,2022-10-04T21:08:09Z
Infantry Fighting Vehicles,Russia,https://upload.wikimedia.org/wikipedia/en/thumb/f/f3/Flag_of_Russia.svg/23px-Flag_of_Russia.svg.png,BMP-3,destroyed,https://i.postimg.cc/V6Zgjc32/4g.png,154,1387,834,74,448,31,2022-10-04T21:08:09Z
Infantry Fighting Vehicles,Russia,https://upload.wikimedia.org/wikipedia/en/thumb/f/f3/Flag_of_Russia.svg/23px-Flag_of_Russia.svg.png,BMP-3,destroyed,https://i.postimg.cc/V6Zgjc32/4g.png,154,1387,834,74,448,31,2022-10-04T21:08:09Z
Infantry Fighting Vehicles,Russia,https://upload.wikimedia.org/wikipedia/en/thumb/f/f3/Flag_of_Russia.svg/23px-Flag_of_Russia.svg.png,BMP-3,destroyed,https://i.postimg.cc/MHRbC9wS/f2.jpg,154,1387,834,74,448,31,2022-10-04T21:08:09Z
Infantry Fighting Vehicles,Russia,https://upload.wikimedia.org/wikipedia/en/thumb/f/f3/Flag_of_Russia.svg/23px-Flag_of_Russia.svg.png,BMP-3,destroyed,https://twitter.com/UAWeapons/status/1528069300128518144,154,1387,834,74,448,31,2022-10-04T21:08:09Z
Infantry Fighting Vehicles,Russia,https://upload.wikimedia.org/wikipedia/en/thumb/f/f3/Flag_of_Russia.svg/23px-Flag_of_Russia.svg.png,BMP-3,destroyed,https://i.postimg.cc/sfLCwRMr/77663.jpg,154,1387,834,74,448,31,2022-10-04T21:08:09Z
Infantry Fighting Vehicles,Russia,https://upload.wikimedia.org/wikipedia/en/thumb/f/f3/Flag_of_Russia.svg/23px-Flag_of_Russia.svg.png,BMP-3,destroyed,https://i.postimg.cc/sXB5MN91/1005-bmp3.jpg,154,1387,834,74,448,31,2022-10-04T21:08:09Z
Infantry Fighting Vehicles,Russia,https://upload.wikimedia.org/wikipedia/en/thumb/f/f3/Flag_of_Russia.svg/23px-Flag_of_Russia.svg.png,BMP-3,destroyed,https://i.postimg.cc/Mp8LWqHb/1002.jpg,154,1387,834,74,448,31,2022-10-04T21:08:09Z
Infantry Fighting Vehicles,Russia,https://upload.wikimedia.org/wikipedia/en/thumb/f/f3/Flag_of_Russia.svg/23px-Flag_of_Russia.svg.png,BMP-3,destroyed,https://twitter.com/UAWeapons/status/1548308892307714048,154,1387,834,74,448,31,2022-10-04T21:08:09Z
Infantry Fighting Vehicles,Russia,https://upload.wikimedia.org/wikipedia/en/thumb/f/f3/Flag_of_Russia.svg/23px-Flag_of_Russia.svg.png,BMP-3,destroyed,https://twitter.com/UAWeapons/status/1531274223427125248,154,1387,834,74,448,31,2022-10-04T21:08:09Z
Infantry Fighting Vehicles,Russia,https://upload.wikimedia.org/wikipedia/en/thumb/f/f3/Flag_of_Russia.svg/23px-Flag_of_Russia.svg.png,BMP-3,destroyed,https://twitter.com/UAWeapons/status/1534499407235784705,154,1387,834,74,448,31,2022-10-04T21:08:09Z
Infantry Fighting Vehicles,Russia,https://upload.wikimedia.org/wikipedia/en/thumb/f/f3/Flag_of_Russia.svg/23px-Flag_of_Russia.svg.png,BMP-3,destroyed,https://twitter.com/UAWeapons/status/1536669461293457408,154,1387,834,74,448,31,2022-10-04T21:08:09Z
Infantry Fighting Vehicles,Russia,https://upload.wikimedia.org/wikipedia/en/thumb/f/f3/Flag_of_Russia.svg/23px-Flag_of_Russia.svg.png,BMP-3,destroyed,https://twitter.com/UAWeapons/status/1536817946131054593,154,1387,834,74,448,31,2022-10-04T21:08:09Z
Infantry Fighting Vehicles,Russia,https://upload.wikimedia.org/wikipedia/en/thumb/f/f3/Flag_of_Russia.svg/23px-Flag_of_Russia.svg.png,BMP-3,destroyed,https://i.postimg.cc/DzwfTPmr/65.png,154,1387,834,74,448,31,2022-10-04T21:08:09Z
Infantry Fighting Vehicles,Russia,https://upload.wikimedia.org/wikipedia/en/thumb/f/f3/Flag_of_Russia.svg/23px-Flag_of_Russia.svg.png,BMP-3,destroyed,https://twitter.com/RALee85/status/1538799556514693120,154,1387,834,74,448,31,2022-10-04T21:08:09Z
Infantry Fighting Vehicles,Russia,https://upload.wikimedia.org/wikipedia/en/thumb/f/f3/Flag_of_Russia.svg/23px-Flag_of_Russia.svg.png,BMP-3,destroyed,https://twitter.com/UAWeapons/status/1554152284380188677,154,1387,834,74,448,31,2022-10-04T21:08:09Z
Infantry Fighting Vehicles,Russia,https://upload.wikimedia.org/wikipedia/en/thumb/f/f3/Flag_of_Russia.svg/23px-Flag_of_Russia.svg.png,BMP-3,destroyed,https://i.postimg.cc/qv8dG2wX/1033.jpg,154,1387,834,74,448,31,2022-10-04T21:08:09Z
Infantry Fighting Vehicles,Russia,https://upload.wikimedia.org/wikipedia/en/thumb/f/f3/Flag_of_Russia.svg/23px-Flag_of_Russia.svg.png,BMP-3,destroyed,https://i.postimg.cc/gcQJvb8T/1004-bmp3.jpg,154,1387,834,74,448,31,2022-10-04T21:08:09Z
Infantry Fighting Vehicles,Russia,https://upload.wikimedia.org/wikipedia/en/thumb/f/f3/Flag_of_Russia.svg/23px-Flag_of_Russia.svg.png,BMP-3,destroyed,https://i.postimg.cc/VkL1hDMR/1061-bmp3.jpg,154,1387,834,74,448,31,2022-10-04T21:08:09Z
Infantry Fighting Vehicles,Russia,https://upload.wikimedia.org/wikipedia/en/thumb/f/f3/Flag_of_Russia.svg/23px-Flag_of_Russia.svg.png,BMP-3,destroyed,https://twitter.com/UAWeapons/status/1553443903797329920,154,1387,834,74,448,31,2022-10-04T21:08:09Z
Infantry Fighting Vehicles,Russia,https://upload.wikimedia.org/wikipedia/en/thumb/f/f3/Flag_of_Russia.svg/23px-Flag_of_Russia.svg.png,BMP-3,destroyed,https://twitter.com/UAWeapons/status/1563514551764938753,154,1387,834,74,448,31,2022-10-04T21:08:09Z
Infantry Fighting Vehicles,Russia,https://upload.wikimedia.org/wikipedia/en/thumb/f/f3/Flag_of_Russia.svg/23px-Flag_of_Russia.svg.png,BMP-3,destroyed,https://twitter.com/UAWeapons/status/1563514551764938753,154,1387,834,74,448,31,2022-10-04T21:08:09Z
Infantry Fighting Vehicles,Russia,https://upload.wikimedia.org/wikipedia/en/thumb/f/f3/Flag_of_Russia.svg/23px-Flag_of_Russia.svg.png,BMP-3,destroyed,https://i.postimg.cc/sXHMm3ty/1004-bmp3.jpg,154,1387,834,74,448,31,2022-10-04T21:08:09Z
Infantry Fighting Vehicles,Russia,https://upload.wikimedia.org/wikipedia/en/thumb/f/f3/Flag_of_Russia.svg/23px-Flag_of_Russia.svg.png,BMP-3,destroyed,https://twitter.com/UAWeapons/status/1565060190269063170,154,1387,834,74,448,31,2022-10-04T21:08:09Z
Infantry Fighting Vehicles,Russia,https://upload.wikimedia.org/wikipedia/en/thumb/f/f3/Flag_of_Russia.svg/23px-Flag_of_Russia.svg.png,BMP-3,destroyed,https://i.postimg.cc/4dSR7vsG/1014-bmp3.jpg,154,1387,834,74,448,31,2022-10-04T21:08:09Z
Infantry Fighting Vehicles,Russia,https://upload.wikimedia.org/wikipedia/en/thumb/f/f3/Flag_of_Russia.svg/23px-Flag_of_Russia.svg.png,BMP-3,destroyed,https://i.postimg.cc/gJz86DFp/2022-09-11-BMP-3-Bairak.jpg,154,1387,834,74,448,31,2022-10-04T21:08:09Z
Infantry Fighting Vehicles,Russia,https://upload.wikimedia.org/wikipedia/en/thumb/f/f3/Flag_of_Russia.svg/23px-Flag_of_Russia.svg.png,BMP-3,destroyed,https://i.postimg.cc/brpWHdcP/1024-bmp3.jpg,154,1387,834,74,448,31,2022-10-04T21:08:09Z
Infantry Fighting Vehicles,Russia,https://upload.wikimedia.org/wikipedia/en/thumb/f/f3/Flag_of_Russia.svg/23px-Flag_of_Russia.svg.png,BMP-3,destroyed,https://twitter.com/UAWeapons/status/1572642431853821953,154,1387,834,74,448,31,2022-10-04T21:08:09Z
Infantry Fighting Vehicles,Russia,https://upload.wikimedia.org/wikipedia/en/thumb/f/f3/Flag_of_Russia.svg/23px-Flag_of_Russia.svg.png,BMP-3,destroyed,https://twitter.com/UAWeapons/status/1574134957039095810,154,1387,834,74,448,31,2022-10-04T21:08:09Z
Infantry Fighting Vehicles,Russia,https://upload.wikimedia.org/wikipedia/en/thumb/f/f3/Flag_of_Russia.svg/23px-Flag_of_Russia.svg.png,BMP-3,destroyed,https://twitter.com/UAWeapons/status/1575477537861292035,154,1387,834,74,448,31,2022-10-04T21:08:09Z
Infantry Fighting Vehicles,Russia,https://upload.wikimedia.org/wikipedia/en/thumb/f/f3/Flag_of_Russia.svg/23px-Flag_of_Russia.svg.png,BMP-3,destroyed,https://i.postimg.cc/KjVnQPNr/1009-bmp3-destr.jpg,154,1387,834,74,448,31,2022-10-04T21:08:09Z
Infantry Fighting Vehicles,Russia,https://upload.wikimedia.org/wikipedia/en/thumb/f/f3/Flag_of_Russia.svg/23px-Flag_of_Russia.svg.png,BMP-3,destroyed,https://i.postimg.cc/ncTf5hsW/1017-bmp3-destr.jpg,154,1387,834,74,448,31,2022-10-04T21:08:09Z
Infantry Fighting Vehicles,Russia,https://upload.wikimedia.org/wikipedia/en/thumb/f/f3/Flag_of_Russia.svg/23px-Flag_of_Russia.svg.png,BMP-3,destroyed,https://twitter.com/UAWeapons/status/1576480412020264960,154,1387,834,74,448,31,2022-10-04T21:08:09Z
Infantry Fighting Vehicles,Russia,https://upload.wikimedia.org/wikipedia/en/thumb/f/f3/Flag_of_Russia.svg/23px-Flag_of_Russia.svg.png,BMP-3,destroyed,https://i.postimg.cc/cLFJ0BBh/1004-bmp3-destr.jpg,154,1387,834,74,448,31,2022-10-04T21:08:09Z
Infantry Fighting Vehicles,Russia,https://upload.wikimedia.org/wikipedia/en/thumb/f/f3/Flag_of_Russia.svg/23px-Flag_of_Russia.svg.png,BMP-3,damaged,https://twitter.com/UAWeapons/status/1522706604977762313,154,1387,834,74,448,31,2022-10-04T21:08:09Z
Infantry Fighting Vehicles,Russia,https://upload.wikimedia.org/wikipedia/en/thumb/f/f3/Flag_of_Russia.svg/23px-Flag_of_Russia.svg.png,BMP-3,damaged,https://twitter.com/UAWeapons/status/1531274223427125248,154,1387,834,74,448,31,2022-10-04T21:08:09Z
Infantry Fighting Vehicles,Russia,https://upload.wikimedia.org/wikipedia/en/thumb/f/f3/Flag_of_Russia.svg/23px-Flag_of_Russia.svg.png,BMP-3,damaged,https://twitter.com/UAWeapons/status/1533100107402563589,154,1387,834,74,448,31,2022-10-04T21:08:09Z
Infantry Fighting Vehicles,Russia,https://upload.wikimedia.org/wikipedia/en/thumb/f/f3/Flag_of_Russia.svg/23px-Flag_of_Russia.svg.png,BMP-3,damaged,https://i.postimg.cc/fy3wzKJk/1005-bmp3.jpg,154,1387,834,74,448,31,2022-10-04T21:08:09Z
Infantry Fighting Vehicles,Russia,https://upload.wikimedia.org/wikipedia/en/thumb/f/f3/Flag_of_Russia.svg/23px-Flag_of_Russia.svg.png,BMP-3,damaged,https://i.postimg.cc/q7z1vV8B/1024-bmp3-dmg.jpg,154,1387,834,74,448,31,2022-10-04T21:08:09Z
Infantry Fighting Vehicles,Russia,https://upload.wikimedia.org/wikipedia/en/thumb/f/f3/Flag_of_Russia.svg/23px-Flag_of_Russia.svg.png,BMP-3,abandoned,https://i.postimg.cc/4yK9s6df/76.jpg,154,1387,834,74,448,31,2022-10-04T21:08:09Z
Infantry Fighting Vehicles,Russia,https://upload.wikimedia.org/wikipedia/en/thumb/f/f3/Flag_of_Russia.svg/23px-Flag_of_Russia.svg.png,BMP-3,abandoned,https://i.postimg.cc/Y06k5PbX/1062-bmp3.jpg,154,1387,834,74,448,31,2022-10-04T21:08:09Z
Infantry Fighting Vehicles,Russia,https://upload.wikimedia.org/wikipedia/en/thumb/f/f3/Flag_of_Russia.svg/23px-Flag_of_Russia.svg.png,BMP-3,abandoned,https://i.postimg.cc/8PbNwqFc/1063-bmp3.jpg,154,1387,834,74,448,31,2022-10-04T21:08:09Z
Infantry Fighting Vehicles,Russia,https://upload.wikimedia.org/wikipedia/en/thumb/f/f3/Flag_of_Russia.svg/23px-Flag_of_Russia.svg.png,BMP-3,abandoned,https://i.postimg.cc/sfY8r74h/1001-bmp3-aband.png,154,1387,834,74,448,31,2022-10-04T21:08:09Z
Infantry Fighting Vehicles,Russia,https://upload.wikimedia.org/wikipedia/en/thumb/f/f3/Flag_of_Russia.svg/23px-Flag_of_Russia.svg.png,BMP-3,abandoned,https://twitter.com/UAWeapons/status/1577310511212920834,154,1387,834,74,448,31,2022-10-04T21:08:09Z
Infantry Fighting Vehicles,Russia,https://upload.wikimedia.org/wikipedia/en/thumb/f/f3/Flag_of_Russia.svg/23px-Flag_of_Russia.svg.png,BMP-3,damaged,https://i.postimg.cc/WpmBhMvM/4d.png,154,1387,834,74,448,31,2022-10-04T21:08:09Z
Infantry Fighting Vehicles,Russia,https://upload.wikimedia.org/wikipedia/en/thumb/f/f3/Flag_of_Russia.svg/23px-Flag_of_Russia.svg.png,BMP-3,damaged,https://i.postimg.cc/6qQy4ByR/588.png,154,1387,834,74,448,31,2022-10-04T21:08:09Z
Infantry Fighting Vehicles,Russia,https://upload.wikimedia.org/wikipedia/en/thumb/f/f3/Flag_of_Russia.svg/23px-Flag_of_Russia.svg.png,BMP-3,damaged,https://i.postimg.cc/HxnCghHt/446.jpg,154,1387,834,74,448,31,2022-10-04T21:08:09Z
Infantry Fighting Vehicles,Russia,https://upload.wikimedia.org/wikipedia/en/thumb/f/f3/Flag_of_Russia.svg/23px-Flag_of_Russia.svg.png,BMP-3,damaged,https://i.postimg.cc/BQHt6Xc9/439.jpg,154,1387,834,74,448,31,2022-10-04T21:08:09Z
Infantry Fighting Vehicles,Russia,https://upload.wikimedia.org/wikipedia/en/thumb/f/f3/Flag_of_Russia.svg/23px-Flag_of_Russia.svg.png,BMP-3,captured,https://i.postimg.cc/TP5dMtW3/743.png,154,1387,834,74,448,31,2022-10-04T21:08:09Z
Infantry Fighting Vehicles,Russia,https://upload.wikimedia.org/wikipedia/en/thumb/f/f3/Flag_of_Russia.svg/23px-Flag_of_Russia.svg.png,BMP-3,captured,https://i.postimg.cc/g2Pq67mf/bb1.png,154,1387,834,74,448,31,2022-10-04T21:08:09Z
Infantry Fighting Vehicles,Russia,https://upload.wikimedia.org/wikipedia/en/thumb/f/f3/Flag_of_Russia.svg/23px-Flag_of_Russia.svg.png,BMP-3,captured,https://i.postimg.cc/yYnYFgHs/bb2.jpg,154,1387,834,74,448,31,2022-10-04T21:08:09Z
Infantry Fighting Vehicles,Russia,https://upload.wikimedia.org/wikipedia/en/thumb/f/f3/Flag_of_Russia.svg/23px-Flag_of_Russia.svg.png,BMP-3,captured,https://i.postimg.cc/7L2dL4Qz/bn1.png,154,1387,834,74,448,31,2022-10-04T21:08:09Z
Infantry Fighting Vehicles,Russia,https://upload.wikimedia.org/wikipedia/en/thumb/f/f3/Flag_of_Russia.svg/23px-Flag_of_Russia.svg.png,BMP-3,captured,https://i.postimg.cc/fyTw3p2m/23.jpg,154,1387,834,74,448,31,2022-10-04T21:08:09Z
Infantry Fighting Vehicles,Russia,https://upload.wikimedia.org/wikipedia/en/thumb/f/f3/Flag_of_Russia.svg/23px-Flag_of_Russia.svg.png,BMP-3,captured,https://i.postimg.cc/rpGWpndW/7900.jpg,154,1387,834,74,448,31,2022-10-04T21:08:09Z
Infantry Fighting Vehicles,Russia,https://upload.wikimedia.org/wikipedia/en/thumb/f/f3/Flag_of_Russia.svg/23px-Flag_of_Russia.svg.png,BMP-3,captured,https://i.postimg.cc/3rbPcZKC/32.jpg,154,1387,834,74,448,31,2022-10-04T21:08:09Z
Infantry Fighting Vehicles,Russia,https://upload.wikimedia.org/wikipedia/en/thumb/f/f3/Flag_of_Russia.svg/23px-Flag_of_Russia.svg.png,BMP-3,captured,https://i.postimg.cc/cLVrtqYb/cc1.jpg,154,1387,834,74,448,31,2022-10-04T21:08:09Z
Infantry Fighting Vehicles,Russia,https://upload.wikimedia.org/wikipedia/en/thumb/f/f3/Flag_of_Russia.svg/23px-Flag_of_Russia.svg.png,BMP-3,captured,https://i.postimg.cc/1tSXMpv0/cc2.jpg,154,1387,834,74,448,31,2022-10-04T21:08:09Z
Infantry Fighting Vehicles,Russia,https://upload.wikimedia.org/wikipedia/en/thumb/f/f3/Flag_of_Russia.svg/23px-Flag_of_Russia.svg.png,BMP-3,captured,https://i.postimg.cc/wT2CXJ4J/b11.jpg,154,1387,834,74,448,31,2022-10-04T21:08:09Z
Infantry Fighting Vehicles,Russia,https://upload.wikimedia.org/wikipedia/en/thumb/f/f3/Flag_of_Russia.svg/23px-Flag_of_Russia.svg.png,BMP-3,captured,https://i.postimg.cc/L5fKj6dx/447.jpg,154,1387,834,74,448,31,2022-10-04T21:08:09Z
Infantry Fighting Vehicles,Russia,https://upload.wikimedia.org/wikipedia/en/thumb/f/f3/Flag_of_Russia.svg/23px-Flag_of_Russia.svg.png,BMP-3,captured,https://i.postimg.cc/vB4pd7z1/768.png,154,1387,834,74,448,31,2022-10-04T21:08:09Z
Infantry Fighting Vehicles,Russia,https://upload.wikimedia.org/wikipedia/en/thumb/f/f3/Flag_of_Russia.svg/23px-Flag_of_Russia.svg.png,BMP-3,captured,https://i.postimg.cc/RCkvgNdS/33h.jpg,154,1387,834,74,448,31,2022-10-04T21:08:09Z
Infantry Fighting Vehicles,Russia,https://upload.wikimedia.org/wikipedia/en/thumb/f/f3/Flag_of_Russia.svg/23px-Flag_of_Russia.svg.png,BMP-3,captured,https://i.postimg.cc/L8nKNtCk/760.jpg,154,1387,834,74,448,31,2022-10-04T21:08:09Z
Infantry Fighting Vehicles,Russia,https://upload.wikimedia.org/wikipedia/en/thumb/f/f3/Flag_of_Russia.svg/23px-Flag_of_Russia.svg.png,BMP-3,captured,https://i.postimg.cc/TwLDs8Yx/c2.jpg,154,1387,834,74,448,31,2022-10-04T21:08:09Z
Infantry Fighting Vehicles,Russia,https://upload.wikimedia.org/wikipedia/en/thumb/f/f3/Flag_of_Russia.svg/23px-Flag_of_Russia.svg.png,BMP-3,captured,https://i.postimg.cc/Fs5xyXbs/j9.jpg,154,1387,834,74,448,31,2022-10-04T21:08:09Z
Infantry Fighting Vehicles,Russia,https://upload.wikimedia.org/wikipedia/en/thumb/f/f3/Flag_of_Russia.svg/23px-Flag_of_Russia.svg.png,BMP-3,captured,https://i.postimg.cc/1tChfp67/h7.jpg,154,1387,834,74,448,31,2022-10-04T21:08:09Z
Infantry Fighting Vehicles,Russia,https://upload.wikimedia.org/wikipedia/en/thumb/f/f3/Flag_of_Russia.svg/23px-Flag_of_Russia.svg.png,BMP-3,captured,https://i.postimg.cc/XJqvjnqD/4387.png,154,1387,834,74,448,31,2022-10-04T21:08:09Z
Infantry Fighting Vehicles,Russia,https://upload.wikimedia.org/wikipedia/en/thumb/f/f3/Flag_of_Russia.svg/23px-Flag_of_Russia.svg.png,BMP-3,captured,https://i.postimg.cc/XJqvjnqD/4387.png,154,1387,834,74,448,31,2022-10-04T21:08:09Z
Infantry Fighting Vehicles,Russia,https://upload.wikimedia.org/wikipedia/en/thumb/f/f3/Flag_of_Russia.svg/23px-Flag_of_Russia.svg.png,BMP-3,captured,https://i.postimg.cc/nzpCGZ4h/579.png,154,1387,834,74,448,31,2022-10-04T21:08:09Z
Infantry Fighting Vehicles,Russia,https://upload.wikimedia.org/wikipedia/en/thumb/f/f3/Flag_of_Russia.svg/23px-Flag_of_Russia.svg.png,BMP-3,captured,https://twitter.com/UAWeapons/status/1543589293439991815,154,1387,834,74,448,31,2022-10-04T21:08:09Z
Infantry Fighting Vehicles,Russia,https://upload.wikimedia.org/wikipedia/en/thumb/f/f3/Flag_of_Russia.svg/23px-Flag_of_Russia.svg.png,BMP-3,captured,https://i.postimg.cc/136yYkmF/1013.jpg,154,1387,834,74,448,31,2022-10-04T21:08:09Z
Infantry Fighting Vehicles,Russia,https://upload.wikimedia.org/wikipedia/en/thumb/f/f3/Flag_of_Russia.svg/23px-Flag_of_Russia.svg.png,BMP-3,captured,https://i.postimg.cc/6QwR5JLV/85.png,154,1387,834,74,448,31,2022-10-04T21:08:09Z
Infantry Fighting Vehicles,Russia,https://upload.wikimedia.org/wikipedia/en/thumb/f/f3/Flag_of_Russia.svg/23px-Flag_of_Russia.svg.png,BMP-3,captured,https://twitter.com/RALee85/status/1544002254948147205,154,1387,834,74,448,31,2022-10-04T21:08:09Z
Infantry Fighting Vehicles,Russia,https://upload.wikimedia.org/wikipedia/en/thumb/f/f3/Flag_of_Russia.svg/23px-Flag_of_Russia.svg.png,BMP-3,captured,https://i.postimg.cc/KYsHnvSn/38.png,154,1387,834,74,448,31,2022-10-04T21:08:09Z
Infantry Fighting Vehicles,Russia,https://upload.wikimedia.org/wikipedia/en/thumb/f/f3/Flag_of_Russia.svg/23px-Flag_of_Russia.svg.png,BMP-3,captured,https://i.postimg.cc/gc3DsCqV/Screenshot-8343.png,154,1387,834,74,448,31,2022-10-04T21:08:09Z
Infantry Fighting Vehicles,Russia,https://upload.wikimedia.org/wikipedia/en/thumb/f/f3/Flag_of_Russia.svg/23px-Flag_of_Russia.svg.png,BMP-3,captured,https://i.postimg.cc/yYBTbLvw/Screenshot-8345.png,154,1387,834,74,448,31,2022-10-04T21:08:09Z
Infantry Fighting Vehicles,Russia,https://upload.wikimedia.org/wikipedia/en/thumb/f/f3/Flag_of_Russia.svg/23px-Flag_of_Russia.svg.png,BMP-3,captured,https://i.postimg.cc/nrpgjrrf/1011.jpg,154,1387,834,74,448,31,2022-10-04T21:08:09Z
Infantry Fighting Vehicles,Russia,https://upload.wikimedia.org/wikipedia/en/thumb/f/f3/Flag_of_Russia.svg/23px-Flag_of_Russia.svg.png,BMP-3,captured,https://i.postimg.cc/hvXc8qJx/653.png,154,1387,834,74,448,31,2022-10-04T21:08:09Z
Infantry Fighting Vehicles,Russia,https://upload.wikimedia.org/wikipedia/en/thumb/f/f3/Flag_of_Russia.svg/23px-Flag_of_Russia.svg.png,BMP-3,captured,https://i.postimg.cc/RVd7t2bw/58.png,154,1387,834,74,448,31,2022-10-04T21:08:09Z
Infantry Fighting Vehicles,Russia,https://upload.wikimedia.org/wikipedia/en/thumb/f/f3/Flag_of_Russia.svg/23px-Flag_of_Russia.svg.png,BMP-3,captured,https://i.postimg.cc/B6V8FnM8/1004-bmp-3.jpg,154,1387,834,74,448,31,2022-10-04T21:08:09Z
Infantry Fighting Vehicles,Russia,https://upload.wikimedia.org/wikipedia/en/thumb/f/f3/Flag_of_Russia.svg/23px-Flag_of_Russia.svg.png,BMP-3,captured,https://i.postimg.cc/fLjQcz3R/51.jpg,154,1387,834,74,448,31,2022-10-04T21:08:09Z
Infantry Fighting Vehicles,Russia,https://upload.wikimedia.org/wikipedia/en/thumb/f/f3/Flag_of_Russia.svg/23px-Flag_of_Russia.svg.png,BMP-3,captured,https://i.postimg.cc/Ghw0nr5d/sfg.png,154,1387,834,74,448,31,2022-10-04T21:08:09Z
Infantry Fighting Vehicles,Russia,https://upload.wikimedia.org/wikipedia/en/thumb/f/f3/Flag_of_Russia.svg/23px-Flag_of_Russia.svg.png,BMP-3,captured,https://i.postimg.cc/Y90pN0MQ/d14g.png,154,1387,834,74,448,31,2022-10-04T21:08:09Z
Infantry Fighting Vehicles,Russia,https://upload.wikimedia.org/wikipedia/en/thumb/f/f3/Flag_of_Russia.svg/23px-Flag_of_Russia.svg.png,BMP-3,captured,https://i.postimg.cc/CLpMCKPM/14.png,154,1387,834,74,448,31,2022-10-04T21:08:09Z
Infantry Fighting Vehicles,Russia,https://upload.wikimedia.org/wikipedia/en/thumb/f/f3/Flag_of_Russia.svg/23px-Flag_of_Russia.svg.png,BMP-3,captured,https://i.postimg.cc/Gpgj5ZYm/2r.png,154,1387,834,74,448,31,2022-10-04T21:08:09Z
Infantry Fighting Vehicles,Russia,https://upload.wikimedia.org/wikipedia/en/thumb/f/f3/Flag_of_Russia.svg/23px-Flag_of_Russia.svg.png,BMP-3,captured,https://i.postimg.cc/SKwPQhVN/3311.jpg,154,1387,834,74,448,31,2022-10-04T21:08:09Z
Infantry Fighting Vehicles,Russia,https://upload.wikimedia.org/wikipedia/en/thumb/f/f3/Flag_of_Russia.svg/23px-Flag_of_Russia.svg.png,BMP-3,captured,https://i.postimg.cc/0j4pj428/6665.jpg,154,1387,834,74,448,31,2022-10-04T21:08:09Z
Infantry Fighting Vehicles,Russia,https://upload.wikimedia.org/wikipedia/en/thumb/f/f3/Flag_of_Russia.svg/23px-Flag_of_Russia.svg.png,BMP-3,captured,https://i.postimg.cc/B6v142qD/7j6.png,154,1387,834,74,448,31,2022-10-04T21:08:09Z
Infantry Fighting Vehicles,Russia,https://upload.wikimedia.org/wikipedia/en/thumb/f/f3/Flag_of_Russia.svg/23px-Flag_of_Russia.svg.png,BMP-3,captured,https://twitter.com/UAWeapons/status/1556652609368383490,154,1387,834,74,448,31,2022-10-04T21:08:09Z
Infantry Fighting Vehicles,Russia,https://upload.wikimedia.org/wikipedia/en/thumb/f/f3/Flag_of_Russia.svg/23px-Flag_of_Russia.svg.png,BMP-3,captured,https://i.postimg.cc/jjmjsLGw/dd1.jpg,154,1387,834,74,448,31,2022-10-04T21:08:09Z
Infantry Fighting Vehicles,Russia,https://upload.wikimedia.org/wikipedia/en/thumb/f/f3/Flag_of_Russia.svg/23px-Flag_of_Russia.svg.png,BMP-3,captured,https://i.postimg.cc/63KDjcrS/v6.png,154,1387,834,74,448,31,2022-10-04T21:08:09Z
Infantry Fighting Vehicles,Russia,https://upload.wikimedia.org/wikipedia/en/thumb/f/f3/Flag_of_Russia.svg/23px-Flag_of_Russia.svg.png,BMP-3,captured,https://i.postimg.cc/NFnwb5WB/1000.jpg,154,1387,834,74,448,31,2022-10-04T21:08:09Z
Infantry Fighting Vehicles,Russia,https://upload.wikimedia.org/wikipedia/en/thumb/f/f3/Flag_of_Russia.svg/23px-Flag_of_Russia.svg.png,BMP-3,captured,https://i.postimg.cc/7h2VzW38/1005-bmp3.jpg,154,1387,834,74,448,31,2022-10-04T21:08:09Z
Infantry Fighting Vehicles,Russia,https://upload.wikimedia.org/wikipedia/en/thumb/f/f3/Flag_of_Russia.svg/23px-Flag_of_Russia.svg.png,BMP-3,damaged,https://twitter.com/UAWeapons/status/1567823899785658368,154,1387,834,74,448,31,2022-10-04T21:08:09Z
Infantry Fighting Vehicles,Russia,https://upload.wikimedia.org/wikipedia/en/thumb/f/f3/Flag_of_Russia.svg/23px-Flag_of_Russia.svg.png,BMP-3,captured,https://twitter.com/UAWeapons/status/1568649942113337345,154,1387,834,74,448,31,2022-10-04T21:08:09Z
Infantry Fighting Vehicles,Russia,https://upload.wikimedia.org/wikipedia/en/thumb/f/f3/Flag_of_Russia.svg/23px-Flag_of_Russia.svg.png,BMP-3,damaged,https://i.postimg.cc/L6wNT0jg/1010.jpg,154,1387,834,74,448,31,2022-10-04T21:08:09Z
Infantry Fighting Vehicles,Russia,https://upload.wikimedia.org/wikipedia/en/thumb/f/f3/Flag_of_Russia.svg/23px-Flag_of_Russia.svg.png,BMP-3,captured,https://twitter.com/UAWeapons/status/1570488772290125825,154,1387,834,74,448,31,2022-10-04T21:08:09Z
Infantry Fighting Vehicles,Russia,https://upload.wikimedia.org/wikipedia/en/thumb/f/f3/Flag_of_Russia.svg/23px-Flag_of_Russia.svg.png,BMP-3,captured,https://twitter.com/UAWeapons/status/1570764195385446400,154,1387,834,74,448,31,2022-10-04T21:08:09Z
Infantry Fighting Vehicles,Russia,https://upload.wikimedia.org/wikipedia/en/thumb/f/f3/Flag_of_Russia.svg/23px-Flag_of_Russia.svg.png,BMP-3,captured,https://i.postimg.cc/pVDcn5RG/1000-bmp3.jpg,154,1387,834,74,448,31,2022-10-04T21:08:09Z
Infantry Fighting Vehicles,Russia,https://upload.wikimedia.org/wikipedia/en/thumb/f/f3/Flag_of_Russia.svg/23px-Flag_of_Russia.svg.png,BMP-3,captured,https://twitter.com/UAWeapons/status/1574388532239425536,154,1387,834,74,448,31,2022-10-04T21:08:09Z
Infantry Fighting Vehicles,Russia,https://upload.wikimedia.org/wikipedia/en/thumb/f/f3/Flag_of_Russia.svg/23px-Flag_of_Russia.svg.png,BMP-3,captured,https://i.postimg.cc/k4JF5XG8/1006-bmp3-capt.jpg,154,1387,834,74,448,31,2022-10-04T21:08:09Z
Infantry Fighting Vehicles,Russia,https://upload.wikimedia.org/wikipedia/en/thumb/f/f3/Flag_of_Russia.svg/23px-Flag_of_Russia.svg.png,BMP-3,captured,https://i.postimg.cc/43YGpRxS/1008-bmp3-capt.jpg,154,1387,834,74,448,31,2022-10-04T21:08:09Z
Infantry Fighting Vehicles,Russia,https://upload.wikimedia.org/wikipedia/en/thumb/f/f3/Flag_of_Russia.svg/23px-Flag_of_Russia.svg.png,BMP-3,captured,https://i.postimg.cc/5NdkR2KH/1023-bmp3-capt.jpg,154,1387,834,74,448,31,2022-10-04T21:08:09Z
Infantry Fighting Vehicles,Russia,https://upload.wikimedia.org/wikipedia/en/thumb/f/f3/Flag_of_Russia.svg/23px-Flag_of_Russia.svg.png,BMP-3,captured,https://i.postimg.cc/Bn9XhqVY/2022-10-01-BMP-3.jpg,154,1387,834,74,448,31,2022-10-04T21:08:09Z
Infantry Fighting Vehicles,Russia,https://upload.wikimedia.org/wikipedia/en/thumb/f/f3/Flag_of_Russia.svg/23px-Flag_of_Russia.svg.png,BMP-3,captured,https://i.postimg.cc/wBY6SkzT/1013-bmp3-capt.jpg,154,1387,834,74,448,31,2022-10-04T21:08:09Z
Infantry Fighting Vehicles,Russia,https://upload.wikimedia.org/wikipedia/en/thumb/f/f3/Flag_of_Russia.svg/23px-Flag_of_Russia.svg.png,BMO-T,destroyed,https://i.postimg.cc/SxSjNW3v/47hh.png,3,1387,834,74,448,31,2022-10-04T21:08:09Z
Infantry Fighting Vehicles,Russia,https://upload.wikimedia.org/wikipedia/en/thumb/f/f3/Flag_of_Russia.svg/23px-Flag_of_Russia.svg.png,BMO-T,destroyed,https://twitter.com/UAWeapons/status/1556194099572736001,3,1387,834,74,448,31,2022-10-04T21:08:09Z
Infantry Fighting Vehicles,Russia,https://upload.wikimedia.org/wikipedia/en/thumb/f/f3/Flag_of_Russia.svg/23px-Flag_of_Russia.svg.png,BMO-T,destroyed,https://twitter.com/UAWeapons/status/1570108217593630721,3,1387,834,74,448,31,2022-10-04T21:08:09Z
Infantry Fighting Vehicles,Russia,https://upload.wikimedia.org/wikipedia/commons/thumb/a/a9/Flag_of_the_Soviet_Union.svg/23px-Flag_of_the_Soviet_Union.svg.png,BMD-2,destroyed,https://postimg.cc/9wdsG1Hh,140,1387,834,74,448,31,2022-10-04T21:08:09Z
Infantry Fighting Vehicles,Russia,https://upload.wikimedia.org/wikipedia/commons/thumb/a/a9/Flag_of_the_Soviet_Union.svg/23px-Flag_of_the_Soviet_Union.svg.png,BMD-2,destroyed,https://i.postimg.cc/QtD182qg/tt6.jpg,140,1387,834,74,448,31,2022-10-04T21:08:09Z
Infantry Fighting Vehicles,Russia,https://upload.wikimedia.org/wikipedia/commons/thumb/a/a9/Flag_of_the_Soviet_Union.svg/23px-Flag_of_the_Soviet_Union.svg.png,BMD-2,destroyed,https://i.postimg.cc/pTY5BZzR/b7.png,140,1387,834,74,448,31,2022-10-04T21:08:09Z
Infantry Fighting Vehicles,Russia,https://upload.wikimedia.org/wikipedia/commons/thumb/a/a9/Flag_of_the_Soviet_Union.svg/23px-Flag_of_the_Soviet_Union.svg.png,BMD-2,destroyed,https://i.postimg.cc/qqxLSbMj/f56.png,140,1387,834,74,448,31,2022-10-04T21:08:09Z
Infantry Fighting Vehicles,Russia,https://upload.wikimedia.org/wikipedia/commons/thumb/a/a9/Flag_of_the_Soviet_Union.svg/23px-Flag_of_the_Soviet_Union.svg.png,BMD-2,destroyed,https://i.postimg.cc/y6ZsLcz6/f51.png,140,1387,834,74,448,31,2022-10-04T21:08:09Z
Infantry Fighting Vehicles,Russia,https://upload.wikimedia.org/wikipedia/commons/thumb/a/a9/Flag_of_the_Soviet_Union.svg/23px-Flag_of_the_Soviet_Union.svg.png,BMD-2,destroyed,https://i.postimg.cc/gJjhXYsC/h9.jpg,140,1387,834,74,448,31,2022-10-04T21:08:09Z
Infantry Fighting Vehicles,Russia,https://upload.wikimedia.org/wikipedia/commons/thumb/a/a9/Flag_of_the_Soviet_Union.svg/23px-Flag_of_the_Soviet_Union.svg.png,BMD-2,destroyed,https://i.postimg.cc/1tcPVmD9/4435.jpg,140,1387,834,74,448,31,2022-10-04T21:08:09Z
Infantry Fighting Vehicles,Russia,https://upload.wikimedia.org/wikipedia/commons/thumb/a/a9/Flag_of_the_Soviet_Union.svg/23px-Flag_of_the_Soviet_Union.svg.png,BMD-2,destroyed,https://i.postimg.cc/44vdkWcD/j6.jpg,140,1387,834,74,448,31,2022-10-04T21:08:09Z
Infantry Fighting Vehicles,Russia,https://upload.wikimedia.org/wikipedia/commons/thumb/a/a9/Flag_of_the_Soviet_Union.svg/23px-Flag_of_the_Soviet_Union.svg.png,BMD-2,destroyed,https://i.postimg.cc/8Ptzsstw/j7.jpg,140,1387,834,74,448,31,2022-10-04T21:08:09Z
Infantry Fighting Vehicles,Russia,https://upload.wikimedia.org/wikipedia/commons/thumb/a/a9/Flag_of_the_Soviet_Union.svg/23px-Flag_of_the_Soviet_Union.svg.png,BMD-2,destroyed,https://i.postimg.cc/mgk29Rn4/j8.jpg,140,1387,834,74,448,31,2022-10-04T21:08:09Z
Infantry Fighting Vehicles,Russia,https://upload.wikimedia.org/wikipedia/commons/thumb/a/a9/Flag_of_the_Soviet_Union.svg/23px-Flag_of_the_Soviet_Union.svg.png,BMD-2,destroyed,https://i.postimg.cc/8zYkB986/j9.jpg,140,1387,834,74,448,31,2022-10-04T21:08:09Z
Infantry Fighting Vehicles,Russia,https://upload.wikimedia.org/wikipedia/commons/thumb/a/a9/Flag_of_the_Soviet_Union.svg/23px-Flag_of_the_Soviet_Union.svg.png,BMD-2,destroyed,https://i.postimg.cc/N0qdzsNH/250.png,140,1387,834,74,448,31,2022-10-04T21:08:09Z
Infantry Fighting Vehicles,Russia,https://upload.wikimedia.org/wikipedia/commons/thumb/a/a9/Flag_of_the_Soviet_Union.svg/23px-Flag_of_the_Soviet_Union.svg.png,BMD-2,destroyed,https://i.postimg.cc/zXBnGNWH/54.jpg,140,1387,834,74,448,31,2022-10-04T21:08:09Z
Infantry Fighting Vehicles,Russia,https://upload.wikimedia.org/wikipedia/commons/thumb/a/a9/Flag_of_the_Soviet_Union.svg/23px-Flag_of_the_Soviet_Union.svg.png,BMD-2,destroyed,https://i.postimg.cc/KYyhjSr2/36hj.png,140,1387,834,74,448,31,2022-10-04T21:08:09Z
Infantry Fighting Vehicles,Russia,https://upload.wikimedia.org/wikipedia/commons/thumb/a/a9/Flag_of_the_Soviet_Union.svg/23px-Flag_of_the_Soviet_Union.svg.png,BMD-2,destroyed,https://i.postimg.cc/7PsrT3g9/3234.png,140,1387,834,74,448,31,2022-10-04T21:08:09Z
Infantry Fighting Vehicles,Russia,https://upload.wikimedia.org/wikipedia/commons/thumb/a/a9/Flag_of_the_Soviet_Union.svg/23px-Flag_of_the_Soviet_Union.svg.png,BMD-2,destroyed,https://i.postimg.cc/d04549yB/68.png,140,1387,834,74,448,31,2022-10-04T21:08:09Z
Infantry Fighting Vehicles,Russia,https://upload.wikimedia.org/wikipedia/commons/thumb/a/a9/Flag_of_the_Soviet_Union.svg/23px-Flag_of_the_Soviet_Union.svg.png,BMD-2,destroyed,https://i.postimg.cc/LsgdF0Fx/37.png,140,1387,834,74,448,31,2022-10-04T21:08:09Z
Infantry Fighting Vehicles,Russia,https://upload.wikimedia.org/wikipedia/commons/thumb/a/a9/Flag_of_the_Soviet_Union.svg/23px-Flag_of_the_Soviet_Union.svg.png,BMD-2,destroyed,https://i.postimg.cc/6pDdbg8R/1002.jpg,140,1387,834,74,448,31,2022-10-04T21:08:09Z
Infantry Fighting Vehicles,Russia,https://upload.wikimedia.org/wikipedia/commons/thumb/a/a9/Flag_of_the_Soviet_Union.svg/23px-Flag_of_the_Soviet_Union.svg.png,BMD-2,destroyed,https://i.postimg.cc/Bbbdh1RT/438.png,140,1387,834,74,448,31,2022-10-04T21:08:09Z
Infantry Fighting Vehicles,Russia,https://upload.wikimedia.org/wikipedia/commons/thumb/a/a9/Flag_of_the_Soviet_Union.svg/23px-Flag_of_the_Soviet_Union.svg.png,BMD-2,destroyed,https://i.postimg.cc/cLPcCR3Z/125.png,140,1387,834,74,448,31,2022-10-04T21:08:09Z
Infantry Fighting Vehicles,Russia,https://upload.wikimedia.org/wikipedia/commons/thumb/a/a9/Flag_of_the_Soviet_Union.svg/23px-Flag_of_the_Soviet_Union.svg.png,BMD-2,destroyed,https://i.postimg.cc/kGx5Nd1f/3h.png,140,1387,834,74,448,31,2022-10-04T21:08:09Z
Infantry Fighting Vehicles,Russia,https://upload.wikimedia.org/wikipedia/commons/thumb/a/a9/Flag_of_the_Soviet_Union.svg/23px-Flag_of_the_Soviet_Union.svg.png,BMD-2,destroyed,https://twitter.com/UAWeapons/status/1507390761100353540,140,1387,834,74,448,31,2022-10-04T21:08:09Z
Infantry Fighting Vehicles,Russia,https://upload.wikimedia.org/wikipedia/commons/thumb/a/a9/Flag_of_the_Soviet_Union.svg/23px-Flag_of_the_Soviet_Union.svg.png,BMD-2,destroyed,https://twitter.com/UAWeapons/status/1507390761100353540,140,1387,834,74,448,31,2022-10-04T21:08:09Z
Infantry Fighting Vehicles,Russia,https://upload.wikimedia.org/wikipedia/commons/thumb/a/a9/Flag_of_the_Soviet_Union.svg/23px-Flag_of_the_Soviet_Union.svg.png,BMD-2,destroyed,https://i.postimg.cc/SRdQbWhM/f43.png,140,1387,834,74,448,31,2022-10-04T21:08:09Z
Infantry Fighting Vehicles,Russia,https://upload.wikimedia.org/wikipedia/commons/thumb/a/a9/Flag_of_the_Soviet_Union.svg/23px-Flag_of_the_Soviet_Union.svg.png,BMD-2,destroyed,https://i.postimg.cc/9M6hWq5q/1004-bmd2.jpg,140,1387,834,74,448,31,2022-10-04T21:08:09Z
Infantry Fighting Vehicles,Russia,https://upload.wikimedia.org/wikipedia/commons/thumb/a/a9/Flag_of_the_Soviet_Union.svg/23px-Flag_of_the_Soviet_Union.svg.png,BMD-2,destroyed,https://i.postimg.cc/5tYxbp6y/54g6.jpg,140,1387,834,74,448,31,2022-10-04T21:08:09Z
Infantry Fighting Vehicles,Russia,https://upload.wikimedia.org/wikipedia/commons/thumb/a/a9/Flag_of_the_Soviet_Union.svg/23px-Flag_of_the_Soviet_Union.svg.png,BMD-2,destroyed,https://i.postimg.cc/2SjDFVrT/b12.png,140,1387,834,74,448,31,2022-10-04T21:08:09Z
Infantry Fighting Vehicles,Russia,https://upload.wikimedia.org/wikipedia/commons/thumb/a/a9/Flag_of_the_Soviet_Union.svg/23px-Flag_of_the_Soviet_Union.svg.png,BMD-2,destroyed,https://i.postimg.cc/vmcwkk1V/b13.png,140,1387,834,74,448,31,2022-10-04T21:08:09Z
Infantry Fighting Vehicles,Russia,https://upload.wikimedia.org/wikipedia/commons/thumb/a/a9/Flag_of_the_Soviet_Union.svg/23px-Flag_of_the_Soviet_Union.svg.png,BMD-2,destroyed,https://i.postimg.cc/25RgmgYf/1026-bmd2.jpg,140,1387,834,74,448,31,2022-10-04T21:08:09Z
Infantry Fighting Vehicles,Russia,https://upload.wikimedia.org/wikipedia/commons/thumb/a/a9/Flag_of_the_Soviet_Union.svg/23px-Flag_of_the_Soviet_Union.svg.png,BMD-2,destroyed,https://i.postimg.cc/sgpkkn4s/f443.jpg,140,1387,834,74,448,31,2022-10-04T21:08:09Z
Infantry Fighting Vehicles,Russia,https://upload.wikimedia.org/wikipedia/commons/thumb/a/a9/Flag_of_the_Soviet_Union.svg/23px-Flag_of_the_Soviet_Union.svg.png,BMD-2,destroyed,https://i.postimg.cc/sgpkkn4s/f443.jpg,140,1387,834,74,448,31,2022-10-04T21:08:09Z
Infantry Fighting Vehicles,Russia,https://upload.wikimedia.org/wikipedia/commons/thumb/a/a9/Flag_of_the_Soviet_Union.svg/23px-Flag_of_the_Soviet_Union.svg.png,BMD-2,destroyed,https://i.postimg.cc/7LFMh0TH/65.png,140,1387,834,74,448,31,2022-10-04T21:08:09Z
Infantry Fighting Vehicles,Russia,https://upload.wikimedia.org/wikipedia/commons/thumb/a/a9/Flag_of_the_Soviet_Union.svg/23px-Flag_of_the_Soviet_Union.svg.png,BMD-2,destroyed,https://twitter.com/UAWeapons/status/1514918819621478407,140,1387,834,74,448,31,2022-10-04T21:08:09Z
Infantry Fighting Vehicles,Russia,https://upload.wikimedia.org/wikipedia/commons/thumb/a/a9/Flag_of_the_Soviet_Union.svg/23px-Flag_of_the_Soviet_Union.svg.png,BMD-2,destroyed,https://i.postimg.cc/QdYKwLBc/76.jpg,140,1387,834,74,448,31,2022-10-04T21:08:09Z
Infantry Fighting Vehicles,Russia,https://upload.wikimedia.org/wikipedia/commons/thumb/a/a9/Flag_of_the_Soviet_Union.svg/23px-Flag_of_the_Soviet_Union.svg.png,BMD-2,destroyed,https://i.postimg.cc/Ghq4T0x6/bbbbmd2.jpg,140,1387,834,74,448,31,2022-10-04T21:08:09Z
Infantry Fighting Vehicles,Russia,https://upload.wikimedia.org/wikipedia/commons/thumb/a/a9/Flag_of_the_Soviet_Union.svg/23px-Flag_of_the_Soviet_Union.svg.png,BMD-2,destroyed,https://i.postimg.cc/KzBK1R05/bbbmmdd22.jpg,140,1387,834,74,448,31,2022-10-04T21:08:09Z
Infantry Fighting Vehicles,Russia,https://upload.wikimedia.org/wikipedia/commons/thumb/a/a9/Flag_of_the_Soviet_Union.svg/23px-Flag_of_the_Soviet_Union.svg.png,BMD-2,destroyed,https://i.postimg.cc/nLs9td7g/bbmd22.jpg,140,1387,834,74,448,31,2022-10-04T21:08:09Z
Infantry Fighting Vehicles,Russia,https://upload.wikimedia.org/wikipedia/commons/thumb/a/a9/Flag_of_the_Soviet_Union.svg/23px-Flag_of_the_Soviet_Union.svg.png,BMD-2,destroyed,https://i.postimg.cc/T1cpcBML/bbmdd2.jpg,140,1387,834,74,448,31,2022-10-04T21:08:09Z
Infantry Fighting Vehicles,Russia,https://upload.wikimedia.org/wikipedia/commons/thumb/a/a9/Flag_of_the_Soviet_Union.svg/23px-Flag_of_the_Soviet_Union.svg.png,BMD-2,destroyed,https://i.postimg.cc/bwvSFYcs/bu.jpg,140,1387,834,74,448,31,2022-10-04T21:08:09Z
Infantry Fighting Vehicles,Russia,https://upload.wikimedia.org/wikipedia/commons/thumb/a/a9/Flag_of_the_Soviet_Union.svg/23px-Flag_of_the_Soviet_Union.svg.png,BMD-2,destroyed,https://i.postimg.cc/mgktQddk/bbmmmd222.jpg,140,1387,834,74,448,31,2022-10-04T21:08:09Z
Infantry Fighting Vehicles,Russia,https://upload.wikimedia.org/wikipedia/commons/thumb/a/a9/Flag_of_the_Soviet_Union.svg/23px-Flag_of_the_Soviet_Union.svg.png,BMD-2,destroyed,https://i.postimg.cc/xTvdSTXR/1027.jpg,140,1387,834,74,448,31,2022-10-04T21:08:09Z
Infantry Fighting Vehicles,Russia,https://upload.wikimedia.org/wikipedia/commons/thumb/a/a9/Flag_of_the_Soviet_Union.svg/23px-Flag_of_the_Soviet_Union.svg.png,BMD-2,destroyed,https://i.postimg.cc/mkVg9MC7/bmddd2.jpg,140,1387,834,74,448,31,2022-10-04T21:08:09Z
Infantry Fighting Vehicles,Russia,https://upload.wikimedia.org/wikipedia/commons/thumb/a/a9/Flag_of_the_Soviet_Union.svg/23px-Flag_of_the_Soviet_Union.svg.png,BMD-2,destroyed,https://i.postimg.cc/0yqfdLkY/887.jpg,140,1387,834,74,448,31,2022-10-04T21:08:09Z
Infantry Fighting Vehicles,Russia,https://upload.wikimedia.org/wikipedia/commons/thumb/a/a9/Flag_of_the_Soviet_Union.svg/23px-Flag_of_the_Soviet_Union.svg.png,BMD-2,destroyed,https://i.postimg.cc/Df9dntb9/g7.png,140,1387,834,74,448,31,2022-10-04T21:08:09Z
Infantry Fighting Vehicles,Russia,https://upload.wikimedia.org/wikipedia/commons/thumb/a/a9/Flag_of_the_Soviet_Union.svg/23px-Flag_of_the_Soviet_Union.svg.png,BMD-2,destroyed,https://i.postimg.cc/Hs4Pk04p/443.png,140,1387,834,74,448,31,2022-10-04T21:08:09Z
Infantry Fighting Vehicles,Russia,https://upload.wikimedia.org/wikipedia/commons/thumb/a/a9/Flag_of_the_Soviet_Union.svg/23px-Flag_of_the_Soviet_Union.svg.png,BMD-2,destroyed,https://i.postimg.cc/hjyYDxLn/96.png,140,1387,834,74,448,31,2022-10-04T21:08:09Z
Infantry Fighting Vehicles,Russia,https://upload.wikimedia.org/wikipedia/commons/thumb/a/a9/Flag_of_the_Soviet_Union.svg/23px-Flag_of_the_Soviet_Union.svg.png,BMD-2,destroyed,https://i.postimg.cc/0QCqYTSQ/655.jpg,140,1387,834,74,448,31,2022-10-04T21:08:09Z
Infantry Fighting Vehicles,Russia,https://upload.wikimedia.org/wikipedia/commons/thumb/a/a9/Flag_of_the_Soviet_Union.svg/23px-Flag_of_the_Soviet_Union.svg.png,BMD-2,destroyed,https://i.postimg.cc/GtCyG3s9/332.png,140,1387,834,74,448,31,2022-10-04T21:08:09Z
Infantry Fighting Vehicles,Russia,https://upload.wikimedia.org/wikipedia/commons/thumb/a/a9/Flag_of_the_Soviet_Union.svg/23px-Flag_of_the_Soviet_Union.svg.png,BMD-2,destroyed,https://i.postimg.cc/Wb49Ns62/1013.jpg,140,1387,834,74,448,31,2022-10-04T21:08:09Z
Infantry Fighting Vehicles,Russia,https://upload.wikimedia.org/wikipedia/commons/thumb/a/a9/Flag_of_the_Soviet_Union.svg/23px-Flag_of_the_Soviet_Union.svg.png,BMD-2,destroyed,https://twitter.com/UAWeapons/status/1531547384081162241,140,1387,834,74,448,31,2022-10-04T21:08:09Z
Infantry Fighting Vehicles,Russia,https://upload.wikimedia.org/wikipedia/commons/thumb/a/a9/Flag_of_the_Soviet_Union.svg/23px-Flag_of_the_Soviet_Union.svg.png,BMD-2,destroyed,https://i.postimg.cc/HLrSGbvQ/d1.png,140,1387,834,74,448,31,2022-10-04T21:08:09Z
Infantry Fighting Vehicles,Russia,https://upload.wikimedia.org/wikipedia/commons/thumb/a/a9/Flag_of_the_Soviet_Union.svg/23px-Flag_of_the_Soviet_Union.svg.png,BMD-2,destroyed,https://i.postimg.cc/MZdZQGyg/1012.jpg,140,1387,834,74,448,31,2022-10-04T21:08:09Z
Infantry Fighting Vehicles,Russia,https://upload.wikimedia.org/wikipedia/commons/thumb/a/a9/Flag_of_the_Soviet_Union.svg/23px-Flag_of_the_Soviet_Union.svg.png,BMD-2,destroyed,https://twitter.com/UAWeapons/status/1535358242645213184,140,1387,834,74,448,31,2022-10-04T21:08:09Z
Infantry Fighting Vehicles,Russia,https://upload.wikimedia.org/wikipedia/commons/thumb/a/a9/Flag_of_the_Soviet_Union.svg/23px-Flag_of_the_Soviet_Union.svg.png,BMD-2,destroyed,https://i.postimg.cc/85h4p2F5/1000-BMD-2.jpg,140,1387,834,74,448,31,2022-10-04T21:08:09Z
Infantry Fighting Vehicles,Russia,https://upload.wikimedia.org/wikipedia/commons/thumb/a/a9/Flag_of_the_Soviet_Union.svg/23px-Flag_of_the_Soviet_Union.svg.png,BMD-2,destroyed,https://i.postimg.cc/htXmLKkL/1015.jpg,140,1387,834,74,448,31,2022-10-04T21:08:09Z
Infantry Fighting Vehicles,Russia,https://upload.wikimedia.org/wikipedia/commons/thumb/a/a9/Flag_of_the_Soviet_Union.svg/23px-Flag_of_the_Soviet_Union.svg.png,BMD-2,destroyed,https://i.postimg.cc/76kTr0f9/1016.jpg,140,1387,834,74,448,31,2022-10-04T21:08:09Z
Infantry Fighting Vehicles,Russia,https://upload.wikimedia.org/wikipedia/commons/thumb/a/a9/Flag_of_the_Soviet_Union.svg/23px-Flag_of_the_Soviet_Union.svg.png,BMD-2,destroyed,https://i.postimg.cc/SxHMVw4w/1017.jpg,140,1387,834,74,448,31,2022-10-04T21:08:09Z
Infantry Fighting Vehicles,Russia,https://upload.wikimedia.org/wikipedia/commons/thumb/a/a9/Flag_of_the_Soviet_Union.svg/23px-Flag_of_the_Soviet_Union.svg.png,BMD-2,destroyed,https://i.postimg.cc/6QRGPY5T/1018.jpg,140,1387,834,74,448,31,2022-10-04T21:08:09Z
Infantry Fighting Vehicles,Russia,https://upload.wikimedia.org/wikipedia/commons/thumb/a/a9/Flag_of_the_Soviet_Union.svg/23px-Flag_of_the_Soviet_Union.svg.png,BMD-2,destroyed,https://i.postimg.cc/c1cfZ97n/1020.jpg,140,1387,834,74,448,31,2022-10-04T21:08:09Z
Infantry Fighting Vehicles,Russia,https://upload.wikimedia.org/wikipedia/commons/thumb/a/a9/Flag_of_the_Soviet_Union.svg/23px-Flag_of_the_Soviet_Union.svg.png,BMD-2,destroyed,https://twitter.com/UAWeapons/status/1547270777887723524,140,1387,834,74,448,31,2022-10-04T21:08:09Z
Infantry Fighting Vehicles,Russia,https://upload.wikimedia.org/wikipedia/commons/thumb/a/a9/Flag_of_the_Soviet_Union.svg/23px-Flag_of_the_Soviet_Union.svg.png,BMD-2,destroyed,https://twitter.com/UAWeapons/status/1547270777887723524,140,1387,834,74,448,31,2022-10-04T21:08:09Z
Infantry Fighting Vehicles,Russia,https://upload.wikimedia.org/wikipedia/commons/thumb/a/a9/Flag_of_the_Soviet_Union.svg/23px-Flag_of_the_Soviet_Union.svg.png,BMD-2,destroyed,https://postlmg.cc/K3k4cZMk,140,1387,834,74,448,31,2022-10-04T21:08:09Z
Infantry Fighting Vehicles,Russia,https://upload.wikimedia.org/wikipedia/commons/thumb/a/a9/Flag_of_the_Soviet_Union.svg/23px-Flag_of_the_Soviet_Union.svg.png,BMD-2,destroyed,https://i.postimg.cc/43hjfLtx/1018-BMD2.jpg,140,1387,834,74,448,31,2022-10-04T21:08:09Z
Infantry Fighting Vehicles,Russia,https://upload.wikimedia.org/wikipedia/commons/thumb/a/a9/Flag_of_the_Soviet_Union.svg/23px-Flag_of_the_Soviet_Union.svg.png,BMD-2,destroyed,https://i.postimg.cc/Z5Q1htWQ/1019-BMD2.jpg,140,1387,834,74,448,31,2022-10-04T21:08:09Z
Infantry Fighting Vehicles,Russia,https://upload.wikimedia.org/wikipedia/commons/thumb/a/a9/Flag_of_the_Soviet_Union.svg/23px-Flag_of_the_Soviet_Union.svg.png,BMD-2,destroyed,https://i.postimg.cc/66hgpG7n/1020-BMD2.jpg,140,1387,834,74,448,31,2022-10-04T21:08:09Z
Infantry Fighting Vehicles,Russia,https://upload.wikimedia.org/wikipedia/commons/thumb/a/a9/Flag_of_the_Soviet_Union.svg/23px-Flag_of_the_Soviet_Union.svg.png,BMD-2,destroyed,https://i.postimg.cc/Vv4VG3yD/1021-BMD2.jpg,140,1387,834,74,448,31,2022-10-04T21:08:09Z
Infantry Fighting Vehicles,Russia,https://upload.wikimedia.org/wikipedia/commons/thumb/a/a9/Flag_of_the_Soviet_Union.svg/23px-Flag_of_the_Soviet_Union.svg.png,BMD-2,destroyed,https://i.postimg.cc/1XydKyd8/1022-BMD2.jpg,140,1387,834,74,448,31,2022-10-04T21:08:09Z
Infantry Fighting Vehicles,Russia,https://upload.wikimedia.org/wikipedia/commons/thumb/a/a9/Flag_of_the_Soviet_Union.svg/23px-Flag_of_the_Soviet_Union.svg.png,BMD-2,destroyed,https://i.postimg.cc/155Tn56T/1023-BMD2.jpg,140,1387,834,74,448,31,2022-10-04T21:08:09Z
Infantry Fighting Vehicles,Russia,https://upload.wikimedia.org/wikipedia/commons/thumb/a/a9/Flag_of_the_Soviet_Union.svg/23px-Flag_of_the_Soviet_Union.svg.png,BMD-2,destroyed,https://i.postimg.cc/K8CsHPVS/1024-BMD2.jpg,140,1387,834,74,448,31,2022-10-04T21:08:09Z
Infantry Fighting Vehicles,Russia,https://upload.wikimedia.org/wikipedia/commons/thumb/a/a9/Flag_of_the_Soviet_Union.svg/23px-Flag_of_the_Soviet_Union.svg.png,BMD-2,destroyed,https://i.postimg.cc/LXt7fJxd/1025-BMD2.jpg,140,1387,834,74,448,31,2022-10-04T21:08:09Z
Infantry Fighting Vehicles,Russia,https://upload.wikimedia.org/wikipedia/commons/thumb/a/a9/Flag_of_the_Soviet_Union.svg/23px-Flag_of_the_Soviet_Union.svg.png,BMD-2,destroyed,https://i.postimg.cc/DyjNqkPz/1026-BMD2.jpg,140,1387,834,74,448,31,2022-10-04T21:08:09Z
Infantry Fighting Vehicles,Russia,https://upload.wikimedia.org/wikipedia/commons/thumb/a/a9/Flag_of_the_Soviet_Union.svg/23px-Flag_of_the_Soviet_Union.svg.png,BMD-2,destroyed,https://i.postimg.cc/YCvsRndz/1027-BMD2.jpg,140,1387,834,74,448,31,2022-10-04T21:08:09Z
Infantry Fighting Vehicles,Russia,https://upload.wikimedia.org/wikipedia/commons/thumb/a/a9/Flag_of_the_Soviet_Union.svg/23px-Flag_of_the_Soviet_Union.svg.png,BMD-2,destroyed,https://twitter.com/UAWeapons/status/1554548397562101760,140,1387,834,74,448,31,2022-10-04T21:08:09Z
Infantry Fighting Vehicles,Russia,https://upload.wikimedia.org/wikipedia/commons/thumb/a/a9/Flag_of_the_Soviet_Union.svg/23px-Flag_of_the_Soviet_Union.svg.png,BMD-2,destroyed,https://i.postimg.cc/tgXzSVcX/1014-unkn-BTR-D-BMD2.jpg,140,1387,834,74,448,31,2022-10-04T21:08:09Z
Infantry Fighting Vehicles,Russia,https://upload.wikimedia.org/wikipedia/commons/thumb/a/a9/Flag_of_the_Soviet_Union.svg/23px-Flag_of_the_Soviet_Union.svg.png,BMD-2,destroyed,https://twitter.com/UAWeapons/status/1561711928665378816,140,1387,834,74,448,31,2022-10-04T21:08:09Z
Infantry Fighting Vehicles,Russia,https://upload.wikimedia.org/wikipedia/commons/thumb/a/a9/Flag_of_the_Soviet_Union.svg/23px-Flag_of_the_Soviet_Union.svg.png,BMD-2,destroyed,https://i.postimg.cc/bJSZm78t/1001-bmd2.jpg,140,1387,834,74,448,31,2022-10-04T21:08:09Z
Infantry Fighting Vehicles,Russia,https://upload.wikimedia.org/wikipedia/commons/thumb/a/a9/Flag_of_the_Soviet_Union.svg/23px-Flag_of_the_Soviet_Union.svg.png,BMD-2,destroyed,https://i.postimg.cc/02Tq6zbq/1008-bmd2.jpg,140,1387,834,74,448,31,2022-10-04T21:08:09Z
Infantry Fighting Vehicles,Russia,https://upload.wikimedia.org/wikipedia/commons/thumb/a/a9/Flag_of_the_Soviet_Union.svg/23px-Flag_of_the_Soviet_Union.svg.png,BMD-2,destroyed,https://i.postimg.cc/kghQ7K7Z/1001-bmd2.jpg,140,1387,834,74,448,31,2022-10-04T21:08:09Z
Infantry Fighting Vehicles,Russia,https://upload.wikimedia.org/wikipedia/commons/thumb/a/a9/Flag_of_the_Soviet_Union.svg/23px-Flag_of_the_Soviet_Union.svg.png,BMD-2,destroyed,https://twitter.com/UAWeapons/status/1566548024301592577,140,1387,834,74,448,31,2022-10-04T21:08:09Z
Infantry Fighting Vehicles,Russia,https://upload.wikimedia.org/wikipedia/commons/thumb/a/a9/Flag_of_the_Soviet_Union.svg/23px-Flag_of_the_Soviet_Union.svg.png,BMD-2,destroyed,https://i.postimg.cc/g0x3PDvQ/1004-bmd2-bmp2.jpg,140,1387,834,74,448,31,2022-10-04T21:08:09Z
Infantry Fighting Vehicles,Russia,https://upload.wikimedia.org/wikipedia/commons/thumb/a/a9/Flag_of_the_Soviet_Union.svg/23px-Flag_of_the_Soviet_Union.svg.png,BMD-2,destroyed,https://i.postimg.cc/sDtN6jgy/1013-bmd2.jpg,140,1387,834,74,448,31,2022-10-04T21:08:09Z
Infantry Fighting Vehicles,Russia,https://upload.wikimedia.org/wikipedia/commons/thumb/a/a9/Flag_of_the_Soviet_Union.svg/23px-Flag_of_the_Soviet_Union.svg.png,BMD-2,destroyed,https://twitter.com/UAWeapons/status/1569347507309711362,140,1387,834,74,448,31,2022-10-04T21:08:09Z
Infantry Fighting Vehicles,Russia,https://upload.wikimedia.org/wikipedia/commons/thumb/a/a9/Flag_of_the_Soviet_Union.svg/23px-Flag_of_the_Soviet_Union.svg.png,BMD-2,destroyed,https://twitter.com/UAWeapons/status/1569743311690252292,140,1387,834,74,448,31,2022-10-04T21:08:09Z
Infantry Fighting Vehicles,Russia,https://upload.wikimedia.org/wikipedia/commons/thumb/a/a9/Flag_of_the_Soviet_Union.svg/23px-Flag_of_the_Soviet_Union.svg.png,BMD-2,destroyed,https://twitter.com/UAWeapons/status/1570427754566324225,140,1387,834,74,448,31,2022-10-04T21:08:09Z
Infantry Fighting Vehicles,Russia,https://upload.wikimedia.org/wikipedia/commons/thumb/a/a9/Flag_of_the_Soviet_Union.svg/23px-Flag_of_the_Soviet_Union.svg.png,BMD-2,destroyed,https://i.postimg.cc/KYWM7NPV/1008-bmd2.jpg,140,1387,834,74,448,31,2022-10-04T21:08:09Z
Infantry Fighting Vehicles,Russia,https://upload.wikimedia.org/wikipedia/commons/thumb/a/a9/Flag_of_the_Soviet_Union.svg/23px-Flag_of_the_Soviet_Union.svg.png,BMD-2,destroyed,https://i.postimg.cc/PxGsMLq3/1007-bmd2.jpg,140,1387,834,74,448,31,2022-10-04T21:08:09Z
Infantry Fighting Vehicles,Russia,https://upload.wikimedia.org/wikipedia/commons/thumb/a/a9/Flag_of_the_Soviet_Union.svg/23px-Flag_of_the_Soviet_Union.svg.png,BMD-2,destroyed,https://twitter.com/Blue_Sauron/status/1575577902262861825,140,1387,834,74,448,31,2022-10-04T21:08:09Z
Infantry Fighting Vehicles,Russia,https://upload.wikimedia.org/wikipedia/commons/thumb/a/a9/Flag_of_the_Soviet_Union.svg/23px-Flag_of_the_Soviet_Union.svg.png,BMD-2,damaged,https://twitter.com/UAWeapons/status/1522706604977762313,140,1387,834,74,448,31,2022-10-04T21:08:09Z
Infantry Fighting Vehicles,Russia,https://upload.wikimedia.org/wikipedia/commons/thumb/a/a9/Flag_of_the_Soviet_Union.svg/23px-Flag_of_the_Soviet_Union.svg.png,BMD-2,damaged,https://twitter.com/UAWeapons/status/1534592976671866884,140,1387,834,74,448,31,2022-10-04T21:08:09Z
Infantry Fighting Vehicles,Russia,https://upload.wikimedia.org/wikipedia/commons/thumb/a/a9/Flag_of_the_Soviet_Union.svg/23px-Flag_of_the_Soviet_Union.svg.png,BMD-2,damaged,https://twitter.com/UAWeapons/status/1534592976671866884,140,1387,834,74,448,31,2022-10-04T21:08:09Z
Infantry Fighting Vehicles,Russia,https://upload.wikimedia.org/wikipedia/commons/thumb/a/a9/Flag_of_the_Soviet_Union.svg/23px-Flag_of_the_Soviet_Union.svg.png,BMD-2,damaged,https://twitter.com/UAWeapons/status/1534592976671866884,140,1387,834,74,448,31,2022-10-04T21:08:09Z
Infantry Fighting Vehicles,Russia,https://upload.wikimedia.org/wikipedia/commons/thumb/a/a9/Flag_of_the_Soviet_Union.svg/23px-Flag_of_the_Soviet_Union.svg.png,BMD-2,damaged,https://i.postimg.cc/X7HkcTPY/1000-bmd2.jpg,140,1387,834,74,448,31,2022-10-04T21:08:09Z
Infantry Fighting Vehicles,Russia,https://upload.wikimedia.org/wikipedia/commons/thumb/a/a9/Flag_of_the_Soviet_Union.svg/23px-Flag_of_the_Soviet_Union.svg.png,BMD-2,abandoned,https://i.postimg.cc/7hqDdFSC/1011.jpg,140,1387,834,74,448,31,2022-10-04T21:08:09Z
Infantry Fighting Vehicles,Russia,https://upload.wikimedia.org/wikipedia/commons/thumb/a/a9/Flag_of_the_Soviet_Union.svg/23px-Flag_of_the_Soviet_Union.svg.png,BMD-2,abandoned,https://i.postimg.cc/xjLsrGfV/79.png,140,1387,834,74,448,31,2022-10-04T21:08:09Z
Infantry Fighting Vehicles,Russia,https://upload.wikimedia.org/wikipedia/commons/thumb/a/a9/Flag_of_the_Soviet_Union.svg/23px-Flag_of_the_Soviet_Union.svg.png,BMD-2,abandoned,https://i.postimg.cc/W4N1CS83/v1.png,140,1387,834,74,448,31,2022-10-04T21:08:09Z
Infantry Fighting Vehicles,Russia,https://upload.wikimedia.org/wikipedia/commons/thumb/a/a9/Flag_of_the_Soviet_Union.svg/23px-Flag_of_the_Soviet_Union.svg.png,BMD-2,abandoned,https://i.postimg.cc/5NVXwfjS/350.png,140,1387,834,74,448,31,2022-10-04T21:08:09Z
Infantry Fighting Vehicles,Russia,https://upload.wikimedia.org/wikipedia/commons/thumb/a/a9/Flag_of_the_Soviet_Union.svg/23px-Flag_of_the_Soviet_Union.svg.png,BMD-2,abandoned,https://i.postimg.cc/q7ynHGm8/r6.png,140,1387,834,74,448,31,2022-10-04T21:08:09Z
Infantry Fighting Vehicles,Russia,https://upload.wikimedia.org/wikipedia/commons/thumb/a/a9/Flag_of_the_Soviet_Union.svg/23px-Flag_of_the_Soviet_Union.svg.png,BMD-2,abandoned,https://i.postimg.cc/CL2nNvdT/699.png,140,1387,834,74,448,31,2022-10-04T21:08:09Z
Infantry Fighting Vehicles,Russia,https://upload.wikimedia.org/wikipedia/commons/thumb/a/a9/Flag_of_the_Soviet_Union.svg/23px-Flag_of_the_Soviet_Union.svg.png,BMD-2,destroyed,https://i.postimg.cc/HkfYHj7g/g5.jpg,140,1387,834,74,448,31,2022-10-04T21:08:09Z
Infantry Fighting Vehicles,Russia,https://upload.wikimedia.org/wikipedia/commons/thumb/a/a9/Flag_of_the_Soviet_Union.svg/23px-Flag_of_the_Soviet_Union.svg.png,BMD-2,destroyed,https://i.postimg.cc/zGLz9Tv7/g66.jpg,140,1387,834,74,448,31,2022-10-04T21:08:09Z
Infantry Fighting Vehicles,Russia,https://upload.wikimedia.org/wikipedia/commons/thumb/a/a9/Flag_of_the_Soviet_Union.svg/23px-Flag_of_the_Soviet_Union.svg.png,BMD-2,captured,https://i.postimg.cc/85LwdnhZ/4566.png,140,1387,834,74,448,31,2022-10-04T21:08:09Z
Infantry Fighting Vehicles,Russia,https://upload.wikimedia.org/wikipedia/commons/thumb/a/a9/Flag_of_the_Soviet_Union.svg/23px-Flag_of_the_Soviet_Union.svg.png,BMD-2,captured,https://i.postimg.cc/gjmQ4Pbz/ff1.png,140,1387,834,74,448,31,2022-10-04T21:08:09Z
Infantry Fighting Vehicles,Russia,https://upload.wikimedia.org/wikipedia/commons/thumb/a/a9/Flag_of_the_Soviet_Union.svg/23px-Flag_of_the_Soviet_Union.svg.png,BMD-2,captured,https://i.postimg.cc/CxQFG5Cj/4369.png,140,1387,834,74,448,31,2022-10-04T21:08:09Z
Infantry Fighting Vehicles,Russia,https://upload.wikimedia.org/wikipedia/commons/thumb/a/a9/Flag_of_the_Soviet_Union.svg/23px-Flag_of_the_Soviet_Union.svg.png,BMD-2,captured,https://i.postimg.cc/mkFD3yBJ/g3.png,140,1387,834,74,448,31,2022-10-04T21:08:09Z
Infantry Fighting Vehicles,Russia,https://upload.wikimedia.org/wikipedia/commons/thumb/a/a9/Flag_of_the_Soviet_Union.svg/23px-Flag_of_the_Soviet_Union.svg.png,BMD-2,captured,https://i.postimg.cc/8cbYfsyx/752.png,140,1387,834,74,448,31,2022-10-04T21:08:09Z
Infantry Fighting Vehicles,Russia,https://upload.wikimedia.org/wikipedia/commons/thumb/a/a9/Flag_of_the_Soviet_Union.svg/23px-Flag_of_the_Soviet_Union.svg.png,BMD-2,captured,https://i.postimg.cc/13b7j5j8/f6.jpg,140,1387,834,74,448,31,2022-10-04T21:08:09Z
Infantry Fighting Vehicles,Russia,https://upload.wikimedia.org/wikipedia/commons/thumb/a/a9/Flag_of_the_Soviet_Union.svg/23px-Flag_of_the_Soviet_Union.svg.png,BMD-2,captured,https://i.postimg.cc/brzKpBC8/4311.png,140,1387,834,74,448,31,2022-10-04T21:08:09Z
Infantry Fighting Vehicles,Russia,https://upload.wikimedia.org/wikipedia/commons/thumb/a/a9/Flag_of_the_Soviet_Union.svg/23px-Flag_of_the_Soviet_Union.svg.png,BMD-2,captured,https://i.postimg.cc/v8PQY7S5/31d.png,140,1387,834,74,448,31,2022-10-04T21:08:09Z
Infantry Fighting Vehicles,Russia,https://upload.wikimedia.org/wikipedia/commons/thumb/a/a9/Flag_of_the_Soviet_Union.svg/23px-Flag_of_the_Soviet_Union.svg.png,BMD-2,captured,https://i.postimg.cc/63qWGyGT/4331.jpg,140,1387,834,74,448,31,2022-10-04T21:08:09Z
Infantry Fighting Vehicles,Russia,https://upload.wikimedia.org/wikipedia/commons/thumb/a/a9/Flag_of_the_Soviet_Union.svg/23px-Flag_of_the_Soviet_Union.svg.png,BMD-2,captured,https://i.postimg.cc/BbnPPB4q/7699.png,140,1387,834,74,448,31,2022-10-04T21:08:09Z
Infantry Fighting Vehicles,Russia,https://upload.wikimedia.org/wikipedia/commons/thumb/a/a9/Flag_of_the_Soviet_Union.svg/23px-Flag_of_the_Soviet_Union.svg.png,BMD-2,captured,https://i.postimg.cc/FKSqkpmJ/bbmdd222.png,140,1387,834,74,448,31,2022-10-04T21:08:09Z
Infantry Fighting Vehicles,Russia,https://upload.wikimedia.org/wikipedia/commons/thumb/a/a9/Flag_of_the_Soviet_Union.svg/23px-Flag_of_the_Soviet_Union.svg.png,BMD-2,captured,https://i.postimg.cc/BbpRQv3Y/bmd222222.jpg,140,1387,834,74,448,31,2022-10-04T21:08:09Z
Infantry Fighting Vehicles,Russia,https://upload.wikimedia.org/wikipedia/commons/thumb/a/a9/Flag_of_the_Soviet_Union.svg/23px-Flag_of_the_Soviet_Union.svg.png,BMD-2,captured,https://i.postimg.cc/hj9H6r5q/bmdd222.jpg,140,1387,834,74,448,31,2022-10-04T21:08:09Z
Infantry Fighting Vehicles,Russia,https://upload.wikimedia.org/wikipedia/commons/thumb/a/a9/Flag_of_the_Soviet_Union.svg/23px-Flag_of_the_Soviet_Union.svg.png,BMD-2,captured,https://i.postimg.cc/JnwfpgKq/226.jpg,140,1387,834,74,448,31,2022-10-04T21:08:09Z
Infantry Fighting Vehicles,Russia,https://upload.wikimedia.org/wikipedia/commons/thumb/a/a9/Flag_of_the_Soviet_Union.svg/23px-Flag_of_the_Soviet_Union.svg.png,BMD-2,captured,https://i.postimg.cc/V6rj0wxq/56.png,140,1387,834,74,448,31,2022-10-04T21:08:09Z
Infantry Fighting Vehicles,Russia,https://upload.wikimedia.org/wikipedia/commons/thumb/a/a9/Flag_of_the_Soviet_Union.svg/23px-Flag_of_the_Soviet_Union.svg.png,BMD-2,captured,https://i.postimg.cc/rssnsRcT/5799.png,140,1387,834,74,448,31,2022-10-04T21:08:09Z
Infantry Fighting Vehicles,Russia,https://upload.wikimedia.org/wikipedia/commons/thumb/a/a9/Flag_of_the_Soviet_Union.svg/23px-Flag_of_the_Soviet_Union.svg.png,BMD-2,captured,https://i.postimg.cc/kXzBXBWj/1003-BMD-2.png,140,1387,834,74,448,31,2022-10-04T21:08:09Z
Infantry Fighting Vehicles,Russia,https://upload.wikimedia.org/wikipedia/commons/thumb/a/a9/Flag_of_the_Soviet_Union.svg/23px-Flag_of_the_Soviet_Union.svg.png,BMD-2,captured,https://i.postimg.cc/Qtcw1bHZ/Screenshot-8646.png,140,1387,834,74,448,31,2022-10-04T21:08:09Z
Infantry Fighting Vehicles,Russia,https://upload.wikimedia.org/wikipedia/commons/thumb/a/a9/Flag_of_the_Soviet_Union.svg/23px-Flag_of_the_Soviet_Union.svg.png,BMD-2,captured,https://i.postimg.cc/Sxf7n6H3/j2.jpg,140,1387,834,74,448,31,2022-10-04T21:08:09Z
Infantry Fighting Vehicles,Russia,https://upload.wikimedia.org/wikipedia/commons/thumb/a/a9/Flag_of_the_Soviet_Union.svg/23px-Flag_of_the_Soviet_Union.svg.png,BMD-2,captured,https://i.postimg.cc/Cxhn6W6r/j10.jpg,140,1387,834,74,448,31,2022-10-04T21:08:09Z
Infantry Fighting Vehicles,Russia,https://upload.wikimedia.org/wikipedia/commons/thumb/a/a9/Flag_of_the_Soviet_Union.svg/23px-Flag_of_the_Soviet_Union.svg.png,BMD-2,captured,https://i.postimg.cc/PqH9BJfW/f36.png,140,1387,834,74,448,31,2022-10-04T21:08:09Z
Infantry Fighting Vehicles,Russia,https://upload.wikimedia.org/wikipedia/commons/thumb/a/a9/Flag_of_the_Soviet_Union.svg/23px-Flag_of_the_Soviet_Union.svg.png,BMD-2,captured,https://i.postimg.cc/ncLZMtrJ/g45.jpg,140,1387,834,74,448,31,2022-10-04T21:08:09Z
Infantry Fighting Vehicles,Russia,https://upload.wikimedia.org/wikipedia/commons/thumb/a/a9/Flag_of_the_Soviet_Union.svg/23px-Flag_of_the_Soviet_Union.svg.png,BMD-2,captured,https://i.postimg.cc/ncLZMtrJ/g45.jpg,140,1387,834,74,448,31,2022-10-04T21:08:09Z
Infantry Fighting Vehicles,Russia,https://upload.wikimedia.org/wikipedia/commons/thumb/a/a9/Flag_of_the_Soviet_Union.svg/23px-Flag_of_the_Soviet_Union.svg.png,BMD-2,captured,https://i.postimg.cc/L8cMyYT9/44f.jpg,140,1387,834,74,448,31,2022-10-04T21:08:09Z
Infantry Fighting Vehicles,Russia,https://upload.wikimedia.org/wikipedia/commons/thumb/a/a9/Flag_of_the_Soviet_Union.svg/23px-Flag_of_the_Soviet_Union.svg.png,BMD-2,captured,https://i.postimg.cc/Jh4jNvgF/43100.png,140,1387,834,74,448,31,2022-10-04T21:08:09Z
Infantry Fighting Vehicles,Russia,https://upload.wikimedia.org/wikipedia/commons/thumb/a/a9/Flag_of_the_Soviet_Union.svg/23px-Flag_of_the_Soviet_Union.svg.png,BMD-2,captured,https://i.postimg.cc/k4XpdWZb/665.jpg,140,1387,834,74,448,31,2022-10-04T21:08:09Z
Infantry Fighting Vehicles,Russia,https://upload.wikimedia.org/wikipedia/commons/thumb/a/a9/Flag_of_the_Soviet_Union.svg/23px-Flag_of_the_Soviet_Union.svg.png,BMD-2,captured,https://i.postimg.cc/wvHJQgCV/d8.jpg,140,1387,834,74,448,31,2022-10-04T21:08:09Z
Infantry Fighting Vehicles,Russia,https://upload.wikimedia.org/wikipedia/commons/thumb/a/a9/Flag_of_the_Soviet_Union.svg/23px-Flag_of_the_Soviet_Union.svg.png,BMD-2,damaged,https://i.postimg.cc/nc5hKV4Y/1027-bmd2.jpg,140,1387,834,74,448,31,2022-10-04T21:08:09Z
Infantry Fighting Vehicles,Russia,https://upload.wikimedia.org/wikipedia/commons/thumb/a/a9/Flag_of_the_Soviet_Union.svg/23px-Flag_of_the_Soviet_Union.svg.png,BMD-2,captured,https://twitter.com/UAWeapons/status/1566130196897361920,140,1387,834,74,448,31,2022-10-04T21:08:09Z
Infantry Fighting Vehicles,Russia,https://upload.wikimedia.org/wikipedia/commons/thumb/a/a9/Flag_of_the_Soviet_Union.svg/23px-Flag_of_the_Soviet_Union.svg.png,BMD-2,captured,https://twitter.com/UAWeapons/status/1566510068060852224,140,1387,834,74,448,31,2022-10-04T21:08:09Z
Infantry Fighting Vehicles,Russia,https://upload.wikimedia.org/wikipedia/commons/thumb/a/a9/Flag_of_the_Soviet_Union.svg/23px-Flag_of_the_Soviet_Union.svg.png,BMD-2,captured,https://twitter.com/UAWeapons/status/1566781550280179716,140,1387,834,74,448,31,2022-10-04T21:08:09Z
Infantry Fighting Vehicles,Russia,https://upload.wikimedia.org/wikipedia/commons/thumb/a/a9/Flag_of_the_Soviet_Union.svg/23px-Flag_of_the_Soviet_Union.svg.png,BMD-2,captured,https://twitter.com/UAWeapons/status/1566785188117504001,140,1387,834,74,448,31,2022-10-04T21:08:09Z
Infantry Fighting Vehicles,Russia,https://upload.wikimedia.org/wikipedia/commons/thumb/a/a9/Flag_of_the_Soviet_Union.svg/23px-Flag_of_the_Soviet_Union.svg.png,BMD-2,captured,https://twitter.com/Danspiun/status/1566918901170147330,140,1387,834,74,448,31,2022-10-04T21:08:09Z
Infantry Fighting Vehicles,Russia,https://upload.wikimedia.org/wikipedia/commons/thumb/a/a9/Flag_of_the_Soviet_Union.svg/23px-Flag_of_the_Soviet_Union.svg.png,BMD-2,captured,https://i.postimg.cc/j26dJ0Hd/1021-bmd2.jpg,140,1387,834,74,448,31,2022-10-04T21:08:09Z
Infantry Fighting Vehicles,Russia,https://upload.wikimedia.org/wikipedia/commons/thumb/a/a9/Flag_of_the_Soviet_Union.svg/23px-Flag_of_the_Soviet_Union.svg.png,BMD-2,captured,https://twitter.com/UAWeapons/status/1569422856907358211,140,1387,834,74,448,31,2022-10-04T21:08:09Z
Infantry Fighting Vehicles,Russia,https://upload.wikimedia.org/wikipedia/commons/thumb/a/a9/Flag_of_the_Soviet_Union.svg/23px-Flag_of_the_Soviet_Union.svg.png,BMD-2,captured,https://i.postimg.cc/s22TFHyj/1003-bmd2.jpg,140,1387,834,74,448,31,2022-10-04T21:08:09Z
Infantry Fighting Vehicles,Russia,https://upload.wikimedia.org/wikipedia/commons/thumb/a/a9/Flag_of_the_Soviet_Union.svg/23px-Flag_of_the_Soviet_Union.svg.png,BMD-2,captured,https://twitter.com/UAWeapons/status/1575037072339271680,140,1387,834,74,448,31,2022-10-04T21:08:09Z
Infantry Fighting Vehicles,Russia,https://upload.wikimedia.org/wikipedia/commons/thumb/a/a9/Flag_of_the_Soviet_Union.svg/23px-Flag_of_the_Soviet_Union.svg.png,BMD-2,captured,https://twitter.com/UAWeapons/status/1575037072339271680,140,1387,834,74,448,31,2022-10-04T21:08:09Z
Infantry Fighting Vehicles,Russia,https://upload.wikimedia.org/wikipedia/commons/thumb/a/a9/Flag_of_the_Soviet_Union.svg/23px-Flag_of_the_Soviet_Union.svg.png,BMD-2,captured,https://i.postimg.cc/c197nQ4K/BMD-2-Kherson-region.png,140,1387,834,74,448,31,2022-10-04T21:08:09Z
Infantry Fighting Vehicles,Russia,https://upload.wikimedia.org/wikipedia/commons/thumb/a/a9/Flag_of_the_Soviet_Union.svg/23px-Flag_of_the_Soviet_Union.svg.png,BMD-2,captured,https://i.postimg.cc/8P08Y3hq/1011-bmd2-capt.jpg,140,1387,834,74,448,31,2022-10-04T21:08:09Z
Infantry Fighting Vehicles,Russia,https://upload.wikimedia.org/wikipedia/en/thumb/f/f3/Flag_of_Russia.svg/23px-Flag_of_Russia.svg.png,BMD-4M,destroyed,https://i.postimg.cc/gjmtWttx/548.png,56,1387,834,74,448,31,2022-10-04T21:08:09Z
Infantry Fighting Vehicles,Russia,https://upload.wikimedia.org/wikipedia/en/thumb/f/f3/Flag_of_Russia.svg/23px-Flag_of_Russia.svg.png,BMD-4M,destroyed,https://twitter.com/UAWeapons/status/1566785188117504001,56,1387,834,74,448,31,2022-10-04T21:08:09Z
Infantry Fighting Vehicles,Russia,https://upload.wikimedia.org/wikipedia/en/thumb/f/f3/Flag_of_Russia.svg/23px-Flag_of_Russia.svg.png,BMD-4M,destroyed,https://i.postimg.cc/VkZh32ty/31d1.png,56,1387,834,74,448,31,2022-10-04T21:08:09Z
Infantry Fighting Vehicles,Russia,https://upload.wikimedia.org/wikipedia/en/thumb/f/f3/Flag_of_Russia.svg/23px-Flag_of_Russia.svg.png,BMD-4M,destroyed,https://i.postimg.cc/L5Gn7kq7/1028-BMD4-M.jpg,56,1387,834,74,448,31,2022-10-04T21:08:09Z
Infantry Fighting Vehicles,Russia,https://upload.wikimedia.org/wikipedia/en/thumb/f/f3/Flag_of_Russia.svg/23px-Flag_of_Russia.svg.png,BMD-4M,destroyed,https://i.postimg.cc/bvbM01m3/6j.jpg,56,1387,834,74,448,31,2022-10-04T21:08:09Z
Infantry Fighting Vehicles,Russia,https://upload.wikimedia.org/wikipedia/en/thumb/f/f3/Flag_of_Russia.svg/23px-Flag_of_Russia.svg.png,BMD-4M,destroyed,https://i.postimg.cc/bwDnbPzb/1003.jpg,56,1387,834,74,448,31,2022-10-04T21:08:09Z
Infantry Fighting Vehicles,Russia,https://upload.wikimedia.org/wikipedia/en/thumb/f/f3/Flag_of_Russia.svg/23px-Flag_of_Russia.svg.png,BMD-4M,destroyed,https://i.postimg.cc/VNpbMGvw/36.png,56,1387,834,74,448,31,2022-10-04T21:08:09Z
Infantry Fighting Vehicles,Russia,https://upload.wikimedia.org/wikipedia/en/thumb/f/f3/Flag_of_Russia.svg/23px-Flag_of_Russia.svg.png,BMD-4M,destroyed,https://i.postimg.cc/vmr8FZ7x/46.png,56,1387,834,74,448,31,2022-10-04T21:08:09Z
Infantry Fighting Vehicles,Russia,https://upload.wikimedia.org/wikipedia/en/thumb/f/f3/Flag_of_Russia.svg/23px-Flag_of_Russia.svg.png,BMD-4M,destroyed,https://i.postimg.cc/4x8qKkJ2/31d.png,56,1387,834,74,448,31,2022-10-04T21:08:09Z
Infantry Fighting Vehicles,Russia,https://upload.wikimedia.org/wikipedia/en/thumb/f/f3/Flag_of_Russia.svg/23px-Flag_of_Russia.svg.png,BMD-4M,destroyed,https://i.postimg.cc/PxwDNw1S/328.png,56,1387,834,74,448,31,2022-10-04T21:08:09Z
Infantry Fighting Vehicles,Russia,https://upload.wikimedia.org/wikipedia/en/thumb/f/f3/Flag_of_Russia.svg/23px-Flag_of_Russia.svg.png,BMD-4M,destroyed,https://i.postimg.cc/tC3jcKg7/489.png,56,1387,834,74,448,31,2022-10-04T21:08:09Z
Infantry Fighting Vehicles,Russia,https://upload.wikimedia.org/wikipedia/en/thumb/f/f3/Flag_of_Russia.svg/23px-Flag_of_Russia.svg.png,BMD-4M,destroyed,https://i.postimg.cc/26J9bv70/m8.jpg,56,1387,834,74,448,31,2022-10-04T21:08:09Z
Infantry Fighting Vehicles,Russia,https://upload.wikimedia.org/wikipedia/en/thumb/f/f3/Flag_of_Russia.svg/23px-Flag_of_Russia.svg.png,BMD-4M,destroyed,https://postimg.cc/gxGvJGms,56,1387,834,74,448,31,2022-10-04T21:08:09Z
Infantry Fighting Vehicles,Russia,https://upload.wikimedia.org/wikipedia/en/thumb/f/f3/Flag_of_Russia.svg/23px-Flag_of_Russia.svg.png,BMD-4M,destroyed,https://i.postimg.cc/kGcF1R6C/332.png,56,1387,834,74,448,31,2022-10-04T21:08:09Z
Infantry Fighting Vehicles,Russia,https://upload.wikimedia.org/wikipedia/en/thumb/f/f3/Flag_of_Russia.svg/23px-Flag_of_Russia.svg.png,BMD-4M,destroyed,https://i.postimg.cc/8505Jdb5/1029-BMD4-M.jpg,56,1387,834,74,448,31,2022-10-04T21:08:09Z
Infantry Fighting Vehicles,Russia,https://upload.wikimedia.org/wikipedia/en/thumb/f/f3/Flag_of_Russia.svg/23px-Flag_of_Russia.svg.png,BMD-4M,destroyed,https://i.postimg.cc/1RKfY62Y/887.png,56,1387,834,74,448,31,2022-10-04T21:08:09Z
Infantry Fighting Vehicles,Russia,https://upload.wikimedia.org/wikipedia/en/thumb/f/f3/Flag_of_Russia.svg/23px-Flag_of_Russia.svg.png,BMD-4M,destroyed,https://i.postimg.cc/1RKfY62Y/887.png,56,1387,834,74,448,31,2022-10-04T21:08:09Z
Infantry Fighting Vehicles,Russia,https://upload.wikimedia.org/wikipedia/en/thumb/f/f3/Flag_of_Russia.svg/23px-Flag_of_Russia.svg.png,BMD-4M,destroyed,https://i.postimg.cc/1RKfY62Y/887.png,56,1387,834,74,448,31,2022-10-04T21:08:09Z
Infantry Fighting Vehicles,Russia,https://upload.wikimedia.org/wikipedia/en/thumb/f/f3/Flag_of_Russia.svg/23px-Flag_of_Russia.svg.png,BMD-4M,destroyed,https://i.postimg.cc/1RKfY62Y/887.png,56,1387,834,74,448,31,2022-10-04T21:08:09Z
Infantry Fighting Vehicles,Russia,https://upload.wikimedia.org/wikipedia/en/thumb/f/f3/Flag_of_Russia.svg/23px-Flag_of_Russia.svg.png,BMD-4M,destroyed,https://i.postimg.cc/1RKfY62Y/887.png,56,1387,834,74,448,31,2022-10-04T21:08:09Z
Infantry Fighting Vehicles,Russia,https://upload.wikimedia.org/wikipedia/en/thumb/f/f3/Flag_of_Russia.svg/23px-Flag_of_Russia.svg.png,BMD-4M,destroyed,https://postimg.cc/7GfzWswh,56,1387,834,74,448,31,2022-10-04T21:08:09Z
Infantry Fighting Vehicles,Russia,https://upload.wikimedia.org/wikipedia/en/thumb/f/f3/Flag_of_Russia.svg/23px-Flag_of_Russia.svg.png,BMD-4M,destroyed,https://i.postimg.cc/13fFqqxf/h7.jpg,56,1387,834,74,448,31,2022-10-04T21:08:09Z
Infantry Fighting Vehicles,Russia,https://upload.wikimedia.org/wikipedia/en/thumb/f/f3/Flag_of_Russia.svg/23px-Flag_of_Russia.svg.png,BMD-4M,destroyed,https://i.postimg.cc/gkY4fVJw/47.png,56,1387,834,74,448,31,2022-10-04T21:08:09Z
Infantry Fighting Vehicles,Russia,https://upload.wikimedia.org/wikipedia/en/thumb/f/f3/Flag_of_Russia.svg/23px-Flag_of_Russia.svg.png,BMD-4M,destroyed,https://i.postimg.cc/FR9rXCJd/764.png,56,1387,834,74,448,31,2022-10-04T21:08:09Z
Infantry Fighting Vehicles,Russia,https://upload.wikimedia.org/wikipedia/en/thumb/f/f3/Flag_of_Russia.svg/23px-Flag_of_Russia.svg.png,BMD-4M,destroyed,https://i.postimg.cc/VktSgT8X/443.png,56,1387,834,74,448,31,2022-10-04T21:08:09Z
Infantry Fighting Vehicles,Russia,https://upload.wikimedia.org/wikipedia/en/thumb/f/f3/Flag_of_Russia.svg/23px-Flag_of_Russia.svg.png,BMD-4M,destroyed,https://i.postimg.cc/VktSgT8X/443.png,56,1387,834,74,448,31,2022-10-04T21:08:09Z
Infantry Fighting Vehicles,Russia,https://upload.wikimedia.org/wikipedia/en/thumb/f/f3/Flag_of_Russia.svg/23px-Flag_of_Russia.svg.png,BMD-4M,destroyed,https://i.postimg.cc/VktSgT8X/443.png,56,1387,834,74,448,31,2022-10-04T21:08:09Z
Infantry Fighting Vehicles,Russia,https://upload.wikimedia.org/wikipedia/en/thumb/f/f3/Flag_of_Russia.svg/23px-Flag_of_Russia.svg.png,BMD-4M,destroyed,https://i.postimg.cc/VktSgT8X/443.png,56,1387,834,74,448,31,2022-10-04T21:08:09Z
Infantry Fighting Vehicles,Russia,https://upload.wikimedia.org/wikipedia/en/thumb/f/f3/Flag_of_Russia.svg/23px-Flag_of_Russia.svg.png,BMD-4M,destroyed,https://i.postimg.cc/VktSgT8X/443.png,56,1387,834,74,448,31,2022-10-04T21:08:09Z
Infantry Fighting Vehicles,Russia,https://upload.wikimedia.org/wikipedia/en/thumb/f/f3/Flag_of_Russia.svg/23px-Flag_of_Russia.svg.png,BMD-4M,destroyed,https://i.postimg.cc/Pr71rwRT/u8.jpg,56,1387,834,74,448,31,2022-10-04T21:08:09Z
Infantry Fighting Vehicles,Russia,https://upload.wikimedia.org/wikipedia/en/thumb/f/f3/Flag_of_Russia.svg/23px-Flag_of_Russia.svg.png,BMD-4M,destroyed,https://i.postimg.cc/fWGnsrbp/47.png,56,1387,834,74,448,31,2022-10-04T21:08:09Z
Infantry Fighting Vehicles,Russia,https://upload.wikimedia.org/wikipedia/en/thumb/f/f3/Flag_of_Russia.svg/23px-Flag_of_Russia.svg.png,BMD-4M,destroyed,https://twitter.com/UAWeapons/status/1520387930858168320,56,1387,834,74,448,31,2022-10-04T21:08:09Z
Infantry Fighting Vehicles,Russia,https://upload.wikimedia.org/wikipedia/en/thumb/f/f3/Flag_of_Russia.svg/23px-Flag_of_Russia.svg.png,BMD-4M,destroyed,https://i.postimg.cc/3rk40dLS/542.png,56,1387,834,74,448,31,2022-10-04T21:08:09Z
Infantry Fighting Vehicles,Russia,https://upload.wikimedia.org/wikipedia/en/thumb/f/f3/Flag_of_Russia.svg/23px-Flag_of_Russia.svg.png,BMD-4M,destroyed,https://twitter.com/UAWeapons/status/1537885697721241600,56,1387,834,74,448,31,2022-10-04T21:08:09Z
Infantry Fighting Vehicles,Russia,https://upload.wikimedia.org/wikipedia/en/thumb/f/f3/Flag_of_Russia.svg/23px-Flag_of_Russia.svg.png,BMD-4M,destroyed,https://i.postimg.cc/gJRBS0s9/1030.jpg,56,1387,834,74,448,31,2022-10-04T21:08:09Z
Infantry Fighting Vehicles,Russia,https://upload.wikimedia.org/wikipedia/en/thumb/f/f3/Flag_of_Russia.svg/23px-Flag_of_Russia.svg.png,BMD-4M,destroyed,https://i.postimg.cc/ZnxsmDXV/1028.jpg,56,1387,834,74,448,31,2022-10-04T21:08:09Z
Infantry Fighting Vehicles,Russia,https://upload.wikimedia.org/wikipedia/en/thumb/f/f3/Flag_of_Russia.svg/23px-Flag_of_Russia.svg.png,BMD-4M,destroyed,https://i.postimg.cc/tR3MFY7W/1029.jpg,56,1387,834,74,448,31,2022-10-04T21:08:09Z
Infantry Fighting Vehicles,Russia,https://upload.wikimedia.org/wikipedia/en/thumb/f/f3/Flag_of_Russia.svg/23px-Flag_of_Russia.svg.png,BMD-4M,destroyed,https://i.postimg.cc/YCKvz3BL/1030-BMD4-M.jpg,56,1387,834,74,448,31,2022-10-04T21:08:09Z
Infantry Fighting Vehicles,Russia,https://upload.wikimedia.org/wikipedia/en/thumb/f/f3/Flag_of_Russia.svg/23px-Flag_of_Russia.svg.png,BMD-4M,destroyed,https://i.postimg.cc/J7HrrCVs/1028-bmd4.jpg,56,1387,834,74,448,31,2022-10-04T21:08:09Z
Infantry Fighting Vehicles,Russia,https://upload.wikimedia.org/wikipedia/en/thumb/f/f3/Flag_of_Russia.svg/23px-Flag_of_Russia.svg.png,BMD-4M,destroyed,https://i.postimg.cc/Mp7vPQzP/1034-BMD4-M.jpg,56,1387,834,74,448,31,2022-10-04T21:08:09Z
Infantry Fighting Vehicles,Russia,https://upload.wikimedia.org/wikipedia/en/thumb/f/f3/Flag_of_Russia.svg/23px-Flag_of_Russia.svg.png,BMD-4M,destroyed,https://i.postimg.cc/TYqj7gsQ/1003-bmd4.jpg,56,1387,834,74,448,31,2022-10-04T21:08:09Z
Infantry Fighting Vehicles,Russia,https://upload.wikimedia.org/wikipedia/en/thumb/f/f3/Flag_of_Russia.svg/23px-Flag_of_Russia.svg.png,BMD-4M,destroyed,https://i.postimg.cc/cJVJPP1X/43113.jpg,56,1387,834,74,448,31,2022-10-04T21:08:09Z
Infantry Fighting Vehicles,Russia,https://upload.wikimedia.org/wikipedia/en/thumb/f/f3/Flag_of_Russia.svg/23px-Flag_of_Russia.svg.png,BMD-4M,destroyed,https://i.postimg.cc/DwjL7Fbn/1004-bmd4.jpg,56,1387,834,74,448,31,2022-10-04T21:08:09Z
Infantry Fighting Vehicles,Russia,https://upload.wikimedia.org/wikipedia/en/thumb/f/f3/Flag_of_Russia.svg/23px-Flag_of_Russia.svg.png,BMD-4M,destroyed,https://i.postimg.cc/qM21Btk0/1005-bmd4.jpg,56,1387,834,74,448,31,2022-10-04T21:08:09Z
Infantry Fighting Vehicles,Russia,https://upload.wikimedia.org/wikipedia/en/thumb/f/f3/Flag_of_Russia.svg/23px-Flag_of_Russia.svg.png,BMD-4M,destroyed,https://i.postimg.cc/rFCKDWjC/1002-BMD-4-M.jpg,56,1387,834,74,448,31,2022-10-04T21:08:09Z
Infantry Fighting Vehicles,Russia,https://upload.wikimedia.org/wikipedia/en/thumb/f/f3/Flag_of_Russia.svg/23px-Flag_of_Russia.svg.png,BMD-4M,damaged,https://i.postimg.cc/NfryXnSw/1032-BMD4-M.jpg,56,1387,834,74,448,31,2022-10-04T21:08:09Z
Infantry Fighting Vehicles,Russia,https://upload.wikimedia.org/wikipedia/en/thumb/f/f3/Flag_of_Russia.svg/23px-Flag_of_Russia.svg.png,BMD-4M,captured,https://i.postimg.cc/rmQV5Mdk/7io.jpg,56,1387,834,74,448,31,2022-10-04T21:08:09Z
Infantry Fighting Vehicles,Russia,https://upload.wikimedia.org/wikipedia/en/thumb/f/f3/Flag_of_Russia.svg/23px-Flag_of_Russia.svg.png,BMD-4M,captured,https://i.postimg.cc/KctKcZ6s/f6.jpg,56,1387,834,74,448,31,2022-10-04T21:08:09Z
Infantry Fighting Vehicles,Russia,https://upload.wikimedia.org/wikipedia/en/thumb/f/f3/Flag_of_Russia.svg/23px-Flag_of_Russia.svg.png,BMD-4M,captured,https://i.postimg.cc/QdftqHCS/433.png,56,1387,834,74,448,31,2022-10-04T21:08:09Z
Infantry Fighting Vehicles,Russia,https://upload.wikimedia.org/wikipedia/en/thumb/f/f3/Flag_of_Russia.svg/23px-Flag_of_Russia.svg.png,BMD-4M,captured,https://i.postimg.cc/PqdmJXWx/56.png,56,1387,834,74,448,31,2022-10-04T21:08:09Z
Infantry Fighting Vehicles,Russia,https://upload.wikimedia.org/wikipedia/en/thumb/f/f3/Flag_of_Russia.svg/23px-Flag_of_Russia.svg.png,BMD-4M,captured,https://i.postimg.cc/V6GCvp8t/cn.jpg,56,1387,834,74,448,31,2022-10-04T21:08:09Z
Infantry Fighting Vehicles,Russia,https://upload.wikimedia.org/wikipedia/en/thumb/f/f3/Flag_of_Russia.svg/23px-Flag_of_Russia.svg.png,BMD-4M,captured,https://i.postimg.cc/KvF02Nwn/g00.png,56,1387,834,74,448,31,2022-10-04T21:08:09Z
Infantry Fighting Vehicles,Russia,https://upload.wikimedia.org/wikipedia/en/thumb/f/f3/Flag_of_Russia.svg/23px-Flag_of_Russia.svg.png,BMD-4M,captured,https://i.postimg.cc/bvCr0GcK/f431.jpg,56,1387,834,74,448,31,2022-10-04T21:08:09Z
Infantry Fighting Vehicles,Russia,https://upload.wikimedia.org/wikipedia/en/thumb/f/f3/Flag_of_Russia.svg/23px-Flag_of_Russia.svg.png,BMD-4M,captured,https://twitter.com/UAWeapons/status/1532052853606473729,56,1387,834,74,448,31,2022-10-04T21:08:09Z
Infantry Fighting Vehicles,Russia,https://upload.wikimedia.org/wikipedia/en/thumb/f/f3/Flag_of_Russia.svg/23px-Flag_of_Russia.svg.png,BMD-4M,captured,https://twitter.com/RALee85/status/1539911200657625089,56,1387,834,74,448,31,2022-10-04T21:08:09Z
Infantry Fighting Vehicles,Russia,https://upload.wikimedia.org/wikipedia/en/thumb/f/f3/Flag_of_Russia.svg/23px-Flag_of_Russia.svg.png,BMD-4M,captured,https://i.postimg.cc/t4297Q5q/65.png,56,1387,834,74,448,31,2022-10-04T21:08:09Z
Infantry Fighting Vehicles,Russia,https://upload.wikimedia.org/wikipedia/en/thumb/f/f3/Flag_of_Russia.svg/23px-Flag_of_Russia.svg.png,BTR-82A(M),destroyed,https://i.postimg.cc/85gFCPXs/bb1.png,265,1387,834,74,448,31,2022-10-04T21:08:09Z
Infantry Fighting Vehicles,Russia,https://upload.wikimedia.org/wikipedia/en/thumb/f/f3/Flag_of_Russia.svg/23px-Flag_of_Russia.svg.png,BTR-82A(M),destroyed,https://i.postimg.cc/kXQV46L8/gg5.jpg,265,1387,834,74,448,31,2022-10-04T21:08:09Z
Infantry Fighting Vehicles,Russia,https://upload.wikimedia.org/wikipedia/en/thumb/f/f3/Flag_of_Russia.svg/23px-Flag_of_Russia.svg.png,BTR-82A(M),destroyed,https://i.postimg.cc/fLfVC59M/o9.png,265,1387,834,74,448,31,2022-10-04T21:08:09Z
Infantry Fighting Vehicles,Russia,https://upload.wikimedia.org/wikipedia/en/thumb/f/f3/Flag_of_Russia.svg/23px-Flag_of_Russia.svg.png,BTR-82A(M),destroyed,https://i.postimg.cc/T2mBfj1J/3rr.png,265,1387,834,74,448,31,2022-10-04T21:08:09Z
Infantry Fighting Vehicles,Russia,https://upload.wikimedia.org/wikipedia/en/thumb/f/f3/Flag_of_Russia.svg/23px-Flag_of_Russia.svg.png,BTR-82A(M),destroyed,https://i.postimg.cc/rwBjMGCL/f45.png,265,1387,834,74,448,31,2022-10-04T21:08:09Z
Infantry Fighting Vehicles,Russia,https://upload.wikimedia.org/wikipedia/en/thumb/f/f3/Flag_of_Russia.svg/23px-Flag_of_Russia.svg.png,BTR-82A(M),destroyed,https://i.postimg.cc/L6Y9kSnP/3d29.png,265,1387,834,74,448,31,2022-10-04T21:08:09Z
Infantry Fighting Vehicles,Russia,https://upload.wikimedia.org/wikipedia/en/thumb/f/f3/Flag_of_Russia.svg/23px-Flag_of_Russia.svg.png,BTR-82A(M),destroyed,https://i.postimg.cc/vTB5NYNc/1001.jpg,265,1387,834,74,448,31,2022-10-04T21:08:09Z
Infantry Fighting Vehicles,Russia,https://upload.wikimedia.org/wikipedia/en/thumb/f/f3/Flag_of_Russia.svg/23px-Flag_of_Russia.svg.png,BTR-82A(M),destroyed,https://i.postimg.cc/ZnxvZwsq/377.png,265,1387,834,74,448,31,2022-10-04T21:08:09Z
Infantry Fighting Vehicles,Russia,https://upload.wikimedia.org/wikipedia/en/thumb/f/f3/Flag_of_Russia.svg/23px-Flag_of_Russia.svg.png,BTR-82A(M),destroyed,https://i.postimg.cc/QNFVSr4y/97.jpg,265,1387,834,74,448,31,2022-10-04T21:08:09Z
Infantry Fighting Vehicles,Russia,https://upload.wikimedia.org/wikipedia/en/thumb/f/f3/Flag_of_Russia.svg/23px-Flag_of_Russia.svg.png,BTR-82A(M),destroyed,https://i.postimg.cc/sX6ZN5DV/43147.png,265,1387,834,74,448,31,2022-10-04T21:08:09Z
Infantry Fighting Vehicles,Russia,https://upload.wikimedia.org/wikipedia/en/thumb/f/f3/Flag_of_Russia.svg/23px-Flag_of_Russia.svg.png,BTR-82A(M),destroyed,https://i.postimg.cc/kXN80wNc/33215.png,265,1387,834,74,448,31,2022-10-04T21:08:09Z
Infantry Fighting Vehicles,Russia,https://upload.wikimedia.org/wikipedia/en/thumb/f/f3/Flag_of_Russia.svg/23px-Flag_of_Russia.svg.png,BTR-82A(M),destroyed,https://i.postimg.cc/T1YzwHZQ/431g.png,265,1387,834,74,448,31,2022-10-04T21:08:09Z
Infantry Fighting Vehicles,Russia,https://upload.wikimedia.org/wikipedia/en/thumb/f/f3/Flag_of_Russia.svg/23px-Flag_of_Russia.svg.png,BTR-82A(M),destroyed,https://i.postimg.cc/yYfdBtrV/5hs.png,265,1387,834,74,448,31,2022-10-04T21:08:09Z
Infantry Fighting Vehicles,Russia,https://upload.wikimedia.org/wikipedia/en/thumb/f/f3/Flag_of_Russia.svg/23px-Flag_of_Russia.svg.png,BTR-82A(M),destroyed,https://i.postimg.cc/vmhx7WvM/579.png,265,1387,834,74,448,31,2022-10-04T21:08:09Z
Infantry Fighting Vehicles,Russia,https://upload.wikimedia.org/wikipedia/en/thumb/f/f3/Flag_of_Russia.svg/23px-Flag_of_Russia.svg.png,BTR-82A(M),destroyed,https://i.postimg.cc/9FfLxHM6/bk.jpg,265,1387,834,74,448,31,2022-10-04T21:08:09Z
Infantry Fighting Vehicles,Russia,https://upload.wikimedia.org/wikipedia/en/thumb/f/f3/Flag_of_Russia.svg/23px-Flag_of_Russia.svg.png,BTR-82A(M),destroyed,https://i.postimg.cc/7h7n7vr5/466.jpg,265,1387,834,74,448,31,2022-10-04T21:08:09Z
Infantry Fighting Vehicles,Russia,https://upload.wikimedia.org/wikipedia/en/thumb/f/f3/Flag_of_Russia.svg/23px-Flag_of_Russia.svg.png,BTR-82A(M),destroyed,https://i.postimg.cc/8P8299hw/425.png,265,1387,834,74,448,31,2022-10-04T21:08:09Z
Infantry Fighting Vehicles,Russia,https://upload.wikimedia.org/wikipedia/en/thumb/f/f3/Flag_of_Russia.svg/23px-Flag_of_Russia.svg.png,BTR-82A(M),destroyed,https://i.postimg.cc/pX6DMmZQ/2fl.jpg,265,1387,834,74,448,31,2022-10-04T21:08:09Z
Infantry Fighting Vehicles,Russia,https://upload.wikimedia.org/wikipedia/en/thumb/f/f3/Flag_of_Russia.svg/23px-Flag_of_Russia.svg.png,BTR-82A(M),destroyed,https://i.postimg.cc/DyRFYp5c/1d.jpg,265,1387,834,74,448,31,2022-10-04T21:08:09Z
Infantry Fighting Vehicles,Russia,https://upload.wikimedia.org/wikipedia/en/thumb/f/f3/Flag_of_Russia.svg/23px-Flag_of_Russia.svg.png,BTR-82A(M),destroyed,https://i.postimg.cc/Rq5swtQw/a1.png,265,1387,834,74,448,31,2022-10-04T21:08:09Z
Infantry Fighting Vehicles,Russia,https://upload.wikimedia.org/wikipedia/en/thumb/f/f3/Flag_of_Russia.svg/23px-Flag_of_Russia.svg.png,BTR-82A(M),destroyed,https://i.postimg.cc/Rq5swtQw/a1.png,265,1387,834,74,448,31,2022-10-04T21:08:09Z
Infantry Fighting Vehicles,Russia,https://upload.wikimedia.org/wikipedia/en/thumb/f/f3/Flag_of_Russia.svg/23px-Flag_of_Russia.svg.png,BTR-82A(M),destroyed,https://i.postimg.cc/rFym7vdd/1064-btr82a.jpg,265,1387,834,74,448,31,2022-10-04T21:08:09Z
Infantry Fighting Vehicles,Russia,https://upload.wikimedia.org/wikipedia/en/thumb/f/f3/Flag_of_Russia.svg/23px-Flag_of_Russia.svg.png,BTR-82A(M),destroyed,https://i.postimg.cc/DyJs79db/766.jpg,265,1387,834,74,448,31,2022-10-04T21:08:09Z
Infantry Fighting Vehicles,Russia,https://upload.wikimedia.org/wikipedia/en/thumb/f/f3/Flag_of_Russia.svg/23px-Flag_of_Russia.svg.png,BTR-82A(M),destroyed,https://i.postimg.cc/hG3hjQ8L/448.png,265,1387,834,74,448,31,2022-10-04T21:08:09Z
Infantry Fighting Vehicles,Russia,https://upload.wikimedia.org/wikipedia/en/thumb/f/f3/Flag_of_Russia.svg/23px-Flag_of_Russia.svg.png,BTR-82A(M),destroyed,https://twitter.com/UAWeapons/status/1506219574508892165,265,1387,834,74,448,31,2022-10-04T21:08:09Z
Infantry Fighting Vehicles,Russia,https://upload.wikimedia.org/wikipedia/en/thumb/f/f3/Flag_of_Russia.svg/23px-Flag_of_Russia.svg.png,BTR-82A(M),destroyed,https://i.postimg.cc/VLpFFQ78/36p.png,265,1387,834,74,448,31,2022-10-04T21:08:09Z
Infantry Fighting Vehicles,Russia,https://upload.wikimedia.org/wikipedia/en/thumb/f/f3/Flag_of_Russia.svg/23px-Flag_of_Russia.svg.png,BTR-82A(M),destroyed,https://i.postimg.cc/XJFBcP12/33f.png,265,1387,834,74,448,31,2022-10-04T21:08:09Z
Infantry Fighting Vehicles,Russia,https://upload.wikimedia.org/wikipedia/en/thumb/f/f3/Flag_of_Russia.svg/23px-Flag_of_Russia.svg.png,BTR-82A(M),destroyed,https://i.postimg.cc/KYmPhWwL/579.png,265,1387,834,74,448,31,2022-10-04T21:08:09Z
Infantry Fighting Vehicles,Russia,https://upload.wikimedia.org/wikipedia/en/thumb/f/f3/Flag_of_Russia.svg/23px-Flag_of_Russia.svg.png,BTR-82A(M),destroyed,https://i.postimg.cc/50rwLjPZ/gmm.jpg,265,1387,834,74,448,31,2022-10-04T21:08:09Z
Infantry Fighting Vehicles,Russia,https://upload.wikimedia.org/wikipedia/en/thumb/f/f3/Flag_of_Russia.svg/23px-Flag_of_Russia.svg.png,BTR-82A(M),destroyed,https://i.postimg.cc/m2nnJ630/3d1.png,265,1387,834,74,448,31,2022-10-04T21:08:09Z
Infantry Fighting Vehicles,Russia,https://upload.wikimedia.org/wikipedia/en/thumb/f/f3/Flag_of_Russia.svg/23px-Flag_of_Russia.svg.png,BTR-82A(M),destroyed,https://i.postimg.cc/3JxwwYtD/46.png,265,1387,834,74,448,31,2022-10-04T21:08:09Z
Infantry Fighting Vehicles,Russia,https://upload.wikimedia.org/wikipedia/en/thumb/f/f3/Flag_of_Russia.svg/23px-Flag_of_Russia.svg.png,BTR-82A(M),destroyed,https://i.postimg.cc/rFMf0Y44/336.png,265,1387,834,74,448,31,2022-10-04T21:08:09Z
Infantry Fighting Vehicles,Russia,https://upload.wikimedia.org/wikipedia/en/thumb/f/f3/Flag_of_Russia.svg/23px-Flag_of_Russia.svg.png,BTR-82A(M),destroyed,https://i.postimg.cc/9FvYvXr6/543.png,265,1387,834,74,448,31,2022-10-04T21:08:09Z
Infantry Fighting Vehicles,Russia,https://upload.wikimedia.org/wikipedia/en/thumb/f/f3/Flag_of_Russia.svg/23px-Flag_of_Russia.svg.png,BTR-82A(M),destroyed,https://i.postimg.cc/TP2ZyGVN/47.png,265,1387,834,74,448,31,2022-10-04T21:08:09Z
Infantry Fighting Vehicles,Russia,https://upload.wikimedia.org/wikipedia/en/thumb/f/f3/Flag_of_Russia.svg/23px-Flag_of_Russia.svg.png,BTR-82A(M),destroyed,https://i.postimg.cc/QN6rh1q2/82.jpg,265,1387,834,74,448,31,2022-10-04T21:08:09Z
Infantry Fighting Vehicles,Russia,https://upload.wikimedia.org/wikipedia/en/thumb/f/f3/Flag_of_Russia.svg/23px-Flag_of_Russia.svg.png,BTR-82A(M),destroyed,https://i.postimg.cc/XYLkTFmp/687.jpg,265,1387,834,74,448,31,2022-10-04T21:08:09Z
Infantry Fighting Vehicles,Russia,https://upload.wikimedia.org/wikipedia/en/thumb/f/f3/Flag_of_Russia.svg/23px-Flag_of_Russia.svg.png,BTR-82A(M),destroyed,https://i.postimg.cc/59Sv9rwj/4789.png,265,1387,834,74,448,31,2022-10-04T21:08:09Z
Infantry Fighting Vehicles,Russia,https://upload.wikimedia.org/wikipedia/en/thumb/f/f3/Flag_of_Russia.svg/23px-Flag_of_Russia.svg.png,BTR-82A(M),destroyed,https://i.postimg.cc/6QMfM50s/nm4.jpg,265,1387,834,74,448,31,2022-10-04T21:08:09Z
Infantry Fighting Vehicles,Russia,https://upload.wikimedia.org/wikipedia/en/thumb/f/f3/Flag_of_Russia.svg/23px-Flag_of_Russia.svg.png,BTR-82A(M),destroyed,https://i.postimg.cc/3R6CHSVn/nm3.jpg,265,1387,834,74,448,31,2022-10-04T21:08:09Z
Infantry Fighting Vehicles,Russia,https://upload.wikimedia.org/wikipedia/en/thumb/f/f3/Flag_of_Russia.svg/23px-Flag_of_Russia.svg.png,BTR-82A(M),destroyed,https://i.postimg.cc/1RMvLRRz/21f.png,265,1387,834,74,448,31,2022-10-04T21:08:09Z
Infantry Fighting Vehicles,Russia,https://upload.wikimedia.org/wikipedia/en/thumb/f/f3/Flag_of_Russia.svg/23px-Flag_of_Russia.svg.png,BTR-82A(M),destroyed,https://i.postimg.cc/Cx7Wdkbp/d321.jpg,265,1387,834,74,448,31,2022-10-04T21:08:09Z
Infantry Fighting Vehicles,Russia,https://upload.wikimedia.org/wikipedia/en/thumb/f/f3/Flag_of_Russia.svg/23px-Flag_of_Russia.svg.png,BTR-82A(M),destroyed,https://i.postimg.cc/LXcJhvWx/b1.png,265,1387,834,74,448,31,2022-10-04T21:08:09Z
Infantry Fighting Vehicles,Russia,https://upload.wikimedia.org/wikipedia/en/thumb/f/f3/Flag_of_Russia.svg/23px-Flag_of_Russia.svg.png,BTR-82A(M),destroyed,https://i.postimg.cc/7hSfz08w/b2.png,265,1387,834,74,448,31,2022-10-04T21:08:09Z
Infantry Fighting Vehicles,Russia,https://upload.wikimedia.org/wikipedia/en/thumb/f/f3/Flag_of_Russia.svg/23px-Flag_of_Russia.svg.png,BTR-82A(M),destroyed,https://i.postimg.cc/rFhmTQWf/1065-btr82a.jpg,265,1387,834,74,448,31,2022-10-04T21:08:09Z
Infantry Fighting Vehicles,Russia,https://upload.wikimedia.org/wikipedia/en/thumb/f/f3/Flag_of_Russia.svg/23px-Flag_of_Russia.svg.png,BTR-82A(M),destroyed,https://i.postimg.cc/2jJVcstj/3g.jpg,265,1387,834,74,448,31,2022-10-04T21:08:09Z
Infantry Fighting Vehicles,Russia,https://upload.wikimedia.org/wikipedia/en/thumb/f/f3/Flag_of_Russia.svg/23px-Flag_of_Russia.svg.png,BTR-82A(M),destroyed,https://i.postimg.cc/P5k4yKvZ/65j.png,265,1387,834,74,448,31,2022-10-04T21:08:09Z
Infantry Fighting Vehicles,Russia,https://upload.wikimedia.org/wikipedia/en/thumb/f/f3/Flag_of_Russia.svg/23px-Flag_of_Russia.svg.png,BTR-82A(M),destroyed,https://i.postimg.cc/zDFMHh5n/187.png,265,1387,834,74,448,31,2022-10-04T21:08:09Z
Infantry Fighting Vehicles,Russia,https://upload.wikimedia.org/wikipedia/en/thumb/f/f3/Flag_of_Russia.svg/23px-Flag_of_Russia.svg.png,BTR-82A(M),destroyed,https://i.postimg.cc/NG9kwZ1m/bt2.jpg,265,1387,834,74,448,31,2022-10-04T21:08:09Z
Infantry Fighting Vehicles,Russia,https://upload.wikimedia.org/wikipedia/en/thumb/f/f3/Flag_of_Russia.svg/23px-Flag_of_Russia.svg.png,BTR-82A(M),destroyed,https://i.postimg.cc/mrpCvSkm/321.jpg,265,1387,834,74,448,31,2022-10-04T21:08:09Z
Infantry Fighting Vehicles,Russia,https://upload.wikimedia.org/wikipedia/en/thumb/f/f3/Flag_of_Russia.svg/23px-Flag_of_Russia.svg.png,BTR-82A(M),destroyed,https://i.postimg.cc/cLXn3cRd/h7.jpg,265,1387,834,74,448,31,2022-10-04T21:08:09Z
Infantry Fighting Vehicles,Russia,https://upload.wikimedia.org/wikipedia/en/thumb/f/f3/Flag_of_Russia.svg/23px-Flag_of_Russia.svg.png,BTR-82A(M),destroyed,https://i.postimg.cc/j2KrNPLN/24.png,265,1387,834,74,448,31,2022-10-04T21:08:09Z
Infantry Fighting Vehicles,Russia,https://upload.wikimedia.org/wikipedia/en/thumb/f/f3/Flag_of_Russia.svg/23px-Flag_of_Russia.svg.png,BTR-82A(M),destroyed,https://i.postimg.cc/mgPC4L1M/v1.png,265,1387,834,74,448,31,2022-10-04T21:08:09Z
Infantry Fighting Vehicles,Russia,https://upload.wikimedia.org/wikipedia/en/thumb/f/f3/Flag_of_Russia.svg/23px-Flag_of_Russia.svg.png,BTR-82A(M),destroyed,https://i.postimg.cc/yd4GJfTJ/1500-btr82.jpg,265,1387,834,74,448,31,2022-10-04T21:08:09Z
Infantry Fighting Vehicles,Russia,https://upload.wikimedia.org/wikipedia/en/thumb/f/f3/Flag_of_Russia.svg/23px-Flag_of_Russia.svg.png,BTR-82A(M),destroyed,https://i.postimg.cc/tJRnMpHs/v3.png,265,1387,834,74,448,31,2022-10-04T21:08:09Z
Infantry Fighting Vehicles,Russia,https://upload.wikimedia.org/wikipedia/en/thumb/f/f3/Flag_of_Russia.svg/23px-Flag_of_Russia.svg.png,BTR-82A(M),destroyed,https://i.postimg.cc/KzfRLwgx/v4.png,265,1387,834,74,448,31,2022-10-04T21:08:09Z
Infantry Fighting Vehicles,Russia,https://upload.wikimedia.org/wikipedia/en/thumb/f/f3/Flag_of_Russia.svg/23px-Flag_of_Russia.svg.png,BTR-82A(M),destroyed,https://i.postimg.cc/ydc3JXMB/b5.png,265,1387,834,74,448,31,2022-10-04T21:08:09Z
Infantry Fighting Vehicles,Russia,https://upload.wikimedia.org/wikipedia/en/thumb/f/f3/Flag_of_Russia.svg/23px-Flag_of_Russia.svg.png,BTR-82A(M),destroyed,https://i.postimg.cc/xCTRDdqL/5f.jpg,265,1387,834,74,448,31,2022-10-04T21:08:09Z
Infantry Fighting Vehicles,Russia,https://upload.wikimedia.org/wikipedia/en/thumb/f/f3/Flag_of_Russia.svg/23px-Flag_of_Russia.svg.png,BTR-82A(M),destroyed,https://i.postimg.cc/Znc6HPxD/76.jpg,265,1387,834,74,448,31,2022-10-04T21:08:09Z
Infantry Fighting Vehicles,Russia,https://upload.wikimedia.org/wikipedia/en/thumb/f/f3/Flag_of_Russia.svg/23px-Flag_of_Russia.svg.png,BTR-82A(M),destroyed,https://i.postimg.cc/Znc6HPxD/76.jpg,265,1387,834,74,448,31,2022-10-04T21:08:09Z
Infantry Fighting Vehicles,Russia,https://upload.wikimedia.org/wikipedia/en/thumb/f/f3/Flag_of_Russia.svg/23px-Flag_of_Russia.svg.png,BTR-82A(M),destroyed,https://i.postimg.cc/kMx3FbWz/btr822aa.jpg,265,1387,834,74,448,31,2022-10-04T21:08:09Z
Infantry Fighting Vehicles,Russia,https://upload.wikimedia.org/wikipedia/en/thumb/f/f3/Flag_of_Russia.svg/23px-Flag_of_Russia.svg.png,BTR-82A(M),destroyed,https://i.postimg.cc/ht6tzv2x/1066-btr82a.jpg,265,1387,834,74,448,31,2022-10-04T21:08:09Z
Infantry Fighting Vehicles,Russia,https://upload.wikimedia.org/wikipedia/en/thumb/f/f3/Flag_of_Russia.svg/23px-Flag_of_Russia.svg.png,BTR-82A(M),destroyed,https://i.postimg.cc/SK8DFWQp/btr822a.jpg,265,1387,834,74,448,31,2022-10-04T21:08:09Z
Infantry Fighting Vehicles,Russia,https://upload.wikimedia.org/wikipedia/en/thumb/f/f3/Flag_of_Russia.svg/23px-Flag_of_Russia.svg.png,BTR-82A(M),destroyed,https://i.postimg.cc/kXfHfFG1/btr.jpg,265,1387,834,74,448,31,2022-10-04T21:08:09Z
Infantry Fighting Vehicles,Russia,https://upload.wikimedia.org/wikipedia/en/thumb/f/f3/Flag_of_Russia.svg/23px-Flag_of_Russia.svg.png,BTR-82A(M),destroyed,https://i.postimg.cc/c1728NSN/btrr.jpg,265,1387,834,74,448,31,2022-10-04T21:08:09Z
Infantry Fighting Vehicles,Russia,https://upload.wikimedia.org/wikipedia/en/thumb/f/f3/Flag_of_Russia.svg/23px-Flag_of_Russia.svg.png,BTR-82A(M),destroyed,https://i.postimg.cc/x8QZF6L7/btrrr.jpg,265,1387,834,74,448,31,2022-10-04T21:08:09Z
Infantry Fighting Vehicles,Russia,https://upload.wikimedia.org/wikipedia/en/thumb/f/f3/Flag_of_Russia.svg/23px-Flag_of_Russia.svg.png,BTR-82A(M),destroyed,https://i.postimg.cc/qRdBwYVv/1067-btr82a.jpg,265,1387,834,74,448,31,2022-10-04T21:08:09Z
Infantry Fighting Vehicles,Russia,https://upload.wikimedia.org/wikipedia/en/thumb/f/f3/Flag_of_Russia.svg/23px-Flag_of_Russia.svg.png,BTR-82A(M),destroyed,https://i.postimg.cc/9QXhfQRS/btrr822.jpg,265,1387,834,74,448,31,2022-10-04T21:08:09Z
Infantry Fighting Vehicles,Russia,https://upload.wikimedia.org/wikipedia/en/thumb/f/f3/Flag_of_Russia.svg/23px-Flag_of_Russia.svg.png,BTR-82A(M),destroyed,https://i.postimg.cc/9QXhfQRS/btrr822.jpg,265,1387,834,74,448,31,2022-10-04T21:08:09Z
Infantry Fighting Vehicles,Russia,https://upload.wikimedia.org/wikipedia/en/thumb/f/f3/Flag_of_Russia.svg/23px-Flag_of_Russia.svg.png,BTR-82A(M),destroyed,https://i.postimg.cc/k4mWN9MK/d3.jpg,265,1387,834,74,448,31,2022-10-04T21:08:09Z
Infantry Fighting Vehicles,Russia,https://upload.wikimedia.org/wikipedia/en/thumb/f/f3/Flag_of_Russia.svg/23px-Flag_of_Russia.svg.png,BTR-82A(M),destroyed,https://i.postimg.cc/ydycv5W5/d4.jpg,265,1387,834,74,448,31,2022-10-04T21:08:09Z
Infantry Fighting Vehicles,Russia,https://upload.wikimedia.org/wikipedia/en/thumb/f/f3/Flag_of_Russia.svg/23px-Flag_of_Russia.svg.png,BTR-82A(M),destroyed,https://i.postimg.cc/7hK7jc4t/d2.jpg,265,1387,834,74,448,31,2022-10-04T21:08:09Z
Infantry Fighting Vehicles,Russia,https://upload.wikimedia.org/wikipedia/en/thumb/f/f3/Flag_of_Russia.svg/23px-Flag_of_Russia.svg.png,BTR-82A(M),destroyed,https://i.postimg.cc/7hK7jc4t/d2.jpg,265,1387,834,74,448,31,2022-10-04T21:08:09Z
Infantry Fighting Vehicles,Russia,https://upload.wikimedia.org/wikipedia/en/thumb/f/f3/Flag_of_Russia.svg/23px-Flag_of_Russia.svg.png,BTR-82A(M),destroyed,https://i.postimg.cc/ZqN80VP0/d1.jpg,265,1387,834,74,448,31,2022-10-04T21:08:09Z
Infantry Fighting Vehicles,Russia,https://upload.wikimedia.org/wikipedia/en/thumb/f/f3/Flag_of_Russia.svg/23px-Flag_of_Russia.svg.png,BTR-82A(M),destroyed,https://i.postimg.cc/2j7x4csZ/3dl.jpg,265,1387,834,74,448,31,2022-10-04T21:08:09Z
Infantry Fighting Vehicles,Russia,https://upload.wikimedia.org/wikipedia/en/thumb/f/f3/Flag_of_Russia.svg/23px-Flag_of_Russia.svg.png,BTR-82A(M),destroyed,https://i.postimg.cc/hPX9Gpsd/37.jpg,265,1387,834,74,448,31,2022-10-04T21:08:09Z
Infantry Fighting Vehicles,Russia,https://upload.wikimedia.org/wikipedia/en/thumb/f/f3/Flag_of_Russia.svg/23px-Flag_of_Russia.svg.png,BTR-82A(M),destroyed,https://i.postimg.cc/ZnrXkMnW/328j.jpg,265,1387,834,74,448,31,2022-10-04T21:08:09Z
Infantry Fighting Vehicles,Russia,https://upload.wikimedia.org/wikipedia/en/thumb/f/f3/Flag_of_Russia.svg/23px-Flag_of_Russia.svg.png,BTR-82A(M),destroyed,https://i.postimg.cc/ZnrXkMnW/328j.jpg,265,1387,834,74,448,31,2022-10-04T21:08:09Z
Infantry Fighting Vehicles,Russia,https://upload.wikimedia.org/wikipedia/en/thumb/f/f3/Flag_of_Russia.svg/23px-Flag_of_Russia.svg.png,BTR-82A(M),destroyed,https://i.postimg.cc/j2Q33n3N/d15.png,265,1387,834,74,448,31,2022-10-04T21:08:09Z
Infantry Fighting Vehicles,Russia,https://upload.wikimedia.org/wikipedia/en/thumb/f/f3/Flag_of_Russia.svg/23px-Flag_of_Russia.svg.png,BTR-82A(M),destroyed,https://i.postimg.cc/J4VTB093/28.png,265,1387,834,74,448,31,2022-10-04T21:08:09Z
Infantry Fighting Vehicles,Russia,https://upload.wikimedia.org/wikipedia/en/thumb/f/f3/Flag_of_Russia.svg/23px-Flag_of_Russia.svg.png,BTR-82A(M),destroyed,https://i.postimg.cc/WbFxpPMx/335.png,265,1387,834,74,448,31,2022-10-04T21:08:09Z
Infantry Fighting Vehicles,Russia,https://upload.wikimedia.org/wikipedia/en/thumb/f/f3/Flag_of_Russia.svg/23px-Flag_of_Russia.svg.png,BTR-82A(M),destroyed,https://i.postimg.cc/cL79616k/337.png,265,1387,834,74,448,31,2022-10-04T21:08:09Z
Infantry Fighting Vehicles,Russia,https://upload.wikimedia.org/wikipedia/en/thumb/f/f3/Flag_of_Russia.svg/23px-Flag_of_Russia.svg.png,BTR-82A(M),destroyed,https://i.postimg.cc/KzGdmkN5/477.png,265,1387,834,74,448,31,2022-10-04T21:08:09Z
Infantry Fighting Vehicles,Russia,https://upload.wikimedia.org/wikipedia/en/thumb/f/f3/Flag_of_Russia.svg/23px-Flag_of_Russia.svg.png,BTR-82A(M),destroyed,https://i.postimg.cc/P5xWSr86/dd2.jpg,265,1387,834,74,448,31,2022-10-04T21:08:09Z
Infantry Fighting Vehicles,Russia,https://upload.wikimedia.org/wikipedia/en/thumb/f/f3/Flag_of_Russia.svg/23px-Flag_of_Russia.svg.png,BTR-82A(M),destroyed,https://i.postimg.cc/gkhmvsWY/47.jpg,265,1387,834,74,448,31,2022-10-04T21:08:09Z
Infantry Fighting Vehicles,Russia,https://upload.wikimedia.org/wikipedia/en/thumb/f/f3/Flag_of_Russia.svg/23px-Flag_of_Russia.svg.png,BTR-82A(M),destroyed,https://i.postimg.cc/d0ccGZJX/3d.jpg,265,1387,834,74,448,31,2022-10-04T21:08:09Z
Infantry Fighting Vehicles,Russia,https://upload.wikimedia.org/wikipedia/en/thumb/f/f3/Flag_of_Russia.svg/23px-Flag_of_Russia.svg.png,BTR-82A(M),destroyed,https://i.postimg.cc/jj60cq5j/4f.jpg,265,1387,834,74,448,31,2022-10-04T21:08:09Z
Infantry Fighting Vehicles,Russia,https://upload.wikimedia.org/wikipedia/en/thumb/f/f3/Flag_of_Russia.svg/23px-Flag_of_Russia.svg.png,BTR-82A(M),destroyed,https://i.postimg.cc/9M2SQnXJ/g4.png,265,1387,834,74,448,31,2022-10-04T21:08:09Z
Infantry Fighting Vehicles,Russia,https://upload.wikimedia.org/wikipedia/en/thumb/f/f3/Flag_of_Russia.svg/23px-Flag_of_Russia.svg.png,BTR-82A(M),destroyed,https://twitter.com/UAWeapons/status/1525872035439726593,265,1387,834,74,448,31,2022-10-04T21:08:09Z
Infantry Fighting Vehicles,Russia,https://upload.wikimedia.org/wikipedia/en/thumb/f/f3/Flag_of_Russia.svg/23px-Flag_of_Russia.svg.png,BTR-82A(M),destroyed,https://i.postimg.cc/yx8HK2qj/66.png,265,1387,834,74,448,31,2022-10-04T21:08:09Z
Infantry Fighting Vehicles,Russia,https://upload.wikimedia.org/wikipedia/en/thumb/f/f3/Flag_of_Russia.svg/23px-Flag_of_Russia.svg.png,BTR-82A(M),destroyed,https://twitter.com/UAWeapons/status/1530936343244771328,265,1387,834,74,448,31,2022-10-04T21:08:09Z
Infantry Fighting Vehicles,Russia,https://upload.wikimedia.org/wikipedia/en/thumb/f/f3/Flag_of_Russia.svg/23px-Flag_of_Russia.svg.png,BTR-82A(M),destroyed,https://i.postimg.cc/50p4Bn1g/988.jpg,265,1387,834,74,448,31,2022-10-04T21:08:09Z
Infantry Fighting Vehicles,Russia,https://upload.wikimedia.org/wikipedia/en/thumb/f/f3/Flag_of_Russia.svg/23px-Flag_of_Russia.svg.png,BTR-82A(M),destroyed,https://i.postimg.cc/Dw1dF0PH/1035-BTR82-A.jpg,265,1387,834,74,448,31,2022-10-04T21:08:09Z
Infantry Fighting Vehicles,Russia,https://upload.wikimedia.org/wikipedia/en/thumb/f/f3/Flag_of_Russia.svg/23px-Flag_of_Russia.svg.png,BTR-82A(M),destroyed,https://i.postimg.cc/zXQb8dN2/4313.png,265,1387,834,74,448,31,2022-10-04T21:08:09Z
Infantry Fighting Vehicles,Russia,https://upload.wikimedia.org/wikipedia/en/thumb/f/f3/Flag_of_Russia.svg/23px-Flag_of_Russia.svg.png,BTR-82A(M),destroyed,https://i.postimg.cc/bJPS4sPz/82.jpg,265,1387,834,74,448,31,2022-10-04T21:08:09Z
Infantry Fighting Vehicles,Russia,https://upload.wikimedia.org/wikipedia/en/thumb/f/f3/Flag_of_Russia.svg/23px-Flag_of_Russia.svg.png,BTR-82A(M),destroyed,https://i.postimg.cc/qqbttw3R/Gp-PGI4f7-png-medium.png,265,1387,834,74,448,31,2022-10-04T21:08:09Z
Infantry Fighting Vehicles,Russia,https://upload.wikimedia.org/wikipedia/en/thumb/f/f3/Flag_of_Russia.svg/23px-Flag_of_Russia.svg.png,BTR-82A(M),destroyed,https://twitter.com/Blue_Sauron/status/1543976425191006208,265,1387,834,74,448,31,2022-10-04T21:08:09Z
Infantry Fighting Vehicles,Russia,https://upload.wikimedia.org/wikipedia/en/thumb/f/f3/Flag_of_Russia.svg/23px-Flag_of_Russia.svg.png,BTR-82A(M),destroyed,https://i.postimg.cc/kgRGwPgR/1002.jpg,265,1387,834,74,448,31,2022-10-04T21:08:09Z
Infantry Fighting Vehicles,Russia,https://upload.wikimedia.org/wikipedia/en/thumb/f/f3/Flag_of_Russia.svg/23px-Flag_of_Russia.svg.png,BTR-82A(M),destroyed,https://i.postimg.cc/7Y6fG2vV/1003.jpg,265,1387,834,74,448,31,2022-10-04T21:08:09Z
Infantry Fighting Vehicles,Russia,https://upload.wikimedia.org/wikipedia/en/thumb/f/f3/Flag_of_Russia.svg/23px-Flag_of_Russia.svg.png,BTR-82A(M),destroyed,https://i.postimg.cc/X73gC381/1004.jpg,265,1387,834,74,448,31,2022-10-04T21:08:09Z
Infantry Fighting Vehicles,Russia,https://upload.wikimedia.org/wikipedia/en/thumb/f/f3/Flag_of_Russia.svg/23px-Flag_of_Russia.svg.png,BTR-82A(M),destroyed,https://i.postimg.cc/wjMPR42C/1008.jpg,265,1387,834,74,448,31,2022-10-04T21:08:09Z
Infantry Fighting Vehicles,Russia,https://upload.wikimedia.org/wikipedia/en/thumb/f/f3/Flag_of_Russia.svg/23px-Flag_of_Russia.svg.png,BTR-82A(M),destroyed,https://i.postimg.cc/pyb8xjbg/1006.jpg,265,1387,834,74,448,31,2022-10-04T21:08:09Z
Infantry Fighting Vehicles,Russia,https://upload.wikimedia.org/wikipedia/en/thumb/f/f3/Flag_of_Russia.svg/23px-Flag_of_Russia.svg.png,BTR-82A(M),destroyed,https://i.postimg.cc/d0vR0FW1/1036-BTR82-A.jpg,265,1387,834,74,448,31,2022-10-04T21:08:09Z
Infantry Fighting Vehicles,Russia,https://upload.wikimedia.org/wikipedia/en/thumb/f/f3/Flag_of_Russia.svg/23px-Flag_of_Russia.svg.png,BTR-82A(M),destroyed,https://twitter.com/UAWeapons/status/1552408615159472133,265,1387,834,74,448,31,2022-10-04T21:08:09Z
Infantry Fighting Vehicles,Russia,https://upload.wikimedia.org/wikipedia/en/thumb/f/f3/Flag_of_Russia.svg/23px-Flag_of_Russia.svg.png,BTR-82A(M),destroyed,https://i.postimg.cc/V65fCK6w/1007-btr82a.jpg,265,1387,834,74,448,31,2022-10-04T21:08:09Z
Infantry Fighting Vehicles,Russia,https://upload.wikimedia.org/wikipedia/en/thumb/f/f3/Flag_of_Russia.svg/23px-Flag_of_Russia.svg.png,BTR-82A(M),destroyed,https://twitter.com/UAWeapons/status/1556214456669052929,265,1387,834,74,448,31,2022-10-04T21:08:09Z
Infantry Fighting Vehicles,Russia,https://upload.wikimedia.org/wikipedia/en/thumb/f/f3/Flag_of_Russia.svg/23px-Flag_of_Russia.svg.png,BTR-82A(M),destroyed,https://i.postimg.cc/BQRtJP5N/1000-btr82a.jpg,265,1387,834,74,448,31,2022-10-04T21:08:09Z
Infantry Fighting Vehicles,Russia,https://upload.wikimedia.org/wikipedia/en/thumb/f/f3/Flag_of_Russia.svg/23px-Flag_of_Russia.svg.png,BTR-82A(M),destroyed,https://twitter.com/RALee85/status/1557671172699000832,265,1387,834,74,448,31,2022-10-04T21:08:09Z
Infantry Fighting Vehicles,Russia,https://upload.wikimedia.org/wikipedia/en/thumb/f/f3/Flag_of_Russia.svg/23px-Flag_of_Russia.svg.png,BTR-82A(M),destroyed,https://twitter.com/UAWeapons/status/1559191182411964425,265,1387,834,74,448,31,2022-10-04T21:08:09Z
Infantry Fighting Vehicles,Russia,https://upload.wikimedia.org/wikipedia/en/thumb/f/f3/Flag_of_Russia.svg/23px-Flag_of_Russia.svg.png,BTR-82A(M),destroyed,https://twitter.com/RALee85/status/1559974897841065984,265,1387,834,74,448,31,2022-10-04T21:08:09Z
Infantry Fighting Vehicles,Russia,https://upload.wikimedia.org/wikipedia/en/thumb/f/f3/Flag_of_Russia.svg/23px-Flag_of_Russia.svg.png,BTR-82A(M),destroyed,https://twitter.com/UAWeapons/status/1561093959723765760,265,1387,834,74,448,31,2022-10-04T21:08:09Z
Infantry Fighting Vehicles,Russia,https://upload.wikimedia.org/wikipedia/en/thumb/f/f3/Flag_of_Russia.svg/23px-Flag_of_Russia.svg.png,BTR-82A(M),destroyed,https://i.postimg.cc/brQwkgCy/h5.jpg,265,1387,834,74,448,31,2022-10-04T21:08:09Z
Infantry Fighting Vehicles,Russia,https://upload.wikimedia.org/wikipedia/en/thumb/f/f3/Flag_of_Russia.svg/23px-Flag_of_Russia.svg.png,BTR-82A(M),destroyed,https://twitter.com/UAWeapons/status/1507114939764420620,265,1387,834,74,448,31,2022-10-04T21:08:09Z
Infantry Fighting Vehicles,Russia,https://upload.wikimedia.org/wikipedia/en/thumb/f/f3/Flag_of_Russia.svg/23px-Flag_of_Russia.svg.png,BTR-82A(M),destroyed,https://i.postimg.cc/J0rrVkhw/1068-btr82a.jpg,265,1387,834,74,448,31,2022-10-04T21:08:09Z
Infantry Fighting Vehicles,Russia,https://upload.wikimedia.org/wikipedia/en/thumb/f/f3/Flag_of_Russia.svg/23px-Flag_of_Russia.svg.png,BTR-82A(M),destroyed,https://i.postimg.cc/h4s48pCK/1069-btr82a.jpg,265,1387,834,74,448,31,2022-10-04T21:08:09Z
Infantry Fighting Vehicles,Russia,https://upload.wikimedia.org/wikipedia/en/thumb/f/f3/Flag_of_Russia.svg/23px-Flag_of_Russia.svg.png,BTR-82A(M),destroyed,https://i.postimg.cc/85Bp0HNB/1070-btr82a.jpg,265,1387,834,74,448,31,2022-10-04T21:08:09Z
Infantry Fighting Vehicles,Russia,https://upload.wikimedia.org/wikipedia/en/thumb/f/f3/Flag_of_Russia.svg/23px-Flag_of_Russia.svg.png,BTR-82A(M),destroyed,https://i.postimg.cc/4xm3xVQs/1071-btr82a.jpg,265,1387,834,74,448,31,2022-10-04T21:08:09Z
Infantry Fighting Vehicles,Russia,https://upload.wikimedia.org/wikipedia/en/thumb/f/f3/Flag_of_Russia.svg/23px-Flag_of_Russia.svg.png,BTR-82A(M),destroyed,https://i.postimg.cc/mkB7chgH/1000-btr82a.jpg,265,1387,834,74,448,31,2022-10-04T21:08:09Z
Infantry Fighting Vehicles,Russia,https://upload.wikimedia.org/wikipedia/en/thumb/f/f3/Flag_of_Russia.svg/23px-Flag_of_Russia.svg.png,BTR-82A(M),destroyed,https://i.postimg.cc/5tbgy9jC/1011-bre82a.jpg,265,1387,834,74,448,31,2022-10-04T21:08:09Z
Infantry Fighting Vehicles,Russia,https://upload.wikimedia.org/wikipedia/en/thumb/f/f3/Flag_of_Russia.svg/23px-Flag_of_Russia.svg.png,BTR-82A(M),destroyed,https://twitter.com/RALee85/status/1564497882409062401,265,1387,834,74,448,31,2022-10-04T21:08:09Z
Infantry Fighting Vehicles,Russia,https://upload.wikimedia.org/wikipedia/en/thumb/f/f3/Flag_of_Russia.svg/23px-Flag_of_Russia.svg.png,BTR-82A(M),destroyed,https://i.postimg.cc/g0C4Jcff/1038-btr82.jpg,265,1387,834,74,448,31,2022-10-04T21:08:09Z
Infantry Fighting Vehicles,Russia,https://upload.wikimedia.org/wikipedia/en/thumb/f/f3/Flag_of_Russia.svg/23px-Flag_of_Russia.svg.png,BTR-82A(M),destroyed,https://i.postimg.cc/7h6Cr0KD/1039-btr82.jpg,265,1387,834,74,448,31,2022-10-04T21:08:09Z
Infantry Fighting Vehicles,Russia,https://upload.wikimedia.org/wikipedia/en/thumb/f/f3/Flag_of_Russia.svg/23px-Flag_of_Russia.svg.png,BTR-82A(M),destroyed,https://i.postimg.cc/m2sRtwLd/1001-btr82a.jpg,265,1387,834,74,448,31,2022-10-04T21:08:09Z
Infantry Fighting Vehicles,Russia,https://upload.wikimedia.org/wikipedia/en/thumb/f/f3/Flag_of_Russia.svg/23px-Flag_of_Russia.svg.png,BTR-82A(M),destroyed,https://i.postimg.cc/1XQjF3sX/1006-btr82.jpg,265,1387,834,74,448,31,2022-10-04T21:08:09Z
Infantry Fighting Vehicles,Russia,https://upload.wikimedia.org/wikipedia/en/thumb/f/f3/Flag_of_Russia.svg/23px-Flag_of_Russia.svg.png,BTR-82A(M),destroyed,https://i.postimg.cc/FRshJsSy/1017-btr82a.jpg,265,1387,834,74,448,31,2022-10-04T21:08:09Z
Infantry Fighting Vehicles,Russia,https://upload.wikimedia.org/wikipedia/en/thumb/f/f3/Flag_of_Russia.svg/23px-Flag_of_Russia.svg.png,BTR-82A(M),destroyed,https://twitter.com/UAWeapons/status/1568988977075736576,265,1387,834,74,448,31,2022-10-04T21:08:09Z
Infantry Fighting Vehicles,Russia,https://upload.wikimedia.org/wikipedia/en/thumb/f/f3/Flag_of_Russia.svg/23px-Flag_of_Russia.svg.png,BTR-82A(M),destroyed,https://twitter.com/UAWeapons/status/1569062661937152002,265,1387,834,74,448,31,2022-10-04T21:08:09Z
Infantry Fighting Vehicles,Russia,https://upload.wikimedia.org/wikipedia/en/thumb/f/f3/Flag_of_Russia.svg/23px-Flag_of_Russia.svg.png,BTR-82A(M),destroyed,https://twitter.com/UAWeapons/status/1569229402860552192,265,1387,834,74,448,31,2022-10-04T21:08:09Z
Infantry Fighting Vehicles,Russia,https://upload.wikimedia.org/wikipedia/en/thumb/f/f3/Flag_of_Russia.svg/23px-Flag_of_Russia.svg.png,BTR-82A(M),destroyed,https://twitter.com/UAWeapons/status/1569426437119123458,265,1387,834,74,448,31,2022-10-04T21:08:09Z
Infantry Fighting Vehicles,Russia,https://upload.wikimedia.org/wikipedia/en/thumb/f/f3/Flag_of_Russia.svg/23px-Flag_of_Russia.svg.png,BTR-82A(M),destroyed,https://i.postimg.cc/sxnYMxNj/1018-btr82a.jpg,265,1387,834,74,448,31,2022-10-04T21:08:09Z
Infantry Fighting Vehicles,Russia,https://upload.wikimedia.org/wikipedia/en/thumb/f/f3/Flag_of_Russia.svg/23px-Flag_of_Russia.svg.png,BTR-82A(M),destroyed,https://twitter.com/UAWeapons/status/1570506077929877504,265,1387,834,74,448,31,2022-10-04T21:08:09Z
Infantry Fighting Vehicles,Russia,https://upload.wikimedia.org/wikipedia/en/thumb/f/f3/Flag_of_Russia.svg/23px-Flag_of_Russia.svg.png,BTR-82A(M),destroyed,https://twitter.com/UAWeapons/status/1570810376840957953,265,1387,834,74,448,31,2022-10-04T21:08:09Z
Infantry Fighting Vehicles,Russia,https://upload.wikimedia.org/wikipedia/en/thumb/f/f3/Flag_of_Russia.svg/23px-Flag_of_Russia.svg.png,BTR-82A(M),destroyed,https://i.postimg.cc/FK8CbXQ3/2022-09-18-BTR-82-A.jpg,265,1387,834,74,448,31,2022-10-04T21:08:09Z
Infantry Fighting Vehicles,Russia,https://upload.wikimedia.org/wikipedia/en/thumb/f/f3/Flag_of_Russia.svg/23px-Flag_of_Russia.svg.png,BTR-82A(M),destroyed,https://i.postimg.cc/sgj17X0F/1005-btr.jpg,265,1387,834,74,448,31,2022-10-04T21:08:09Z
Infantry Fighting Vehicles,Russia,https://upload.wikimedia.org/wikipedia/en/thumb/f/f3/Flag_of_Russia.svg/23px-Flag_of_Russia.svg.png,BTR-82A(M),destroyed,https://i.postimg.cc/FFnr4K3N/2022-09-19-BTR-82-A.jpg,265,1387,834,74,448,31,2022-10-04T21:08:09Z
Infantry Fighting Vehicles,Russia,https://upload.wikimedia.org/wikipedia/en/thumb/f/f3/Flag_of_Russia.svg/23px-Flag_of_Russia.svg.png,BTR-82A(M),destroyed,https://twitter.com/UAWeapons/status/1572972291624951809,265,1387,834,74,448,31,2022-10-04T21:08:09Z
Infantry Fighting Vehicles,Russia,https://upload.wikimedia.org/wikipedia/en/thumb/f/f3/Flag_of_Russia.svg/23px-Flag_of_Russia.svg.png,BTR-82A(M),destroyed,https://twitter.com/UAWeapons/status/1572964845389058048,265,1387,834,74,448,31,2022-10-04T21:08:09Z
Infantry Fighting Vehicles,Russia,https://upload.wikimedia.org/wikipedia/en/thumb/f/f3/Flag_of_Russia.svg/23px-Flag_of_Russia.svg.png,BTR-82A(M),destroyed,https://twitter.com/UAWeapons/status/1573697820699271168,265,1387,834,74,448,31,2022-10-04T21:08:09Z
Infantry Fighting Vehicles,Russia,https://upload.wikimedia.org/wikipedia/en/thumb/f/f3/Flag_of_Russia.svg/23px-Flag_of_Russia.svg.png,BTR-82A(M),destroyed,https://i.postimg.cc/zDTZbMkk/1001-btr82a.jpg,265,1387,834,74,448,31,2022-10-04T21:08:09Z
Infantry Fighting Vehicles,Russia,https://upload.wikimedia.org/wikipedia/en/thumb/f/f3/Flag_of_Russia.svg/23px-Flag_of_Russia.svg.png,BTR-82A(M),destroyed,https://i.postimg.cc/jqg1V3jn/1027-btr82a.jpg,265,1387,834,74,448,31,2022-10-04T21:08:09Z
Infantry Fighting Vehicles,Russia,https://upload.wikimedia.org/wikipedia/en/thumb/f/f3/Flag_of_Russia.svg/23px-Flag_of_Russia.svg.png,BTR-82A(M),destroyed,https://i.postimg.cc/9FDncP48/1028-btr82a.jpg,265,1387,834,74,448,31,2022-10-04T21:08:09Z
Infantry Fighting Vehicles,Russia,https://upload.wikimedia.org/wikipedia/en/thumb/f/f3/Flag_of_Russia.svg/23px-Flag_of_Russia.svg.png,BTR-82A(M),destroyed,https://twitter.com/UAWeapons/status/1575226529868840961,265,1387,834,74,448,31,2022-10-04T21:08:09Z
Infantry Fighting Vehicles,Russia,https://upload.wikimedia.org/wikipedia/en/thumb/f/f3/Flag_of_Russia.svg/23px-Flag_of_Russia.svg.png,BTR-82A(M),destroyed,https://i.postimg.cc/XY0ypJKB/1006-btr82a.jpg,265,1387,834,74,448,31,2022-10-04T21:08:09Z
Infantry Fighting Vehicles,Russia,https://upload.wikimedia.org/wikipedia/en/thumb/f/f3/Flag_of_Russia.svg/23px-Flag_of_Russia.svg.png,BTR-82A(M),destroyed,https://twitter.com/UAWeapons/status/1575137334529507330,265,1387,834,74,448,31,2022-10-04T21:08:09Z
Infantry Fighting Vehicles,Russia,https://upload.wikimedia.org/wikipedia/en/thumb/f/f3/Flag_of_Russia.svg/23px-Flag_of_Russia.svg.png,BTR-82A(M),destroyed,https://twitter.com/UAWeapons/status/1575874463387701248,265,1387,834,74,448,31,2022-10-04T21:08:09Z
Infantry Fighting Vehicles,Russia,https://upload.wikimedia.org/wikipedia/en/thumb/f/f3/Flag_of_Russia.svg/23px-Flag_of_Russia.svg.png,BTR-82A(M),destroyed,https://i.postimg.cc/TPsRsYsx/1000-btr82a-destr.jpg,265,1387,834,74,448,31,2022-10-04T21:08:09Z
Infantry Fighting Vehicles,Russia,https://upload.wikimedia.org/wikipedia/en/thumb/f/f3/Flag_of_Russia.svg/23px-Flag_of_Russia.svg.png,BTR-82A(M),destroyed,https://twitter.com/UAWeapons/status/1576274996707487744,265,1387,834,74,448,31,2022-10-04T21:08:09Z
Infantry Fighting Vehicles,Russia,https://upload.wikimedia.org/wikipedia/en/thumb/f/f3/Flag_of_Russia.svg/23px-Flag_of_Russia.svg.png,BTR-82A(M),destroyed,https://i.postimg.cc/VLB6H8S3/1005-btr82a-destr.jpg,265,1387,834,74,448,31,2022-10-04T21:08:09Z
Infantry Fighting Vehicles,Russia,https://upload.wikimedia.org/wikipedia/en/thumb/f/f3/Flag_of_Russia.svg/23px-Flag_of_Russia.svg.png,BTR-82A(M),destroyed,https://i.postimg.cc/hvvg9yLM/1015-btr82a.jpg,265,1387,834,74,448,31,2022-10-04T21:08:09Z
Infantry Fighting Vehicles,Russia,https://upload.wikimedia.org/wikipedia/en/thumb/f/f3/Flag_of_Russia.svg/23px-Flag_of_Russia.svg.png,BTR-82A(M),destroyed,https://i.postimg.cc/0NG8xJ5G/1021-btr82a-destr.jpg,265,1387,834,74,448,31,2022-10-04T21:08:09Z
Infantry Fighting Vehicles,Russia,https://upload.wikimedia.org/wikipedia/en/thumb/f/f3/Flag_of_Russia.svg/23px-Flag_of_Russia.svg.png,BTR-82A(M),destroyed,https://i.postimg.cc/90fPSBxp/2022-04-03-BTR-82-A.jpg,265,1387,834,74,448,31,2022-10-04T21:08:09Z
Infantry Fighting Vehicles,Russia,https://upload.wikimedia.org/wikipedia/en/thumb/f/f3/Flag_of_Russia.svg/23px-Flag_of_Russia.svg.png,BTR-82A(M),destroyed,https://twitter.com/UAWeapons/status/1577310974427639809,265,1387,834,74,448,31,2022-10-04T21:08:09Z
Infantry Fighting Vehicles,Russia,https://upload.wikimedia.org/wikipedia/en/thumb/f/f3/Flag_of_Russia.svg/23px-Flag_of_Russia.svg.png,BTR-82A(M),damaged,https://i.postimg.cc/4dcC0KqK/btr88222.jpg,265,1387,834,74,448,31,2022-10-04T21:08:09Z
Infantry Fighting Vehicles,Russia,https://upload.wikimedia.org/wikipedia/en/thumb/f/f3/Flag_of_Russia.svg/23px-Flag_of_Russia.svg.png,BTR-82A(M),damaged,https://i.postimg.cc/Y0xCJmg2/44f.jpg,265,1387,834,74,448,31,2022-10-04T21:08:09Z
Infantry Fighting Vehicles,Russia,https://upload.wikimedia.org/wikipedia/en/thumb/f/f3/Flag_of_Russia.svg/23px-Flag_of_Russia.svg.png,BTR-82A(M),damaged,https://twitter.com/UAWeapons/status/1516395004935213061,265,1387,834,74,448,31,2022-10-04T21:08:09Z
Infantry Fighting Vehicles,Russia,https://upload.wikimedia.org/wikipedia/en/thumb/f/f3/Flag_of_Russia.svg/23px-Flag_of_Russia.svg.png,BTR-82A(M),damaged,https://i.postimg.cc/J4mqZVzj/btr8822.jpg,265,1387,834,74,448,31,2022-10-04T21:08:09Z
Infantry Fighting Vehicles,Russia,https://upload.wikimedia.org/wikipedia/en/thumb/f/f3/Flag_of_Russia.svg/23px-Flag_of_Russia.svg.png,BTR-82A(M),damaged,https://twitter.com/UAWeapons/status/1524456618091589635,265,1387,834,74,448,31,2022-10-04T21:08:09Z
Infantry Fighting Vehicles,Russia,https://upload.wikimedia.org/wikipedia/en/thumb/f/f3/Flag_of_Russia.svg/23px-Flag_of_Russia.svg.png,BTR-82A(M),damaged,https://twitter.com/UAWeapons/status/1558035528339128322,265,1387,834,74,448,31,2022-10-04T21:08:09Z
Infantry Fighting Vehicles,Russia,https://upload.wikimedia.org/wikipedia/en/thumb/f/f3/Flag_of_Russia.svg/23px-Flag_of_Russia.svg.png,BTR-82A(M),abandoned,https://i.postimg.cc/25DqyNfS/55448.png,265,1387,834,74,448,31,2022-10-04T21:08:09Z
Infantry Fighting Vehicles,Russia,https://upload.wikimedia.org/wikipedia/en/thumb/f/f3/Flag_of_Russia.svg/23px-Flag_of_Russia.svg.png,BTR-82A(M),abandoned,https://i.postimg.cc/pLXYWb0d/49.png,265,1387,834,74,448,31,2022-10-04T21:08:09Z
Infantry Fighting Vehicles,Russia,https://upload.wikimedia.org/wikipedia/en/thumb/f/f3/Flag_of_Russia.svg/23px-Flag_of_Russia.svg.png,BTR-82A(M),abandoned,https://i.postimg.cc/PxBfYfhk/767.jpg,265,1387,834,74,448,31,2022-10-04T21:08:09Z
Infantry Fighting Vehicles,Russia,https://upload.wikimedia.org/wikipedia/en/thumb/f/f3/Flag_of_Russia.svg/23px-Flag_of_Russia.svg.png,BTR-82A(M),abandoned,https://i.postimg.cc/PxBfYfhk/767.jpg,265,1387,834,74,448,31,2022-10-04T21:08:09Z
Infantry Fighting Vehicles,Russia,https://upload.wikimedia.org/wikipedia/en/thumb/f/f3/Flag_of_Russia.svg/23px-Flag_of_Russia.svg.png,BTR-82A(M),abandoned,https://i.postimg.cc/PxBfYfhk/767.jpg,265,1387,834,74,448,31,2022-10-04T21:08:09Z
Infantry Fighting Vehicles,Russia,https://upload.wikimedia.org/wikipedia/en/thumb/f/f3/Flag_of_Russia.svg/23px-Flag_of_Russia.svg.png,BTR-82A(M),abandoned,https://i.postimg.cc/1RJVYmjQ/82.png,265,1387,834,74,448,31,2022-10-04T21:08:09Z
Infantry Fighting Vehicles,Russia,https://upload.wikimedia.org/wikipedia/en/thumb/f/f3/Flag_of_Russia.svg/23px-Flag_of_Russia.svg.png,BTR-82A(M),abandoned,https://i.postimg.cc/qMxr03Ry/82a.jpg,265,1387,834,74,448,31,2022-10-04T21:08:09Z
Infantry Fighting Vehicles,Russia,https://upload.wikimedia.org/wikipedia/en/thumb/f/f3/Flag_of_Russia.svg/23px-Flag_of_Russia.svg.png,BTR-82A(M),abandoned,https://i.postimg.cc/bJDw1Gdq/46.png,265,1387,834,74,448,31,2022-10-04T21:08:09Z
Infantry Fighting Vehicles,Russia,https://upload.wikimedia.org/wikipedia/en/thumb/f/f3/Flag_of_Russia.svg/23px-Flag_of_Russia.svg.png,BTR-82A(M),abandoned,https://i.postimg.cc/Kc32fSfv/6658.png,265,1387,834,74,448,31,2022-10-04T21:08:09Z
Infantry Fighting Vehicles,Russia,https://upload.wikimedia.org/wikipedia/en/thumb/f/f3/Flag_of_Russia.svg/23px-Flag_of_Russia.svg.png,BTR-82A(M),abandoned,https://i.postimg.cc/d3ZQm1t0/rgg.png,265,1387,834,74,448,31,2022-10-04T21:08:09Z
Infantry Fighting Vehicles,Russia,https://upload.wikimedia.org/wikipedia/en/thumb/f/f3/Flag_of_Russia.svg/23px-Flag_of_Russia.svg.png,BTR-82A(M),abandoned,https://i.postimg.cc/J01GbYLL/bb2.png,265,1387,834,74,448,31,2022-10-04T21:08:09Z
Infantry Fighting Vehicles,Russia,https://upload.wikimedia.org/wikipedia/en/thumb/f/f3/Flag_of_Russia.svg/23px-Flag_of_Russia.svg.png,BTR-82A(M),abandoned,https://twitter.com/UAWeapons/status/1525936384434913281,265,1387,834,74,448,31,2022-10-04T21:08:09Z
Infantry Fighting Vehicles,Russia,https://upload.wikimedia.org/wikipedia/en/thumb/f/f3/Flag_of_Russia.svg/23px-Flag_of_Russia.svg.png,BTR-82A(M),damaged,https://i.postimg.cc/BbS69p4N/66588.png,265,1387,834,74,448,31,2022-10-04T21:08:09Z
Infantry Fighting Vehicles,Russia,https://upload.wikimedia.org/wikipedia/en/thumb/f/f3/Flag_of_Russia.svg/23px-Flag_of_Russia.svg.png,BTR-82A(M),damaged,https://i.postimg.cc/TY0tRgBM/4766.png,265,1387,834,74,448,31,2022-10-04T21:08:09Z
Infantry Fighting Vehicles,Russia,https://upload.wikimedia.org/wikipedia/en/thumb/f/f3/Flag_of_Russia.svg/23px-Flag_of_Russia.svg.png,BTR-82A(M),damaged,https://i.postimg.cc/RZQbNvvr/54.jpg,265,1387,834,74,448,31,2022-10-04T21:08:09Z
Infantry Fighting Vehicles,Russia,https://upload.wikimedia.org/wikipedia/en/thumb/f/f3/Flag_of_Russia.svg/23px-Flag_of_Russia.svg.png,BTR-82A(M),captured,https://i.postimg.cc/CLMc38gC/346.png,265,1387,834,74,448,31,2022-10-04T21:08:09Z
Infantry Fighting Vehicles,Russia,https://upload.wikimedia.org/wikipedia/en/thumb/f/f3/Flag_of_Russia.svg/23px-Flag_of_Russia.svg.png,BTR-82A(M),captured,https://i.postimg.cc/6pRscNqC/3311.png,265,1387,834,74,448,31,2022-10-04T21:08:09Z
Infantry Fighting Vehicles,Russia,https://upload.wikimedia.org/wikipedia/en/thumb/f/f3/Flag_of_Russia.svg/23px-Flag_of_Russia.svg.png,BTR-82A(M),captured,https://i.postimg.cc/5yzVrP3b/6688.jpg,265,1387,834,74,448,31,2022-10-04T21:08:09Z
Infantry Fighting Vehicles,Russia,https://upload.wikimedia.org/wikipedia/en/thumb/f/f3/Flag_of_Russia.svg/23px-Flag_of_Russia.svg.png,BTR-82A(M),captured,https://i.postimg.cc/J7P4V4M6/879.jpg,265,1387,834,74,448,31,2022-10-04T21:08:09Z
Infantry Fighting Vehicles,Russia,https://upload.wikimedia.org/wikipedia/en/thumb/f/f3/Flag_of_Russia.svg/23px-Flag_of_Russia.svg.png,BTR-82A(M),captured,https://i.postimg.cc/bJbt0qwP/bt1.jpg,265,1387,834,74,448,31,2022-10-04T21:08:09Z
Infantry Fighting Vehicles,Russia,https://upload.wikimedia.org/wikipedia/en/thumb/f/f3/Flag_of_Russia.svg/23px-Flag_of_Russia.svg.png,BTR-82A(M),captured,https://i.postimg.cc/ZnJ3m7tN/4311.png,265,1387,834,74,448,31,2022-10-04T21:08:09Z
Infantry Fighting Vehicles,Russia,https://upload.wikimedia.org/wikipedia/en/thumb/f/f3/Flag_of_Russia.svg/23px-Flag_of_Russia.svg.png,BTR-82A(M),captured,https://i.postimg.cc/xd2rYqyW/45.png,265,1387,834,74,448,31,2022-10-04T21:08:09Z
Infantry Fighting Vehicles,Russia,https://upload.wikimedia.org/wikipedia/en/thumb/f/f3/Flag_of_Russia.svg/23px-Flag_of_Russia.svg.png,BTR-82A(M),captured,https://i.postimg.cc/XJtjcXxY/658.png,265,1387,834,74,448,31,2022-10-04T21:08:09Z
Infantry Fighting Vehicles,Russia,https://upload.wikimedia.org/wikipedia/en/thumb/f/f3/Flag_of_Russia.svg/23px-Flag_of_Russia.svg.png,BTR-82A(M),captured,https://i.postimg.cc/Xq9Xhr4s/v3.png,265,1387,834,74,448,31,2022-10-04T21:08:09Z
Infantry Fighting Vehicles,Russia,https://upload.wikimedia.org/wikipedia/en/thumb/f/f3/Flag_of_Russia.svg/23px-Flag_of_Russia.svg.png,BTR-82A(M),captured,https://i.postimg.cc/jdQL4n85/v5.jpg,265,1387,834,74,448,31,2022-10-04T21:08:09Z
Infantry Fighting Vehicles,Russia,https://upload.wikimedia.org/wikipedia/en/thumb/f/f3/Flag_of_Russia.svg/23px-Flag_of_Russia.svg.png,BTR-82A(M),captured,https://i.postimg.cc/fWd3krmY/v4.jpg,265,1387,834,74,448,31,2022-10-04T21:08:09Z
Infantry Fighting Vehicles,Russia,https://upload.wikimedia.org/wikipedia/en/thumb/f/f3/Flag_of_Russia.svg/23px-Flag_of_Russia.svg.png,BTR-82A(M),captured,https://i.postimg.cc/mkxT43yQ/4f3.jpg,265,1387,834,74,448,31,2022-10-04T21:08:09Z
Infantry Fighting Vehicles,Russia,https://upload.wikimedia.org/wikipedia/en/thumb/f/f3/Flag_of_Russia.svg/23px-Flag_of_Russia.svg.png,BTR-82A(M),captured,https://i.postimg.cc/jSQVn0Qn/ff2.jpg,265,1387,834,74,448,31,2022-10-04T21:08:09Z
Infantry Fighting Vehicles,Russia,https://upload.wikimedia.org/wikipedia/en/thumb/f/f3/Flag_of_Russia.svg/23px-Flag_of_Russia.svg.png,BTR-82A(M),captured,https://i.postimg.cc/jSQVn0Qn/ff2.jpg,265,1387,834,74,448,31,2022-10-04T21:08:09Z
Infantry Fighting Vehicles,Russia,https://upload.wikimedia.org/wikipedia/en/thumb/f/f3/Flag_of_Russia.svg/23px-Flag_of_Russia.svg.png,BTR-82A(M),captured,https://i.postimg.cc/Cx7Wdkbp/d321.jpg,265,1387,834,74,448,31,2022-10-04T21:08:09Z
Infantry Fighting Vehicles,Russia,https://upload.wikimedia.org/wikipedia/en/thumb/f/f3/Flag_of_Russia.svg/23px-Flag_of_Russia.svg.png,BTR-82A(M),captured,https://i.postimg.cc/Cx7Wdkbp/d321.jpg,265,1387,834,74,448,31,2022-10-04T21:08:09Z
Infantry Fighting Vehicles,Russia,https://upload.wikimedia.org/wikipedia/en/thumb/f/f3/Flag_of_Russia.svg/23px-Flag_of_Russia.svg.png,BTR-82A(M),captured,https://i.postimg.cc/sx1203yv/db.png,265,1387,834,74,448,31,2022-10-04T21:08:09Z
Infantry Fighting Vehicles,Russia,https://upload.wikimedia.org/wikipedia/en/thumb/f/f3/Flag_of_Russia.svg/23px-Flag_of_Russia.svg.png,BTR-82A(M),captured,https://i.postimg.cc/fyfbHsH9/332.jpg,265,1387,834,74,448,31,2022-10-04T21:08:09Z
Infantry Fighting Vehicles,Russia,https://upload.wikimedia.org/wikipedia/en/thumb/f/f3/Flag_of_Russia.svg/23px-Flag_of_Russia.svg.png,BTR-82A(M),captured,https://i.postimg.cc/wTPhLcmY/25.png,265,1387,834,74,448,31,2022-10-04T21:08:09Z
Infantry Fighting Vehicles,Russia,https://upload.wikimedia.org/wikipedia/en/thumb/f/f3/Flag_of_Russia.svg/23px-Flag_of_Russia.svg.png,BTR-82A(M),captured,https://i.postimg.cc/sxY0TD5r/cc1.jpg,265,1387,834,74,448,31,2022-10-04T21:08:09Z
Infantry Fighting Vehicles,Russia,https://upload.wikimedia.org/wikipedia/en/thumb/f/f3/Flag_of_Russia.svg/23px-Flag_of_Russia.svg.png,BTR-82A(M),captured,https://i.postimg.cc/kG3pNt6s/cc2.jpg,265,1387,834,74,448,31,2022-10-04T21:08:09Z
Infantry Fighting Vehicles,Russia,https://upload.wikimedia.org/wikipedia/en/thumb/f/f3/Flag_of_Russia.svg/23px-Flag_of_Russia.svg.png,BTR-82A(M),captured,https://i.postimg.cc/zfX8Ls5G/87.jpg,265,1387,834,74,448,31,2022-10-04T21:08:09Z
Infantry Fighting Vehicles,Russia,https://upload.wikimedia.org/wikipedia/en/thumb/f/f3/Flag_of_Russia.svg/23px-Flag_of_Russia.svg.png,BTR-82A(M),captured,https://i.postimg.cc/Ghn3hTJP/443.png,265,1387,834,74,448,31,2022-10-04T21:08:09Z
Infantry Fighting Vehicles,Russia,https://upload.wikimedia.org/wikipedia/en/thumb/f/f3/Flag_of_Russia.svg/23px-Flag_of_Russia.svg.png,BTR-82A(M),captured,https://i.postimg.cc/wBffMpDD/323.jpg,265,1387,834,74,448,31,2022-10-04T21:08:09Z
Infantry Fighting Vehicles,Russia,https://upload.wikimedia.org/wikipedia/en/thumb/f/f3/Flag_of_Russia.svg/23px-Flag_of_Russia.svg.png,BTR-82A(M),captured,https://i.postimg.cc/hGt49XJv/67.jpg,265,1387,834,74,448,31,2022-10-04T21:08:09Z
Infantry Fighting Vehicles,Russia,https://upload.wikimedia.org/wikipedia/en/thumb/f/f3/Flag_of_Russia.svg/23px-Flag_of_Russia.svg.png,BTR-82A(M),captured,https://i.postimg.cc/dV4SXCJz/61.png,265,1387,834,74,448,31,2022-10-04T21:08:09Z
Infantry Fighting Vehicles,Russia,https://upload.wikimedia.org/wikipedia/en/thumb/f/f3/Flag_of_Russia.svg/23px-Flag_of_Russia.svg.png,BTR-82A(M),captured,https://i.postimg.cc/qqcxSQjt/btr82aa.jpg,265,1387,834,74,448,31,2022-10-04T21:08:09Z
Infantry Fighting Vehicles,Russia,https://upload.wikimedia.org/wikipedia/en/thumb/f/f3/Flag_of_Russia.svg/23px-Flag_of_Russia.svg.png,BTR-82A(M),captured,https://i.postimg.cc/yYPTTQDt/btr82.jpg,265,1387,834,74,448,31,2022-10-04T21:08:09Z
Infantry Fighting Vehicles,Russia,https://upload.wikimedia.org/wikipedia/en/thumb/f/f3/Flag_of_Russia.svg/23px-Flag_of_Russia.svg.png,BTR-82A(M),captured,https://postimg.cc/xJgHCx4t,265,1387,834,74,448,31,2022-10-04T21:08:09Z
Infantry Fighting Vehicles,Russia,https://upload.wikimedia.org/wikipedia/en/thumb/f/f3/Flag_of_Russia.svg/23px-Flag_of_Russia.svg.png,BTR-82A(M),captured,https://postimg.cc/jDJzXhDS,265,1387,834,74,448,31,2022-10-04T21:08:09Z
Infantry Fighting Vehicles,Russia,https://upload.wikimedia.org/wikipedia/en/thumb/f/f3/Flag_of_Russia.svg/23px-Flag_of_Russia.svg.png,BTR-82A(M),captured,https://i.postimg.cc/zGXp9cvZ/b1.jpg,265,1387,834,74,448,31,2022-10-04T21:08:09Z
Infantry Fighting Vehicles,Russia,https://upload.wikimedia.org/wikipedia/en/thumb/f/f3/Flag_of_Russia.svg/23px-Flag_of_Russia.svg.png,BTR-82A(M),captured,https://i.postimg.cc/kGvFHQdg/b2.jpg,265,1387,834,74,448,31,2022-10-04T21:08:09Z
Infantry Fighting Vehicles,Russia,https://upload.wikimedia.org/wikipedia/en/thumb/f/f3/Flag_of_Russia.svg/23px-Flag_of_Russia.svg.png,BTR-82A(M),captured,https://i.postimg.cc/rpVT2Ltm/41.jpg,265,1387,834,74,448,31,2022-10-04T21:08:09Z
Infantry Fighting Vehicles,Russia,https://upload.wikimedia.org/wikipedia/en/thumb/f/f3/Flag_of_Russia.svg/23px-Flag_of_Russia.svg.png,BTR-82A(M),captured,https://i.postimg.cc/50tm5PB9/1013-btr-82a.png,265,1387,834,74,448,31,2022-10-04T21:08:09Z
Infantry Fighting Vehicles,Russia,https://upload.wikimedia.org/wikipedia/en/thumb/f/f3/Flag_of_Russia.svg/23px-Flag_of_Russia.svg.png,BTR-82A(M),captured,https://i.postimg.cc/T25xnSws/763.jpg,265,1387,834,74,448,31,2022-10-04T21:08:09Z
Infantry Fighting Vehicles,Russia,https://upload.wikimedia.org/wikipedia/en/thumb/f/f3/Flag_of_Russia.svg/23px-Flag_of_Russia.svg.png,BTR-82A(M),captured,https://i.postimg.cc/PJJsygBj/h70.jpg,265,1387,834,74,448,31,2022-10-04T21:08:09Z
Infantry Fighting Vehicles,Russia,https://upload.wikimedia.org/wikipedia/en/thumb/f/f3/Flag_of_Russia.svg/23px-Flag_of_Russia.svg.png,BTR-82A(M),captured,https://i.postimg.cc/Jnr8qy5L/f33.jpg,265,1387,834,74,448,31,2022-10-04T21:08:09Z
Infantry Fighting Vehicles,Russia,https://upload.wikimedia.org/wikipedia/en/thumb/f/f3/Flag_of_Russia.svg/23px-Flag_of_Russia.svg.png,BTR-82A(M),captured,https://i.postimg.cc/fyWq3ZF7/j777.jpg,265,1387,834,74,448,31,2022-10-04T21:08:09Z
Infantry Fighting Vehicles,Russia,https://upload.wikimedia.org/wikipedia/en/thumb/f/f3/Flag_of_Russia.svg/23px-Flag_of_Russia.svg.png,BTR-82A(M),captured,https://i.postimg.cc/vmkFs4Bx/4437.png,265,1387,834,74,448,31,2022-10-04T21:08:09Z
Infantry Fighting Vehicles,Russia,https://upload.wikimedia.org/wikipedia/en/thumb/f/f3/Flag_of_Russia.svg/23px-Flag_of_Russia.svg.png,BTR-82A(M),captured,https://i.postimg.cc/jdHxdgRs/44f.png,265,1387,834,74,448,31,2022-10-04T21:08:09Z
Infantry Fighting Vehicles,Russia,https://upload.wikimedia.org/wikipedia/en/thumb/f/f3/Flag_of_Russia.svg/23px-Flag_of_Russia.svg.png,BTR-82A(M),captured,https://i.postimg.cc/MTnD6Msb/45.jpg,265,1387,834,74,448,31,2022-10-04T21:08:09Z
Infantry Fighting Vehicles,Russia,https://upload.wikimedia.org/wikipedia/en/thumb/f/f3/Flag_of_Russia.svg/23px-Flag_of_Russia.svg.png,BTR-82A(M),captured,https://i.postimg.cc/Y994gyQF/431.png,265,1387,834,74,448,31,2022-10-04T21:08:09Z
Infantry Fighting Vehicles,Russia,https://upload.wikimedia.org/wikipedia/en/thumb/f/f3/Flag_of_Russia.svg/23px-Flag_of_Russia.svg.png,BTR-82A(M),captured,https://i.postimg.cc/Y994gyQF/431.png,265,1387,834,74,448,31,2022-10-04T21:08:09Z
Infantry Fighting Vehicles,Russia,https://upload.wikimedia.org/wikipedia/en/thumb/f/f3/Flag_of_Russia.svg/23px-Flag_of_Russia.svg.png,BTR-82A(M),captured,https://i.postimg.cc/TY2FGgMp/gg5.png,265,1387,834,74,448,31,2022-10-04T21:08:09Z
Infantry Fighting Vehicles,Russia,https://upload.wikimedia.org/wikipedia/en/thumb/f/f3/Flag_of_Russia.svg/23px-Flag_of_Russia.svg.png,BTR-82A(M),captured,https://i.postimg.cc/GpPxHgvr/65h.png,265,1387,834,74,448,31,2022-10-04T21:08:09Z
Infantry Fighting Vehicles,Russia,https://upload.wikimedia.org/wikipedia/en/thumb/f/f3/Flag_of_Russia.svg/23px-Flag_of_Russia.svg.png,BTR-82A(M),captured,https://i.postimg.cc/qqFSQzs8/4f1f.png,265,1387,834,74,448,31,2022-10-04T21:08:09Z
Infantry Fighting Vehicles,Russia,https://upload.wikimedia.org/wikipedia/en/thumb/f/f3/Flag_of_Russia.svg/23px-Flag_of_Russia.svg.png,BTR-82A(M),captured,https://twitter.com/UAWeapons/status/1553999985288642561,265,1387,834,74,448,31,2022-10-04T21:08:09Z
Infantry Fighting Vehicles,Russia,https://upload.wikimedia.org/wikipedia/en/thumb/f/f3/Flag_of_Russia.svg/23px-Flag_of_Russia.svg.png,BTR-82A(M),captured,https://i.postimg.cc/fLkJ1YHZ/578.png,265,1387,834,74,448,31,2022-10-04T21:08:09Z
Infantry Fighting Vehicles,Russia,https://upload.wikimedia.org/wikipedia/en/thumb/f/f3/Flag_of_Russia.svg/23px-Flag_of_Russia.svg.png,BTR-82A(M),captured,https://i.postimg.cc/C1XJ00CN/1002-btr-82a.jpg,265,1387,834,74,448,31,2022-10-04T21:08:09Z
Infantry Fighting Vehicles,Russia,https://upload.wikimedia.org/wikipedia/en/thumb/f/f3/Flag_of_Russia.svg/23px-Flag_of_Russia.svg.png,BTR-82A(M),captured,https://i.postimg.cc/9fyrTNZ0/15.png,265,1387,834,74,448,31,2022-10-04T21:08:09Z
Infantry Fighting Vehicles,Russia,https://upload.wikimedia.org/wikipedia/en/thumb/f/f3/Flag_of_Russia.svg/23px-Flag_of_Russia.svg.png,BTR-82A(M),captured,https://i.postimg.cc/rybYQ6TS/6hjj.png,265,1387,834,74,448,31,2022-10-04T21:08:09Z
Infantry Fighting Vehicles,Russia,https://upload.wikimedia.org/wikipedia/en/thumb/f/f3/Flag_of_Russia.svg/23px-Flag_of_Russia.svg.png,BTR-82A(M),captured,https://i.postimg.cc/JntXrJN9/hd.jpg,265,1387,834,74,448,31,2022-10-04T21:08:09Z
Infantry Fighting Vehicles,Russia,https://upload.wikimedia.org/wikipedia/en/thumb/f/f3/Flag_of_Russia.svg/23px-Flag_of_Russia.svg.png,BTR-82A(M),captured,https://i.postimg.cc/J7Jnf71f/h6.jpg,265,1387,834,74,448,31,2022-10-04T21:08:09Z
Infantry Fighting Vehicles,Russia,https://upload.wikimedia.org/wikipedia/en/thumb/f/f3/Flag_of_Russia.svg/23px-Flag_of_Russia.svg.png,BTR-82A(M),captured,https://twitter.com/UAWeapons/status/1562418509577158656,265,1387,834,74,448,31,2022-10-04T21:08:09Z
Infantry Fighting Vehicles,Russia,https://upload.wikimedia.org/wikipedia/en/thumb/f/f3/Flag_of_Russia.svg/23px-Flag_of_Russia.svg.png,BTR-82A(M),captured,https://twitter.com/UAWeapons/status/1567268160784502786,265,1387,834,74,448,31,2022-10-04T21:08:09Z
Infantry Fighting Vehicles,Russia,https://upload.wikimedia.org/wikipedia/en/thumb/f/f3/Flag_of_Russia.svg/23px-Flag_of_Russia.svg.png,BTR-82A(M),captured,https://i.postimg.cc/8zFh6QBD/1040-btr82.jpg,265,1387,834,74,448,31,2022-10-04T21:08:09Z
Infantry Fighting Vehicles,Russia,https://upload.wikimedia.org/wikipedia/en/thumb/f/f3/Flag_of_Russia.svg/23px-Flag_of_Russia.svg.png,BTR-82A(M),captured,https://twitter.com/UAWeapons/status/1567826815284043778,265,1387,834,74,448,31,2022-10-04T21:08:09Z
Infantry Fighting Vehicles,Russia,https://upload.wikimedia.org/wikipedia/en/thumb/f/f3/Flag_of_Russia.svg/23px-Flag_of_Russia.svg.png,BTR-82A(M),captured,https://i.postimg.cc/y8jLb4Mp/1014-btr82a.jpg,265,1387,834,74,448,31,2022-10-04T21:08:09Z
Infantry Fighting Vehicles,Russia,https://upload.wikimedia.org/wikipedia/en/thumb/f/f3/Flag_of_Russia.svg/23px-Flag_of_Russia.svg.png,BTR-82A(M),captured,https://i.postimg.cc/Bn4hpQV1/1024-btr82a.jpg,265,1387,834,74,448,31,2022-10-04T21:08:09Z
Infantry Fighting Vehicles,Russia,https://upload.wikimedia.org/wikipedia/en/thumb/f/f3/Flag_of_Russia.svg/23px-Flag_of_Russia.svg.png,BTR-82A(M),captured,https://twitter.com/UAWeapons/status/1567922605495123972,265,1387,834,74,448,31,2022-10-04T21:08:09Z
Infantry Fighting Vehicles,Russia,https://upload.wikimedia.org/wikipedia/en/thumb/f/f3/Flag_of_Russia.svg/23px-Flag_of_Russia.svg.png,BTR-82A(M),captured,https://twitter.com/UAWeapons/status/1567922605495123972,265,1387,834,74,448,31,2022-10-04T21:08:09Z
Infantry Fighting Vehicles,Russia,https://upload.wikimedia.org/wikipedia/en/thumb/f/f3/Flag_of_Russia.svg/23px-Flag_of_Russia.svg.png,BTR-82A(M),captured,https://i.postimg.cc/zG2q9XqP/1014-btr82a-capt.jpg,265,1387,834,74,448,31,2022-10-04T21:08:09Z
Infantry Fighting Vehicles,Russia,https://upload.wikimedia.org/wikipedia/en/thumb/f/f3/Flag_of_Russia.svg/23px-Flag_of_Russia.svg.png,BTR-82A(M),captured,https://twitter.com/UAWeapons/status/1568207084159750146,265,1387,834,74,448,31,2022-10-04T21:08:09Z
Infantry Fighting Vehicles,Russia,https://upload.wikimedia.org/wikipedia/en/thumb/f/f3/Flag_of_Russia.svg/23px-Flag_of_Russia.svg.png,BTR-82A(M),captured,https://i.postimg.cc/Vshzdwkt/1010-btr82a.jpg,265,1387,834,74,448,31,2022-10-04T21:08:09Z
Infantry Fighting Vehicles,Russia,https://upload.wikimedia.org/wikipedia/en/thumb/f/f3/Flag_of_Russia.svg/23px-Flag_of_Russia.svg.png,BTR-82A(M),captured,https://i.postimg.cc/SN5jF8Mw/1011-btr82a.jpg,265,1387,834,74,448,31,2022-10-04T21:08:09Z
Infantry Fighting Vehicles,Russia,https://upload.wikimedia.org/wikipedia/en/thumb/f/f3/Flag_of_Russia.svg/23px-Flag_of_Russia.svg.png,BTR-82A(M),captured,https://i.postimg.cc/Y08cp3Lk/1013-btr82a.jpg,265,1387,834,74,448,31,2022-10-04T21:08:09Z
Infantry Fighting Vehicles,Russia,https://upload.wikimedia.org/wikipedia/en/thumb/f/f3/Flag_of_Russia.svg/23px-Flag_of_Russia.svg.png,BTR-82A(M),captured,https://twitter.com/UAWeapons/status/1568899233314381824,265,1387,834,74,448,31,2022-10-04T21:08:09Z
Infantry Fighting Vehicles,Russia,https://upload.wikimedia.org/wikipedia/en/thumb/f/f3/Flag_of_Russia.svg/23px-Flag_of_Russia.svg.png,BTR-82A(M),captured,https://i.postimg.cc/RFjNVxzf/1008-btr-82a.jpg,265,1387,834,74,448,31,2022-10-04T21:08:09Z
Infantry Fighting Vehicles,Russia,https://upload.wikimedia.org/wikipedia/en/thumb/f/f3/Flag_of_Russia.svg/23px-Flag_of_Russia.svg.png,BTR-82A(M),captured,https://i.postimg.cc/jq7D32zh/1009-btr-82a.jpg,265,1387,834,74,448,31,2022-10-04T21:08:09Z
Infantry Fighting Vehicles,Russia,https://upload.wikimedia.org/wikipedia/en/thumb/f/f3/Flag_of_Russia.svg/23px-Flag_of_Russia.svg.png,BTR-82A(M),captured,https://twitter.com/Blue_Sauron/status/1568895598777991169,265,1387,834,74,448,31,2022-10-04T21:08:09Z
Infantry Fighting Vehicles,Russia,https://upload.wikimedia.org/wikipedia/en/thumb/f/f3/Flag_of_Russia.svg/23px-Flag_of_Russia.svg.png,BTR-82A(M),captured,https://twitter.com/UAWeapons/status/1569229430765289472,265,1387,834,74,448,31,2022-10-04T21:08:09Z
Infantry Fighting Vehicles,Russia,https://upload.wikimedia.org/wikipedia/en/thumb/f/f3/Flag_of_Russia.svg/23px-Flag_of_Russia.svg.png,BTR-82A(M),captured,https://twitter.com/UAWeapons/status/1569229421495701507,265,1387,834,74,448,31,2022-10-04T21:08:09Z
Infantry Fighting Vehicles,Russia,https://upload.wikimedia.org/wikipedia/en/thumb/f/f3/Flag_of_Russia.svg/23px-Flag_of_Russia.svg.png,BTR-82A(M),captured,https://twitter.com/UAWeapons/status/1569229421495701507,265,1387,834,74,448,31,2022-10-04T21:08:09Z
Infantry Fighting Vehicles,Russia,https://upload.wikimedia.org/wikipedia/en/thumb/f/f3/Flag_of_Russia.svg/23px-Flag_of_Russia.svg.png,BTR-82A(M),captured,https://twitter.com/UAWeapons/status/1569229421495701507,265,1387,834,74,448,31,2022-10-04T21:08:09Z
Infantry Fighting Vehicles,Russia,https://upload.wikimedia.org/wikipedia/en/thumb/f/f3/Flag_of_Russia.svg/23px-Flag_of_Russia.svg.png,BTR-82A(M),captured,https://twitter.com/UAWeapons/status/1569229412205215744,265,1387,834,74,448,31,2022-10-04T21:08:09Z
Infantry Fighting Vehicles,Russia,https://upload.wikimedia.org/wikipedia/en/thumb/f/f3/Flag_of_Russia.svg/23px-Flag_of_Russia.svg.png,BTR-82A(M),captured,https://twitter.com/UAWeapons/status/1569620233261817856,265,1387,834,74,448,31,2022-10-04T21:08:09Z
Infantry Fighting Vehicles,Russia,https://upload.wikimedia.org/wikipedia/en/thumb/f/f3/Flag_of_Russia.svg/23px-Flag_of_Russia.svg.png,BTR-82A(M),captured,https://i.postimg.cc/C5fm6Bfw/57h.png,265,1387,834,74,448,31,2022-10-04T21:08:09Z
Infantry Fighting Vehicles,Russia,https://upload.wikimedia.org/wikipedia/en/thumb/f/f3/Flag_of_Russia.svg/23px-Flag_of_Russia.svg.png,BTR-82A(M),captured,https://twitter.com/JimmySecUK/status/1569972968641499136,265,1387,834,74,448,31,2022-10-04T21:08:09Z
Infantry Fighting Vehicles,Russia,https://upload.wikimedia.org/wikipedia/en/thumb/f/f3/Flag_of_Russia.svg/23px-Flag_of_Russia.svg.png,BTR-82A(M),damaged,https://twitter.com/UAWeapons/status/1570423464971976705,265,1387,834,74,448,31,2022-10-04T21:08:09Z
Infantry Fighting Vehicles,Russia,https://upload.wikimedia.org/wikipedia/en/thumb/f/f3/Flag_of_Russia.svg/23px-Flag_of_Russia.svg.png,BTR-82A(M),captured,https://twitter.com/UAWeapons/status/1570781159067643904,265,1387,834,74,448,31,2022-10-04T21:08:09Z
Infantry Fighting Vehicles,Russia,https://upload.wikimedia.org/wikipedia/en/thumb/f/f3/Flag_of_Russia.svg/23px-Flag_of_Russia.svg.png,BTR-82A(M),damaged,https://i.postimg.cc/yxpp9Gb4/2022-09-17-BTR-82-A.png,265,1387,834,74,448,31,2022-10-04T21:08:09Z
Infantry Fighting Vehicles,Russia,https://upload.wikimedia.org/wikipedia/en/thumb/f/f3/Flag_of_Russia.svg/23px-Flag_of_Russia.svg.png,BTR-82A(M),captured,https://twitter.com/UAWeapons/status/1570798006039085056,265,1387,834,74,448,31,2022-10-04T21:08:09Z
Infantry Fighting Vehicles,Russia,https://upload.wikimedia.org/wikipedia/en/thumb/f/f3/Flag_of_Russia.svg/23px-Flag_of_Russia.svg.png,BTR-82A(M),captured,https://i.postimg.cc/pT0x80TF/2022-09-20-BTR-82-A-1.jpg,265,1387,834,74,448,31,2022-10-04T21:08:09Z
Infantry Fighting Vehicles,Russia,https://upload.wikimedia.org/wikipedia/en/thumb/f/f3/Flag_of_Russia.svg/23px-Flag_of_Russia.svg.png,BTR-82A(M),captured,https://i.postimg.cc/Pqp2fPSM/1001-bttr82a.jpg,265,1387,834,74,448,31,2022-10-04T21:08:09Z
Infantry Fighting Vehicles,Russia,https://upload.wikimedia.org/wikipedia/en/thumb/f/f3/Flag_of_Russia.svg/23px-Flag_of_Russia.svg.png,BTR-82A(M),captured,https://twitter.com/UAWeapons/status/1572936489314426883,265,1387,834,74,448,31,2022-10-04T21:08:09Z
Infantry Fighting Vehicles,Russia,https://upload.wikimedia.org/wikipedia/en/thumb/f/f3/Flag_of_Russia.svg/23px-Flag_of_Russia.svg.png,BTR-82A(M),captured,https://twitter.com/UAWeapons/status/1572936489314426883,265,1387,834,74,448,31,2022-10-04T21:08:09Z
Infantry Fighting Vehicles,Russia,https://upload.wikimedia.org/wikipedia/en/thumb/f/f3/Flag_of_Russia.svg/23px-Flag_of_Russia.svg.png,BTR-82A(M),captured,https://i.postimg.cc/hjKYB1HP/2022-09-09-BTR-82-A.jpg,265,1387,834,74,448,31,2022-10-04T21:08:09Z
Infantry Fighting Vehicles,Russia,https://upload.wikimedia.org/wikipedia/en/thumb/f/f3/Flag_of_Russia.svg/23px-Flag_of_Russia.svg.png,BTR-82A(M),captured,https://twitter.com/UAWeapons/status/1575165023735148545,265,1387,834,74,448,31,2022-10-04T21:08:09Z
Infantry Fighting Vehicles,Russia,https://upload.wikimedia.org/wikipedia/en/thumb/f/f3/Flag_of_Russia.svg/23px-Flag_of_Russia.svg.png,BTR-82A(M),captured,https://twitter.com/UAWeapons/status/1575229645745954816,265,1387,834,74,448,31,2022-10-04T21:08:09Z
Infantry Fighting Vehicles,Russia,https://upload.wikimedia.org/wikipedia/en/thumb/f/f3/Flag_of_Russia.svg/23px-Flag_of_Russia.svg.png,BTR-82A(M),captured,https://i.postimg.cc/05CH7L3v/2022-09-27-BTR-82-A.jpg,265,1387,834,74,448,31,2022-10-04T21:08:09Z
Infantry Fighting Vehicles,Russia,https://upload.wikimedia.org/wikipedia/en/thumb/f/f3/Flag_of_Russia.svg/23px-Flag_of_Russia.svg.png,BTR-82A(M),captured,https://i.postimg.cc/fTHktwkQ/BTR-82-A-Kharkiv-region.png,265,1387,834,74,448,31,2022-10-04T21:08:09Z
Infantry Fighting Vehicles,Russia,https://upload.wikimedia.org/wikipedia/en/thumb/f/f3/Flag_of_Russia.svg/23px-Flag_of_Russia.svg.png,BTR-82A(M),captured,https://i.postimg.cc/SQHPSvvz/1019-btr82a-capt.jpg,265,1387,834,74,448,31,2022-10-04T21:08:09Z
Infantry Fighting Vehicles,Russia,https://upload.wikimedia.org/wikipedia/en/thumb/f/f3/Flag_of_Russia.svg/23px-Flag_of_Russia.svg.png,BTR-82A(M),captured,https://twitter.com/UAWeapons/status/1577310974427639809,265,1387,834,74,448,31,2022-10-04T21:08:09Z
Armoured Personnel Carriers,Russia,https://upload.wikimedia.org/wikipedia/commons/thumb/a/a9/Flag_of_the_Soviet_Union.svg/23px-Flag_of_the_Soviet_Union.svg.png,BTR-60PB,damaged,https://i.postimg.cc/28S1XDpx/1009-btr60.jpg,1,212,116,12,79,5,2022-10-04T21:08:09Z
Armoured Personnel Carriers,Russia,https://upload.wikimedia.org/wikipedia/commons/thumb/a/a9/Flag_of_the_Soviet_Union.svg/23px-Flag_of_the_Soviet_Union.svg.png,BTR-70,destroyed,https://i.postimg.cc/t42tHcCh/v5.png,3,212,116,12,79,5,2022-10-04T21:08:09Z
Armoured Personnel Carriers,Russia,https://upload.wikimedia.org/wikipedia/commons/thumb/a/a9/Flag_of_the_Soviet_Union.svg/23px-Flag_of_the_Soviet_Union.svg.png,BTR-70,destroyed,https://i.postimg.cc/NMWkzrGS/v6.png,3,212,116,12,79,5,2022-10-04T21:08:09Z
Armoured Personnel Carriers,Russia,https://upload.wikimedia.org/wikipedia/commons/thumb/a/a9/Flag_of_the_Soviet_Union.svg/23px-Flag_of_the_Soviet_Union.svg.png,BTR-70,captured,https://i.postimg.cc/ZRSyFsmQ/2022-09-13-BTR.png,3,212,116,12,79,5,2022-10-04T21:08:09Z
Armoured Personnel Carriers,Russia,https://upload.wikimedia.org/wikipedia/en/thumb/f/f3/Flag_of_Russia.svg/23px-Flag_of_Russia.svg.png,BTR-70M,destroyed,https://i.postimg.cc/C1Cr277d/4c.png,1,212,116,12,79,5,2022-10-04T21:08:09Z
Armoured Personnel Carriers,Russia,https://upload.wikimedia.org/wikipedia/commons/thumb/a/a9/Flag_of_the_Soviet_Union.svg/23px-Flag_of_the_Soviet_Union.svg.png,BTR-80,destroyed,https://i.postimg.cc/Dwp3QN7Q/Screenshot-8275.png,95,212,116,12,79,5,2022-10-04T21:08:09Z
Armoured Personnel Carriers,Russia,https://upload.wikimedia.org/wikipedia/commons/thumb/a/a9/Flag_of_the_Soviet_Union.svg/23px-Flag_of_the_Soviet_Union.svg.png,BTR-80,destroyed,https://i.postimg.cc/ZRMNRmvg/g433.jpg,95,212,116,12,79,5,2022-10-04T21:08:09Z
Armoured Personnel Carriers,Russia,https://upload.wikimedia.org/wikipedia/commons/thumb/a/a9/Flag_of_the_Soviet_Union.svg/23px-Flag_of_the_Soviet_Union.svg.png,BTR-80,destroyed,https://i.postimg.cc/vm666jzG/69.png,95,212,116,12,79,5,2022-10-04T21:08:09Z
Armoured Personnel Carriers,Russia,https://upload.wikimedia.org/wikipedia/commons/thumb/a/a9/Flag_of_the_Soviet_Union.svg/23px-Flag_of_the_Soviet_Union.svg.png,BTR-80,destroyed,https://i.postimg.cc/wj4RK6bb/235.png,95,212,116,12,79,5,2022-10-04T21:08:09Z
Armoured Personnel Carriers,Russia,https://upload.wikimedia.org/wikipedia/commons/thumb/a/a9/Flag_of_the_Soviet_Union.svg/23px-Flag_of_the_Soviet_Union.svg.png,BTR-80,destroyed,https://i.postimg.cc/FF8stwCs/5g8.jpg,95,212,116,12,79,5,2022-10-04T21:08:09Z
Armoured Personnel Carriers,Russia,https://upload.wikimedia.org/wikipedia/commons/thumb/a/a9/Flag_of_the_Soviet_Union.svg/23px-Flag_of_the_Soviet_Union.svg.png,BTR-80,destroyed,https://i.postimg.cc/dthr29YX/ddfg.jpg,95,212,116,12,79,5,2022-10-04T21:08:09Z
Armoured Personnel Carriers,Russia,https://upload.wikimedia.org/wikipedia/commons/thumb/a/a9/Flag_of_the_Soviet_Union.svg/23px-Flag_of_the_Soviet_Union.svg.png,BTR-80,destroyed,https://i.postimg.cc/02wsWV7w/dd1.png,95,212,116,12,79,5,2022-10-04T21:08:09Z
Armoured Personnel Carriers,Russia,https://upload.wikimedia.org/wikipedia/commons/thumb/a/a9/Flag_of_the_Soviet_Union.svg/23px-Flag_of_the_Soviet_Union.svg.png,BTR-80,destroyed,https://i.postimg.cc/BvQR3vq8/43g.png,95,212,116,12,79,5,2022-10-04T21:08:09Z
Armoured Personnel Carriers,Russia,https://upload.wikimedia.org/wikipedia/commons/thumb/a/a9/Flag_of_the_Soviet_Union.svg/23px-Flag_of_the_Soviet_Union.svg.png,BTR-80,destroyed,https://i.postimg.cc/wjT16cQp/f246.png,95,212,116,12,79,5,2022-10-04T21:08:09Z
Armoured Personnel Carriers,Russia,https://upload.wikimedia.org/wikipedia/commons/thumb/a/a9/Flag_of_the_Soviet_Union.svg/23px-Flag_of_the_Soviet_Union.svg.png,BTR-80,destroyed,https://i.postimg.cc/nLZMZG9D/4313.png,95,212,116,12,79,5,2022-10-04T21:08:09Z
Armoured Personnel Carriers,Russia,https://upload.wikimedia.org/wikipedia/commons/thumb/a/a9/Flag_of_the_Soviet_Union.svg/23px-Flag_of_the_Soviet_Union.svg.png,BTR-80,destroyed,https://i.postimg.cc/bvzcJ2vM/3d.jpg,95,212,116,12,79,5,2022-10-04T21:08:09Z
Armoured Personnel Carriers,Russia,https://upload.wikimedia.org/wikipedia/commons/thumb/a/a9/Flag_of_the_Soviet_Union.svg/23px-Flag_of_the_Soviet_Union.svg.png,BTR-80,destroyed,https://i.postimg.cc/zG7gJgJ8/976.png,95,212,116,12,79,5,2022-10-04T21:08:09Z
Armoured Personnel Carriers,Russia,https://upload.wikimedia.org/wikipedia/commons/thumb/a/a9/Flag_of_the_Soviet_Union.svg/23px-Flag_of_the_Soviet_Union.svg.png,BTR-80,destroyed,https://i.postimg.cc/y8k7xYxL/BTR80.png,95,212,116,12,79,5,2022-10-04T21:08:09Z
Armoured Personnel Carriers,Russia,https://upload.wikimedia.org/wikipedia/commons/thumb/a/a9/Flag_of_the_Soviet_Union.svg/23px-Flag_of_the_Soviet_Union.svg.png,BTR-80,destroyed,https://i.postimg.cc/6qt9pr4Z/btr80.jpg,95,212,116,12,79,5,2022-10-04T21:08:09Z
Armoured Personnel Carriers,Russia,https://upload.wikimedia.org/wikipedia/commons/thumb/a/a9/Flag_of_the_Soviet_Union.svg/23px-Flag_of_the_Soviet_Union.svg.png,BTR-80,destroyed,https://postimg.cc/WFgD1hW6,95,212,116,12,79,5,2022-10-04T21:08:09Z
Armoured Personnel Carriers,Russia,https://upload.wikimedia.org/wikipedia/commons/thumb/a/a9/Flag_of_the_Soviet_Union.svg/23px-Flag_of_the_Soviet_Union.svg.png,BTR-80,destroyed,https://i.postimg.cc/LXvww7xC/78.jpg,95,212,116,12,79,5,2022-10-04T21:08:09Z
Armoured Personnel Carriers,Russia,https://upload.wikimedia.org/wikipedia/commons/thumb/a/a9/Flag_of_the_Soviet_Union.svg/23px-Flag_of_the_Soviet_Union.svg.png,BTR-80,destroyed,https://i.postimg.cc/wMjKtQ8w/331.jpg,95,212,116,12,79,5,2022-10-04T21:08:09Z
Armoured Personnel Carriers,Russia,https://upload.wikimedia.org/wikipedia/commons/thumb/a/a9/Flag_of_the_Soviet_Union.svg/23px-Flag_of_the_Soviet_Union.svg.png,BTR-80,destroyed,https://i.postimg.cc/gJwrJx5M/4388.jpg,95,212,116,12,79,5,2022-10-04T21:08:09Z
Armoured Personnel Carriers,Russia,https://upload.wikimedia.org/wikipedia/commons/thumb/a/a9/Flag_of_the_Soviet_Union.svg/23px-Flag_of_the_Soviet_Union.svg.png,BTR-80,destroyed,https://i.postimg.cc/3rgKVvQM/11d.jpg,95,212,116,12,79,5,2022-10-04T21:08:09Z
Armoured Personnel Carriers,Russia,https://upload.wikimedia.org/wikipedia/commons/thumb/a/a9/Flag_of_the_Soviet_Union.svg/23px-Flag_of_the_Soviet_Union.svg.png,BTR-80,destroyed,https://i.postimg.cc/rpXfYGXY/327.jpg,95,212,116,12,79,5,2022-10-04T21:08:09Z
Armoured Personnel Carriers,Russia,https://upload.wikimedia.org/wikipedia/commons/thumb/a/a9/Flag_of_the_Soviet_Union.svg/23px-Flag_of_the_Soviet_Union.svg.png,BTR-80,destroyed,https://twitter.com/UAWeapons/status/1530121074515619841,95,212,116,12,79,5,2022-10-04T21:08:09Z
Armoured Personnel Carriers,Russia,https://upload.wikimedia.org/wikipedia/commons/thumb/a/a9/Flag_of_the_Soviet_Union.svg/23px-Flag_of_the_Soviet_Union.svg.png,BTR-80,destroyed,https://i.postimg.cc/x8Gj0RZm/b2.jpg,95,212,116,12,79,5,2022-10-04T21:08:09Z
Armoured Personnel Carriers,Russia,https://upload.wikimedia.org/wikipedia/commons/thumb/a/a9/Flag_of_the_Soviet_Union.svg/23px-Flag_of_the_Soviet_Union.svg.png,BTR-80,destroyed,https://twitter.com/UAWeapons/status/1534870120740298752,95,212,116,12,79,5,2022-10-04T21:08:09Z
Armoured Personnel Carriers,Russia,https://upload.wikimedia.org/wikipedia/commons/thumb/a/a9/Flag_of_the_Soviet_Union.svg/23px-Flag_of_the_Soviet_Union.svg.png,BTR-80,destroyed,https://twitter.com/UAWeapons/status/1539596174243528705,95,212,116,12,79,5,2022-10-04T21:08:09Z
Armoured Personnel Carriers,Russia,https://upload.wikimedia.org/wikipedia/commons/thumb/a/a9/Flag_of_the_Soviet_Union.svg/23px-Flag_of_the_Soviet_Union.svg.png,BTR-80,destroyed,https://i.postimg.cc/KjDPMswn/77j.jpg,95,212,116,12,79,5,2022-10-04T21:08:09Z
Armoured Personnel Carriers,Russia,https://upload.wikimedia.org/wikipedia/commons/thumb/a/a9/Flag_of_the_Soviet_Union.svg/23px-Flag_of_the_Soviet_Union.svg.png,BTR-80,destroyed,https://i.postimg.cc/4N9bkGGF/55g.png,95,212,116,12,79,5,2022-10-04T21:08:09Z
Armoured Personnel Carriers,Russia,https://upload.wikimedia.org/wikipedia/commons/thumb/a/a9/Flag_of_the_Soviet_Union.svg/23px-Flag_of_the_Soviet_Union.svg.png,BTR-80,destroyed,https://twitter.com/RALee85/status/1544016163801387009,95,212,116,12,79,5,2022-10-04T21:08:09Z
Armoured Personnel Carriers,Russia,https://upload.wikimedia.org/wikipedia/commons/thumb/a/a9/Flag_of_the_Soviet_Union.svg/23px-Flag_of_the_Soviet_Union.svg.png,BTR-80,destroyed,https://i.postimg.cc/j2Fg7XtR/1005.jpg,95,212,116,12,79,5,2022-10-04T21:08:09Z
Armoured Personnel Carriers,Russia,https://upload.wikimedia.org/wikipedia/commons/thumb/a/a9/Flag_of_the_Soviet_Union.svg/23px-Flag_of_the_Soviet_Union.svg.png,BTR-80,destroyed,https://i.postimg.cc/q7yrqVbh/1001.jpg,95,212,116,12,79,5,2022-10-04T21:08:09Z
Armoured Personnel Carriers,Russia,https://upload.wikimedia.org/wikipedia/commons/thumb/a/a9/Flag_of_the_Soviet_Union.svg/23px-Flag_of_the_Soviet_Union.svg.png,BTR-80,destroyed,https://i.postimg.cc/1zg0QzmX/1002.jpg,95,212,116,12,79,5,2022-10-04T21:08:09Z
Armoured Personnel Carriers,Russia,https://upload.wikimedia.org/wikipedia/commons/thumb/a/a9/Flag_of_the_Soviet_Union.svg/23px-Flag_of_the_Soviet_Union.svg.png,BTR-80,destroyed,https://i.postimg.cc/Y2vd4qQV/1003.jpg,95,212,116,12,79,5,2022-10-04T21:08:09Z
Armoured Personnel Carriers,Russia,https://upload.wikimedia.org/wikipedia/commons/thumb/a/a9/Flag_of_the_Soviet_Union.svg/23px-Flag_of_the_Soviet_Union.svg.png,BTR-80,destroyed,https://i.postimg.cc/DZ7JwbQz/1000.jpg,95,212,116,12,79,5,2022-10-04T21:08:09Z
Armoured Personnel Carriers,Russia,https://upload.wikimedia.org/wikipedia/commons/thumb/a/a9/Flag_of_the_Soviet_Union.svg/23px-Flag_of_the_Soviet_Union.svg.png,BTR-80,destroyed,https://i.postimg.cc/zGPf9L2c/1008-btr80.jpg,95,212,116,12,79,5,2022-10-04T21:08:09Z
Armoured Personnel Carriers,Russia,https://upload.wikimedia.org/wikipedia/commons/thumb/a/a9/Flag_of_the_Soviet_Union.svg/23px-Flag_of_the_Soviet_Union.svg.png,BTR-80,destroyed,https://i.postimg.cc/sX8jw3TM/1010-btr80.jpg,95,212,116,12,79,5,2022-10-04T21:08:09Z
Armoured Personnel Carriers,Russia,https://upload.wikimedia.org/wikipedia/commons/thumb/a/a9/Flag_of_the_Soviet_Union.svg/23px-Flag_of_the_Soviet_Union.svg.png,BTR-80,destroyed,https://postimg.cc/Z90NMhMR,95,212,116,12,79,5,2022-10-04T21:08:09Z
Armoured Personnel Carriers,Russia,https://upload.wikimedia.org/wikipedia/commons/thumb/a/a9/Flag_of_the_Soviet_Union.svg/23px-Flag_of_the_Soviet_Union.svg.png,BTR-80,destroyed,https://i.postimg.cc/v85rRWT8/1081-BTR-80.jpg,95,212,116,12,79,5,2022-10-04T21:08:09Z
Armoured Personnel Carriers,Russia,https://upload.wikimedia.org/wikipedia/commons/thumb/a/a9/Flag_of_the_Soviet_Union.svg/23px-Flag_of_the_Soviet_Union.svg.png,BTR-80,destroyed,https://i.postimg.cc/X7VyTmtx/1082-BTR-80.jpg,95,212,116,12,79,5,2022-10-04T21:08:09Z
Armoured Personnel Carriers,Russia,https://upload.wikimedia.org/wikipedia/commons/thumb/a/a9/Flag_of_the_Soviet_Union.svg/23px-Flag_of_the_Soviet_Union.svg.png,BTR-80,destroyed,https://i.postimg.cc/L6NZRvpS/1083-BTR-80.jpg,95,212,116,12,79,5,2022-10-04T21:08:09Z
Armoured Personnel Carriers,Russia,https://upload.wikimedia.org/wikipedia/commons/thumb/a/a9/Flag_of_the_Soviet_Union.svg/23px-Flag_of_the_Soviet_Union.svg.png,BTR-80,destroyed,https://i.postimg.cc/3x3VvJVv/1006-btr-80.jpg,95,212,116,12,79,5,2022-10-04T21:08:09Z
Armoured Personnel Carriers,Russia,https://upload.wikimedia.org/wikipedia/commons/thumb/a/a9/Flag_of_the_Soviet_Union.svg/23px-Flag_of_the_Soviet_Union.svg.png,BTR-80,destroyed,https://i.postimg.cc/ZKt1JLLj/1007-btr-80.jpg,95,212,116,12,79,5,2022-10-04T21:08:09Z
Armoured Personnel Carriers,Russia,https://upload.wikimedia.org/wikipedia/commons/thumb/a/a9/Flag_of_the_Soviet_Union.svg/23px-Flag_of_the_Soviet_Union.svg.png,BTR-80,destroyed,https://twitter.com/UAWeapons/status/1573229951393964033,95,212,116,12,79,5,2022-10-04T21:08:09Z
Armoured Personnel Carriers,Russia,https://upload.wikimedia.org/wikipedia/commons/thumb/a/a9/Flag_of_the_Soviet_Union.svg/23px-Flag_of_the_Soviet_Union.svg.png,BTR-80,damaged,https://twitter.com/UAWeapons/status/1514213065268596737,95,212,116,12,79,5,2022-10-04T21:08:09Z
Armoured Personnel Carriers,Russia,https://upload.wikimedia.org/wikipedia/commons/thumb/a/a9/Flag_of_the_Soviet_Union.svg/23px-Flag_of_the_Soviet_Union.svg.png,BTR-80,abandoned,https://i.postimg.cc/gcn1yNwd/h6.png,95,212,116,12,79,5,2022-10-04T21:08:09Z
Armoured Personnel Carriers,Russia,https://upload.wikimedia.org/wikipedia/commons/thumb/a/a9/Flag_of_the_Soviet_Union.svg/23px-Flag_of_the_Soviet_Union.svg.png,BTR-80,abandoned,https://i.postimg.cc/mrxdHDX8/43134.png,95,212,116,12,79,5,2022-10-04T21:08:09Z
Armoured Personnel Carriers,Russia,https://upload.wikimedia.org/wikipedia/commons/thumb/a/a9/Flag_of_the_Soviet_Union.svg/23px-Flag_of_the_Soviet_Union.svg.png,BTR-80,abandoned,https://i.postimg.cc/FRd1GGTm/f22.png,95,212,116,12,79,5,2022-10-04T21:08:09Z
Armoured Personnel Carriers,Russia,https://upload.wikimedia.org/wikipedia/commons/thumb/a/a9/Flag_of_the_Soviet_Union.svg/23px-Flag_of_the_Soviet_Union.svg.png,BTR-80,abandoned,https://i.postimg.cc/KjcSwP7f/579.png,95,212,116,12,79,5,2022-10-04T21:08:09Z
Armoured Personnel Carriers,Russia,https://upload.wikimedia.org/wikipedia/commons/thumb/a/a9/Flag_of_the_Soviet_Union.svg/23px-Flag_of_the_Soviet_Union.svg.png,BTR-80,damaged,https://i.postimg.cc/HsQGV9qw/nm.jpg,95,212,116,12,79,5,2022-10-04T21:08:09Z
Armoured Personnel Carriers,Russia,https://upload.wikimedia.org/wikipedia/commons/thumb/a/a9/Flag_of_the_Soviet_Union.svg/23px-Flag_of_the_Soviet_Union.svg.png,BTR-80,damaged,https://i.postimg.cc/rmL9smDd/4f5.jpg,95,212,116,12,79,5,2022-10-04T21:08:09Z
Armoured Personnel Carriers,Russia,https://upload.wikimedia.org/wikipedia/commons/thumb/a/a9/Flag_of_the_Soviet_Union.svg/23px-Flag_of_the_Soviet_Union.svg.png,BTR-80,captured,https://i.postimg.cc/MZY8btn5/4f77.png,95,212,116,12,79,5,2022-10-04T21:08:09Z
Armoured Personnel Carriers,Russia,https://upload.wikimedia.org/wikipedia/commons/thumb/a/a9/Flag_of_the_Soviet_Union.svg/23px-Flag_of_the_Soviet_Union.svg.png,BTR-80,captured,https://i.postimg.cc/Dy1dQRVX/1000-btr80.jpg,95,212,116,12,79,5,2022-10-04T21:08:09Z
Armoured Personnel Carriers,Russia,https://upload.wikimedia.org/wikipedia/commons/thumb/a/a9/Flag_of_the_Soviet_Union.svg/23px-Flag_of_the_Soviet_Union.svg.png,BTR-80,captured,https://postimg.cc/9RpV5hjH,95,212,116,12,79,5,2022-10-04T21:08:09Z
Armoured Personnel Carriers,Russia,https://upload.wikimedia.org/wikipedia/commons/thumb/a/a9/Flag_of_the_Soviet_Union.svg/23px-Flag_of_the_Soviet_Union.svg.png,BTR-80,captured,https://i.postimg.cc/0QhzJwNp/3277.png,95,212,116,12,79,5,2022-10-04T21:08:09Z
Armoured Personnel Carriers,Russia,https://upload.wikimedia.org/wikipedia/commons/thumb/a/a9/Flag_of_the_Soviet_Union.svg/23px-Flag_of_the_Soviet_Union.svg.png,BTR-80,captured,https://i.postimg.cc/0yN9bKkZ/3d13.png,95,212,116,12,79,5,2022-10-04T21:08:09Z
Armoured Personnel Carriers,Russia,https://upload.wikimedia.org/wikipedia/commons/thumb/a/a9/Flag_of_the_Soviet_Union.svg/23px-Flag_of_the_Soviet_Union.svg.png,BTR-80,captured,https://i.postimg.cc/9f4K0M1q/443f.png,95,212,116,12,79,5,2022-10-04T21:08:09Z
Armoured Personnel Carriers,Russia,https://upload.wikimedia.org/wikipedia/commons/thumb/a/a9/Flag_of_the_Soviet_Union.svg/23px-Flag_of_the_Soviet_Union.svg.png,BTR-80,captured,https://i.postimg.cc/XY0603X9/137.png,95,212,116,12,79,5,2022-10-04T21:08:09Z
Armoured Personnel Carriers,Russia,https://upload.wikimedia.org/wikipedia/commons/thumb/a/a9/Flag_of_the_Soviet_Union.svg/23px-Flag_of_the_Soviet_Union.svg.png,BTR-80,captured,https://i.postimg.cc/4d5xY5FN/f2f.png,95,212,116,12,79,5,2022-10-04T21:08:09Z
Armoured Personnel Carriers,Russia,https://upload.wikimedia.org/wikipedia/commons/thumb/a/a9/Flag_of_the_Soviet_Union.svg/23px-Flag_of_the_Soviet_Union.svg.png,BTR-80,captured,https://i.postimg.cc/qqpsFB3j/4313.png,95,212,116,12,79,5,2022-10-04T21:08:09Z
Armoured Personnel Carriers,Russia,https://upload.wikimedia.org/wikipedia/commons/thumb/a/a9/Flag_of_the_Soviet_Union.svg/23px-Flag_of_the_Soviet_Union.svg.png,BTR-80,captured,https://i.postimg.cc/hPp61ynw/4156.png,95,212,116,12,79,5,2022-10-04T21:08:09Z
Armoured Personnel Carriers,Russia,https://upload.wikimedia.org/wikipedia/commons/thumb/a/a9/Flag_of_the_Soviet_Union.svg/23px-Flag_of_the_Soviet_Union.svg.png,BTR-80,captured,https://i.postimg.cc/fTH27N6P/5t.png,95,212,116,12,79,5,2022-10-04T21:08:09Z
Armoured Personnel Carriers,Russia,https://upload.wikimedia.org/wikipedia/commons/thumb/a/a9/Flag_of_the_Soviet_Union.svg/23px-Flag_of_the_Soviet_Union.svg.png,BTR-80,captured,https://i.postimg.cc/sDsVMgDk/541.png,95,212,116,12,79,5,2022-10-04T21:08:09Z
Armoured Personnel Carriers,Russia,https://upload.wikimedia.org/wikipedia/commons/thumb/a/a9/Flag_of_the_Soviet_Union.svg/23px-Flag_of_the_Soviet_Union.svg.png,BTR-80,captured,https://i.postimg.cc/GmYjgxws/498.png,95,212,116,12,79,5,2022-10-04T21:08:09Z
Armoured Personnel Carriers,Russia,https://upload.wikimedia.org/wikipedia/commons/thumb/a/a9/Flag_of_the_Soviet_Union.svg/23px-Flag_of_the_Soviet_Union.svg.png,BTR-80,captured,https://i.postimg.cc/8kWxq31m/122.png,95,212,116,12,79,5,2022-10-04T21:08:09Z
Armoured Personnel Carriers,Russia,https://upload.wikimedia.org/wikipedia/commons/thumb/a/a9/Flag_of_the_Soviet_Union.svg/23px-Flag_of_the_Soviet_Union.svg.png,BTR-80,captured,https://i.postimg.cc/C1k9VdkN/48.png,95,212,116,12,79,5,2022-10-04T21:08:09Z
Armoured Personnel Carriers,Russia,https://upload.wikimedia.org/wikipedia/commons/thumb/a/a9/Flag_of_the_Soviet_Union.svg/23px-Flag_of_the_Soviet_Union.svg.png,BTR-80,captured,https://i.postimg.cc/KzCX8xb5/f68.png,95,212,116,12,79,5,2022-10-04T21:08:09Z
Armoured Personnel Carriers,Russia,https://upload.wikimedia.org/wikipedia/commons/thumb/a/a9/Flag_of_the_Soviet_Union.svg/23px-Flag_of_the_Soviet_Union.svg.png,BTR-80,captured,https://i.postimg.cc/HLN2m7X7/b55.jpg,95,212,116,12,79,5,2022-10-04T21:08:09Z
Armoured Personnel Carriers,Russia,https://upload.wikimedia.org/wikipedia/commons/thumb/a/a9/Flag_of_the_Soviet_Union.svg/23px-Flag_of_the_Soviet_Union.svg.png,BTR-80,captured,https://postimg.cc/XZ3JnzqY,95,212,116,12,79,5,2022-10-04T21:08:09Z
Armoured Personnel Carriers,Russia,https://upload.wikimedia.org/wikipedia/commons/thumb/a/a9/Flag_of_the_Soviet_Union.svg/23px-Flag_of_the_Soviet_Union.svg.png,BTR-80,captured,https://i.postimg.cc/FKnhWXjZ/431.jpg,95,212,116,12,79,5,2022-10-04T21:08:09Z
Armoured Personnel Carriers,Russia,https://upload.wikimedia.org/wikipedia/commons/thumb/a/a9/Flag_of_the_Soviet_Union.svg/23px-Flag_of_the_Soviet_Union.svg.png,BTR-80,captured,https://i.postimg.cc/cC1Jr9bf/3322.jpg,95,212,116,12,79,5,2022-10-04T21:08:09Z
Armoured Personnel Carriers,Russia,https://upload.wikimedia.org/wikipedia/commons/thumb/a/a9/Flag_of_the_Soviet_Union.svg/23px-Flag_of_the_Soviet_Union.svg.png,BTR-80,captured,https://i.postimg.cc/858P5L8g/Screenshot-8471.png,95,212,116,12,79,5,2022-10-04T21:08:09Z
Armoured Personnel Carriers,Russia,https://upload.wikimedia.org/wikipedia/commons/thumb/a/a9/Flag_of_the_Soviet_Union.svg/23px-Flag_of_the_Soviet_Union.svg.png,BTR-80,captured,https://i.postimg.cc/8cymMnKf/4433.png,95,212,116,12,79,5,2022-10-04T21:08:09Z
Armoured Personnel Carriers,Russia,https://upload.wikimedia.org/wikipedia/commons/thumb/a/a9/Flag_of_the_Soviet_Union.svg/23px-Flag_of_the_Soviet_Union.svg.png,BTR-80,captured,https://i.postimg.cc/J7gs84ZC/456.png,95,212,116,12,79,5,2022-10-04T21:08:09Z
Armoured Personnel Carriers,Russia,https://upload.wikimedia.org/wikipedia/commons/thumb/a/a9/Flag_of_the_Soviet_Union.svg/23px-Flag_of_the_Soviet_Union.svg.png,BTR-80,captured,https://i.postimg.cc/15nsWPhH/67.png,95,212,116,12,79,5,2022-10-04T21:08:09Z
Armoured Personnel Carriers,Russia,https://upload.wikimedia.org/wikipedia/commons/thumb/a/a9/Flag_of_the_Soviet_Union.svg/23px-Flag_of_the_Soviet_Union.svg.png,BTR-80,captured,https://i.postimg.cc/8krZNc9h/545.png,95,212,116,12,79,5,2022-10-04T21:08:09Z
Armoured Personnel Carriers,Russia,https://upload.wikimedia.org/wikipedia/commons/thumb/a/a9/Flag_of_the_Soviet_Union.svg/23px-Flag_of_the_Soviet_Union.svg.png,BTR-80,captured,https://i.postimg.cc/zvHPLhtq/1002-btr80.jpg,95,212,116,12,79,5,2022-10-04T21:08:09Z
Armoured Personnel Carriers,Russia,https://upload.wikimedia.org/wikipedia/commons/thumb/a/a9/Flag_of_the_Soviet_Union.svg/23px-Flag_of_the_Soviet_Union.svg.png,BTR-80,captured,https://i.postimg.cc/6Qbd5XZD/1001-btr80.jpg,95,212,116,12,79,5,2022-10-04T21:08:09Z
Armoured Personnel Carriers,Russia,https://upload.wikimedia.org/wikipedia/commons/thumb/a/a9/Flag_of_the_Soviet_Union.svg/23px-Flag_of_the_Soviet_Union.svg.png,BTR-80,captured,https://i.postimg.cc/J7gs84ZC/456.png,95,212,116,12,79,5,2022-10-04T21:08:09Z
Armoured Personnel Carriers,Russia,https://upload.wikimedia.org/wikipedia/commons/thumb/a/a9/Flag_of_the_Soviet_Union.svg/23px-Flag_of_the_Soviet_Union.svg.png,BTR-80,captured,https://i.postimg.cc/X7cbbJ2p/1002-BTR80.jpg,95,212,116,12,79,5,2022-10-04T21:08:09Z
Armoured Personnel Carriers,Russia,https://upload.wikimedia.org/wikipedia/commons/thumb/a/a9/Flag_of_the_Soviet_Union.svg/23px-Flag_of_the_Soviet_Union.svg.png,BTR-80,captured,https://twitter.com/UAWeapons/status/1567266909757792256,95,212,116,12,79,5,2022-10-04T21:08:09Z
Armoured Personnel Carriers,Russia,https://upload.wikimedia.org/wikipedia/commons/thumb/a/a9/Flag_of_the_Soviet_Union.svg/23px-Flag_of_the_Soviet_Union.svg.png,BTR-80,captured,https://i.postimg.cc/RVHNwcb6/1045-btr80.jpg,95,212,116,12,79,5,2022-10-04T21:08:09Z
Armoured Personnel Carriers,Russia,https://upload.wikimedia.org/wikipedia/commons/thumb/a/a9/Flag_of_the_Soviet_Union.svg/23px-Flag_of_the_Soviet_Union.svg.png,BTR-80,captured,https://i.postimg.cc/mDzdbQLf/1019-btr80.jpg,95,212,116,12,79,5,2022-10-04T21:08:09Z
Armoured Personnel Carriers,Russia,https://upload.wikimedia.org/wikipedia/commons/thumb/a/a9/Flag_of_the_Soviet_Union.svg/23px-Flag_of_the_Soviet_Union.svg.png,BTR-80,captured,https://twitter.com/UAWeapons/status/1568204161782620164,95,212,116,12,79,5,2022-10-04T21:08:09Z
Armoured Personnel Carriers,Russia,https://upload.wikimedia.org/wikipedia/commons/thumb/a/a9/Flag_of_the_Soviet_Union.svg/23px-Flag_of_the_Soviet_Union.svg.png,BTR-80,captured,https://i.postimg.cc/cCtyQKLn/1020-btr80.jpg,95,212,116,12,79,5,2022-10-04T21:08:09Z
Armoured Personnel Carriers,Russia,https://upload.wikimedia.org/wikipedia/commons/thumb/a/a9/Flag_of_the_Soviet_Union.svg/23px-Flag_of_the_Soviet_Union.svg.png,BTR-80,captured,https://i.postimg.cc/j5g8zKFp/1018-btr80.jpg,95,212,116,12,79,5,2022-10-04T21:08:09Z
Armoured Personnel Carriers,Russia,https://upload.wikimedia.org/wikipedia/commons/thumb/a/a9/Flag_of_the_Soviet_Union.svg/23px-Flag_of_the_Soviet_Union.svg.png,BTR-80,captured,https://twitter.com/UAWeapons/status/1569414094624538628,95,212,116,12,79,5,2022-10-04T21:08:09Z
Armoured Personnel Carriers,Russia,https://upload.wikimedia.org/wikipedia/commons/thumb/a/a9/Flag_of_the_Soviet_Union.svg/23px-Flag_of_the_Soviet_Union.svg.png,BTR-80,captured,https://i.postimg.cc/fyDKv0cc/1021.jpg,95,212,116,12,79,5,2022-10-04T21:08:09Z
Armoured Personnel Carriers,Russia,https://upload.wikimedia.org/wikipedia/commons/thumb/a/a9/Flag_of_the_Soviet_Union.svg/23px-Flag_of_the_Soviet_Union.svg.png,BTR-80,captured,https://twitter.com/UAWeapons/status/1570030472595644419,95,212,116,12,79,5,2022-10-04T21:08:09Z
Armoured Personnel Carriers,Russia,https://upload.wikimedia.org/wikipedia/commons/thumb/a/a9/Flag_of_the_Soviet_Union.svg/23px-Flag_of_the_Soviet_Union.svg.png,BTR-80,captured,https://twitter.com/UAWeapons/status/1570030472595644419,95,212,116,12,79,5,2022-10-04T21:08:09Z
Armoured Personnel Carriers,Russia,https://upload.wikimedia.org/wikipedia/commons/thumb/a/a9/Flag_of_the_Soviet_Union.svg/23px-Flag_of_the_Soviet_Union.svg.png,BTR-80,captured,https://i.postimg.cc/brdKgYVh/1007-btr80.jpg,95,212,116,12,79,5,2022-10-04T21:08:09Z
Armoured Personnel Carriers,Russia,https://upload.wikimedia.org/wikipedia/commons/thumb/a/a9/Flag_of_the_Soviet_Union.svg/23px-Flag_of_the_Soviet_Union.svg.png,BTR-80,captured,https://twitter.com/UAWeapons/status/1572155780698341376,95,212,116,12,79,5,2022-10-04T21:08:09Z
Armoured Personnel Carriers,Russia,https://upload.wikimedia.org/wikipedia/commons/thumb/a/a9/Flag_of_the_Soviet_Union.svg/23px-Flag_of_the_Soviet_Union.svg.png,BTR-80,captured,https://i.postimg.cc/pVZ3zcqT/2022-09-19-BTR-80.jpg,95,212,116,12,79,5,2022-10-04T21:08:09Z
Armoured Personnel Carriers,Russia,https://upload.wikimedia.org/wikipedia/commons/thumb/a/a9/Flag_of_the_Soviet_Union.svg/23px-Flag_of_the_Soviet_Union.svg.png,BTR-80,captured,https://twitter.com/UAWeapons/status/1576567002726301696,95,212,116,12,79,5,2022-10-04T21:08:09Z
Armoured Personnel Carriers,Russia,https://upload.wikimedia.org/wikipedia/commons/thumb/a/a9/Flag_of_the_Soviet_Union.svg/23px-Flag_of_the_Soviet_Union.svg.png,BTR-80,captured,https://twitter.com/UAWeapons/status/1576838855927697408,95,212,116,12,79,5,2022-10-04T21:08:09Z
Armoured Personnel Carriers,Russia,https://upload.wikimedia.org/wikipedia/commons/thumb/a/a9/Flag_of_the_Soviet_Union.svg/23px-Flag_of_the_Soviet_Union.svg.png,BTR-80,captured,https://twitter.com/UAWeapons/status/1577046483278647301,95,212,116,12,79,5,2022-10-04T21:08:09Z
Armoured Personnel Carriers,Russia,https://upload.wikimedia.org/wikipedia/commons/thumb/a/a9/Flag_of_the_Soviet_Union.svg/23px-Flag_of_the_Soviet_Union.svg.png,BTR-80,captured,https://twitter.com/UAWeapons/status/1577046483278647301,95,212,116,12,79,5,2022-10-04T21:08:09Z
Armoured Personnel Carriers,Russia,https://upload.wikimedia.org/wikipedia/commons/thumb/a/a9/Flag_of_the_Soviet_Union.svg/23px-Flag_of_the_Soviet_Union.svg.png,BTR-80,captured,https://twitter.com/UAWeapons/status/1577254750529036288,95,212,116,12,79,5,2022-10-04T21:08:09Z
Armoured Personnel Carriers,Russia,https://upload.wikimedia.org/wikipedia/commons/thumb/a/a9/Flag_of_the_Soviet_Union.svg/23px-Flag_of_the_Soviet_Union.svg.png,Unknown BTR-80/BTR-82A,destroyed,https://i.postimg.cc/mgK888Mz/79.png,41,212,116,12,79,5,2022-10-04T21:08:09Z
Armoured Personnel Carriers,Russia,https://upload.wikimedia.org/wikipedia/commons/thumb/a/a9/Flag_of_the_Soviet_Union.svg/23px-Flag_of_the_Soviet_Union.svg.png,Unknown BTR-80/BTR-82A,destroyed,https://twitter.com/UAWeapons/status/1510672889812594690,41,212,116,12,79,5,2022-10-04T21:08:09Z
Armoured Personnel Carriers,Russia,https://upload.wikimedia.org/wikipedia/commons/thumb/a/a9/Flag_of_the_Soviet_Union.svg/23px-Flag_of_the_Soviet_Union.svg.png,Unknown BTR-80/BTR-82A,destroyed,https://twitter.com/UAWeapons/status/1513475137940574210,41,212,116,12,79,5,2022-10-04T21:08:09Z
Armoured Personnel Carriers,Russia,https://upload.wikimedia.org/wikipedia/commons/thumb/a/a9/Flag_of_the_Soviet_Union.svg/23px-Flag_of_the_Soviet_Union.svg.png,Unknown BTR-80/BTR-82A,destroyed,https://i.postimg.cc/MHF5v47b/31.jpg,41,212,116,12,79,5,2022-10-04T21:08:09Z
Armoured Personnel Carriers,Russia,https://upload.wikimedia.org/wikipedia/commons/thumb/a/a9/Flag_of_the_Soviet_Union.svg/23px-Flag_of_the_Soviet_Union.svg.png,Unknown BTR-80/BTR-82A,destroyed,https://twitter.com/UAWeapons/status/1515317934733803525,41,212,116,12,79,5,2022-10-04T21:08:09Z
Armoured Personnel Carriers,Russia,https://upload.wikimedia.org/wikipedia/commons/thumb/a/a9/Flag_of_the_Soviet_Union.svg/23px-Flag_of_the_Soviet_Union.svg.png,Unknown BTR-80/BTR-82A,destroyed,https://i.postimg.cc/zXRyKzg8/43.jpg,41,212,116,12,79,5,2022-10-04T21:08:09Z
Armoured Personnel Carriers,Russia,https://upload.wikimedia.org/wikipedia/commons/thumb/a/a9/Flag_of_the_Soviet_Union.svg/23px-Flag_of_the_Soviet_Union.svg.png,Unknown BTR-80/BTR-82A,destroyed,https://i.postimg.cc/yNM6kXQB/874.jpg,41,212,116,12,79,5,2022-10-04T21:08:09Z
Armoured Personnel Carriers,Russia,https://upload.wikimedia.org/wikipedia/commons/thumb/a/a9/Flag_of_the_Soviet_Union.svg/23px-Flag_of_the_Soviet_Union.svg.png,Unknown BTR-80/BTR-82A,destroyed,https://i.postimg.cc/WzS9T9HX/771.jpg,41,212,116,12,79,5,2022-10-04T21:08:09Z
Armoured Personnel Carriers,Russia,https://upload.wikimedia.org/wikipedia/commons/thumb/a/a9/Flag_of_the_Soviet_Union.svg/23px-Flag_of_the_Soviet_Union.svg.png,Unknown BTR-80/BTR-82A,destroyed,https://i.postimg.cc/xCZChY0R/r4.png,41,212,116,12,79,5,2022-10-04T21:08:09Z
Armoured Personnel Carriers,Russia,https://upload.wikimedia.org/wikipedia/commons/thumb/a/a9/Flag_of_the_Soviet_Union.svg/23px-Flag_of_the_Soviet_Union.svg.png,Unknown BTR-80/BTR-82A,destroyed,https://i.postimg.cc/85J0GQ84/u2.jpg,41,212,116,12,79,5,2022-10-04T21:08:09Z
Armoured Personnel Carriers,Russia,https://upload.wikimedia.org/wikipedia/commons/thumb/a/a9/Flag_of_the_Soviet_Union.svg/23px-Flag_of_the_Soviet_Union.svg.png,Unknown BTR-80/BTR-82A,destroyed,https://twitter.com/UAWeapons/status/1521908181542260738,41,212,116,12,79,5,2022-10-04T21:08:09Z
Armoured Personnel Carriers,Russia,https://upload.wikimedia.org/wikipedia/commons/thumb/a/a9/Flag_of_the_Soviet_Union.svg/23px-Flag_of_the_Soviet_Union.svg.png,Unknown BTR-80/BTR-82A,destroyed,https://twitter.com/UAWeapons/status/1521908181542260738,41,212,116,12,79,5,2022-10-04T21:08:09Z
Armoured Personnel Carriers,Russia,https://upload.wikimedia.org/wikipedia/commons/thumb/a/a9/Flag_of_the_Soviet_Union.svg/23px-Flag_of_the_Soviet_Union.svg.png,Unknown BTR-80/BTR-82A,destroyed,https://i.postimg.cc/7YyKnSxV/1000.jpg,41,212,116,12,79,5,2022-10-04T21:08:09Z
Armoured Personnel Carriers,Russia,https://upload.wikimedia.org/wikipedia/commons/thumb/a/a9/Flag_of_the_Soviet_Union.svg/23px-Flag_of_the_Soviet_Union.svg.png,Unknown BTR-80/BTR-82A,destroyed,https://i.postimg.cc/mrNXFBqb/f3.jpg,41,212,116,12,79,5,2022-10-04T21:08:09Z
Armoured Personnel Carriers,Russia,https://upload.wikimedia.org/wikipedia/commons/thumb/a/a9/Flag_of_the_Soviet_Union.svg/23px-Flag_of_the_Soviet_Union.svg.png,Unknown BTR-80/BTR-82A,destroyed,https://twitter.com/UAWeapons/status/1523774073813168129,41,212,116,12,79,5,2022-10-04T21:08:09Z
Armoured Personnel Carriers,Russia,https://upload.wikimedia.org/wikipedia/commons/thumb/a/a9/Flag_of_the_Soviet_Union.svg/23px-Flag_of_the_Soviet_Union.svg.png,Unknown BTR-80/BTR-82A,destroyed,https://twitter.com/UAWeapons/status/1528848223519088644,41,212,116,12,79,5,2022-10-04T21:08:09Z
Armoured Personnel Carriers,Russia,https://upload.wikimedia.org/wikipedia/commons/thumb/a/a9/Flag_of_the_Soviet_Union.svg/23px-Flag_of_the_Soviet_Union.svg.png,Unknown BTR-80/BTR-82A,destroyed,https://i.postimg.cc/G35SRpK4/221.jpg,41,212,116,12,79,5,2022-10-04T21:08:09Z
Armoured Personnel Carriers,Russia,https://upload.wikimedia.org/wikipedia/commons/thumb/a/a9/Flag_of_the_Soviet_Union.svg/23px-Flag_of_the_Soviet_Union.svg.png,Unknown BTR-80/BTR-82A,destroyed,https://twitter.com/UAWeapons/status/1533153833999908866,41,212,116,12,79,5,2022-10-04T21:08:09Z
Armoured Personnel Carriers,Russia,https://upload.wikimedia.org/wikipedia/commons/thumb/a/a9/Flag_of_the_Soviet_Union.svg/23px-Flag_of_the_Soviet_Union.svg.png,Unknown BTR-80/BTR-82A,destroyed,https://i.postimg.cc/mgLD6RbM/d33.jpg,41,212,116,12,79,5,2022-10-04T21:08:09Z
Armoured Personnel Carriers,Russia,https://upload.wikimedia.org/wikipedia/commons/thumb/a/a9/Flag_of_the_Soviet_Union.svg/23px-Flag_of_the_Soviet_Union.svg.png,Unknown BTR-80/BTR-82A,destroyed,https://twitter.com/RALee85/status/1539919095671537664,41,212,116,12,79,5,2022-10-04T21:08:09Z
Armoured Personnel Carriers,Russia,https://upload.wikimedia.org/wikipedia/commons/thumb/a/a9/Flag_of_the_Soviet_Union.svg/23px-Flag_of_the_Soviet_Union.svg.png,Unknown BTR-80/BTR-82A,destroyed,https://twitter.com/UAWeapons/status/1541042563255238656,41,212,116,12,79,5,2022-10-04T21:08:09Z
Armoured Personnel Carriers,Russia,https://upload.wikimedia.org/wikipedia/commons/thumb/a/a9/Flag_of_the_Soviet_Union.svg/23px-Flag_of_the_Soviet_Union.svg.png,Unknown BTR-80/BTR-82A,destroyed,https://i.postimg.cc/tChd4VCG/4g.png,41,212,116,12,79,5,2022-10-04T21:08:09Z
Armoured Personnel Carriers,Russia,https://upload.wikimedia.org/wikipedia/commons/thumb/a/a9/Flag_of_the_Soviet_Union.svg/23px-Flag_of_the_Soviet_Union.svg.png,Unknown BTR-80/BTR-82A,destroyed,https://i.postimg.cc/fb5RL39Q/1001.jpg,41,212,116,12,79,5,2022-10-04T21:08:09Z
Armoured Personnel Carriers,Russia,https://upload.wikimedia.org/wikipedia/commons/thumb/a/a9/Flag_of_the_Soviet_Union.svg/23px-Flag_of_the_Soviet_Union.svg.png,Unknown BTR-80/BTR-82A,destroyed,https://twitter.com/UAWeapons/status/1546837916260892672,41,212,116,12,79,5,2022-10-04T21:08:09Z
Armoured Personnel Carriers,Russia,https://upload.wikimedia.org/wikipedia/commons/thumb/a/a9/Flag_of_the_Soviet_Union.svg/23px-Flag_of_the_Soviet_Union.svg.png,Unknown BTR-80/BTR-82A,destroyed,https://twitter.com/UAWeapons/status/1546837916260892672,41,212,116,12,79,5,2022-10-04T21:08:09Z
Armoured Personnel Carriers,Russia,https://upload.wikimedia.org/wikipedia/commons/thumb/a/a9/Flag_of_the_Soviet_Union.svg/23px-Flag_of_the_Soviet_Union.svg.png,Unknown BTR-80/BTR-82A,destroyed,https://twitter.com/UAWeapons/status/1546837916260892672,41,212,116,12,79,5,2022-10-04T21:08:09Z
Armoured Personnel Carriers,Russia,https://upload.wikimedia.org/wikipedia/commons/thumb/a/a9/Flag_of_the_Soviet_Union.svg/23px-Flag_of_the_Soviet_Union.svg.png,Unknown BTR-80/BTR-82A,destroyed,https://twitter.com/UAWeapons/status/1547293335693443073,41,212,116,12,79,5,2022-10-04T21:08:09Z
Armoured Personnel Carriers,Russia,https://upload.wikimedia.org/wikipedia/commons/thumb/a/a9/Flag_of_the_Soviet_Union.svg/23px-Flag_of_the_Soviet_Union.svg.png,Unknown BTR-80/BTR-82A,destroyed,https://twitter.com/RALee85/status/1549446821092679680,41,212,116,12,79,5,2022-10-04T21:08:09Z
Armoured Personnel Carriers,Russia,https://upload.wikimedia.org/wikipedia/commons/thumb/a/a9/Flag_of_the_Soviet_Union.svg/23px-Flag_of_the_Soviet_Union.svg.png,Unknown BTR-80/BTR-82A,destroyed,https://i.postimg.cc/vmkdmwd2/1007.jpg,41,212,116,12,79,5,2022-10-04T21:08:09Z
Armoured Personnel Carriers,Russia,https://upload.wikimedia.org/wikipedia/commons/thumb/a/a9/Flag_of_the_Soviet_Union.svg/23px-Flag_of_the_Soviet_Union.svg.png,Unknown BTR-80/BTR-82A,destroyed,https://twitter.com/RALee85/status/1560008324124385281,41,212,116,12,79,5,2022-10-04T21:08:09Z
Armoured Personnel Carriers,Russia,https://upload.wikimedia.org/wikipedia/commons/thumb/a/a9/Flag_of_the_Soviet_Union.svg/23px-Flag_of_the_Soviet_Union.svg.png,Unknown BTR-80/BTR-82A,destroyed,https://i.postimg.cc/PfM4NLzZ/1001-btr.jpg,41,212,116,12,79,5,2022-10-04T21:08:09Z
Armoured Personnel Carriers,Russia,https://upload.wikimedia.org/wikipedia/commons/thumb/a/a9/Flag_of_the_Soviet_Union.svg/23px-Flag_of_the_Soviet_Union.svg.png,Unknown BTR-80/BTR-82A,destroyed,https://i.postimg.cc/BnzNsd5V/1003-btr.jpg,41,212,116,12,79,5,2022-10-04T21:08:09Z
Armoured Personnel Carriers,Russia,https://upload.wikimedia.org/wikipedia/commons/thumb/a/a9/Flag_of_the_Soviet_Union.svg/23px-Flag_of_the_Soviet_Union.svg.png,Unknown BTR-80/BTR-82A,destroyed,https://i.postimg.cc/qvQ6qcjz/1000-unkn-btr.jpg,41,212,116,12,79,5,2022-10-04T21:08:09Z
Armoured Personnel Carriers,Russia,https://upload.wikimedia.org/wikipedia/commons/thumb/a/a9/Flag_of_the_Soviet_Union.svg/23px-Flag_of_the_Soviet_Union.svg.png,Unknown BTR-80/BTR-82A,destroyed,https://i.postimg.cc/4dM9Zzsj/1007-unkn-btr.jpg,41,212,116,12,79,5,2022-10-04T21:08:09Z
Armoured Personnel Carriers,Russia,https://upload.wikimedia.org/wikipedia/commons/thumb/a/a9/Flag_of_the_Soviet_Union.svg/23px-Flag_of_the_Soviet_Union.svg.png,Unknown BTR-80/BTR-82A,destroyed,https://i.postimg.cc/RFWjZs8p/1004-btr.jpg,41,212,116,12,79,5,2022-10-04T21:08:09Z
Armoured Personnel Carriers,Russia,https://upload.wikimedia.org/wikipedia/commons/thumb/a/a9/Flag_of_the_Soviet_Union.svg/23px-Flag_of_the_Soviet_Union.svg.png,Unknown BTR-80/BTR-82A,destroyed,https://twitter.com/UAWeapons/status/1569658125824786434,41,212,116,12,79,5,2022-10-04T21:08:09Z
Armoured Personnel Carriers,Russia,https://upload.wikimedia.org/wikipedia/commons/thumb/a/a9/Flag_of_the_Soviet_Union.svg/23px-Flag_of_the_Soviet_Union.svg.png,Unknown BTR-80/BTR-82A,damaged,https://twitter.com/UAWeapons/status/1570482813857837056,41,212,116,12,79,5,2022-10-04T21:08:09Z
Armoured Personnel Carriers,Russia,https://upload.wikimedia.org/wikipedia/commons/thumb/a/a9/Flag_of_the_Soviet_Union.svg/23px-Flag_of_the_Soviet_Union.svg.png,Unknown BTR-80/BTR-82A,damaged,https://twitter.com/UAWeapons/status/1570482813857837056,41,212,116,12,79,5,2022-10-04T21:08:09Z
Armoured Personnel Carriers,Russia,https://upload.wikimedia.org/wikipedia/commons/thumb/a/a9/Flag_of_the_Soviet_Union.svg/23px-Flag_of_the_Soviet_Union.svg.png,Unknown BTR-80/BTR-82A,abandoned,https://twitter.com/UAWeapons/status/1521908181542260738,41,212,116,12,79,5,2022-10-04T21:08:09Z
Armoured Personnel Carriers,Russia,https://upload.wikimedia.org/wikipedia/commons/thumb/a/a9/Flag_of_the_Soviet_Union.svg/23px-Flag_of_the_Soviet_Union.svg.png,Unknown BTR-80/BTR-82A,abandoned,https://i.postimg.cc/Wzwjm3MY/317.png,41,212,116,12,79,5,2022-10-04T21:08:09Z
Armoured Personnel Carriers,Russia,https://upload.wikimedia.org/wikipedia/commons/thumb/a/a9/Flag_of_the_Soviet_Union.svg/23px-Flag_of_the_Soviet_Union.svg.png,Unknown BTR-80/BTR-82A,abandoned,https://i.postimg.cc/5yXs16gn/89.png,41,212,116,12,79,5,2022-10-04T21:08:09Z
Armoured Personnel Carriers,Russia,https://upload.wikimedia.org/wikipedia/commons/thumb/a/a9/Flag_of_the_Soviet_Union.svg/23px-Flag_of_the_Soviet_Union.svg.png,BTR-D,destroyed,https://i.postimg.cc/J4crJP7d/46.png,58,212,116,12,79,5,2022-10-04T21:08:09Z
Armoured Personnel Carriers,Russia,https://upload.wikimedia.org/wikipedia/commons/thumb/a/a9/Flag_of_the_Soviet_Union.svg/23px-Flag_of_the_Soviet_Union.svg.png,BTR-D,destroyed,https://i.postimg.cc/T2VG5ZJL/x3.jpg,58,212,116,12,79,5,2022-10-04T21:08:09Z
Armoured Personnel Carriers,Russia,https://upload.wikimedia.org/wikipedia/commons/thumb/a/a9/Flag_of_the_Soviet_Union.svg/23px-Flag_of_the_Soviet_Union.svg.png,BTR-D,destroyed,https://i.postimg.cc/hvBB3rct/x2.jpg,58,212,116,12,79,5,2022-10-04T21:08:09Z
Armoured Personnel Carriers,Russia,https://upload.wikimedia.org/wikipedia/commons/thumb/a/a9/Flag_of_the_Soviet_Union.svg/23px-Flag_of_the_Soviet_Union.svg.png,BTR-D,destroyed,https://i.postimg.cc/kgBKhrFT/884.png,58,212,116,12,79,5,2022-10-04T21:08:09Z
Armoured Personnel Carriers,Russia,https://upload.wikimedia.org/wikipedia/commons/thumb/a/a9/Flag_of_the_Soviet_Union.svg/23px-Flag_of_the_Soviet_Union.svg.png,BTR-D,destroyed,https://i.postimg.cc/KjyWxc2f/g59.png,58,212,116,12,79,5,2022-10-04T21:08:09Z
Armoured Personnel Carriers,Russia,https://upload.wikimedia.org/wikipedia/commons/thumb/a/a9/Flag_of_the_Soviet_Union.svg/23px-Flag_of_the_Soviet_Union.svg.png,BTR-D,destroyed,https://i.postimg.cc/fbFRg9Zx/1074-BTR-D.jpg,58,212,116,12,79,5,2022-10-04T21:08:09Z
Armoured Personnel Carriers,Russia,https://upload.wikimedia.org/wikipedia/commons/thumb/a/a9/Flag_of_the_Soviet_Union.svg/23px-Flag_of_the_Soviet_Union.svg.png,BTR-D,destroyed,https://i.postimg.cc/xjGW8VcZ/46.jpg,58,212,116,12,79,5,2022-10-04T21:08:09Z
Armoured Personnel Carriers,Russia,https://upload.wikimedia.org/wikipedia/commons/thumb/a/a9/Flag_of_the_Soviet_Union.svg/23px-Flag_of_the_Soviet_Union.svg.png,BTR-D,destroyed,https://i.postimg.cc/85fDZzJD/b6.jpg,58,212,116,12,79,5,2022-10-04T21:08:09Z
Armoured Personnel Carriers,Russia,https://upload.wikimedia.org/wikipedia/commons/thumb/a/a9/Flag_of_the_Soviet_Union.svg/23px-Flag_of_the_Soviet_Union.svg.png,BTR-D,destroyed,https://i.postimg.cc/MKSxYxW2/b5.jpg,58,212,116,12,79,5,2022-10-04T21:08:09Z
Armoured Personnel Carriers,Russia,https://upload.wikimedia.org/wikipedia/commons/thumb/a/a9/Flag_of_the_Soviet_Union.svg/23px-Flag_of_the_Soviet_Union.svg.png,BTR-D,destroyed,https://twitter.com/UAWeapons/status/1547270777887723524,58,212,116,12,79,5,2022-10-04T21:08:09Z
Armoured Personnel Carriers,Russia,https://upload.wikimedia.org/wikipedia/commons/thumb/a/a9/Flag_of_the_Soviet_Union.svg/23px-Flag_of_the_Soviet_Union.svg.png,BTR-D,destroyed,https://i.postimg.cc/RhC9cVD4/1021.jpg,58,212,116,12,79,5,2022-10-04T21:08:09Z
Armoured Personnel Carriers,Russia,https://upload.wikimedia.org/wikipedia/commons/thumb/a/a9/Flag_of_the_Soviet_Union.svg/23px-Flag_of_the_Soviet_Union.svg.png,BTR-D,destroyed,https://i.postimg.cc/gc8hBDvp/1037-BTR-D.jpg,58,212,116,12,79,5,2022-10-04T21:08:09Z
Armoured Personnel Carriers,Russia,https://upload.wikimedia.org/wikipedia/commons/thumb/a/a9/Flag_of_the_Soviet_Union.svg/23px-Flag_of_the_Soviet_Union.svg.png,BTR-D,destroyed,https://i.postimg.cc/1Xxr1wxj/332.jpg,58,212,116,12,79,5,2022-10-04T21:08:09Z
Armoured Personnel Carriers,Russia,https://upload.wikimedia.org/wikipedia/commons/thumb/a/a9/Flag_of_the_Soviet_Union.svg/23px-Flag_of_the_Soviet_Union.svg.png,BTR-D,destroyed,https://i.postimg.cc/Pq7LBz1K/1006-BMD-2.jpg,58,212,116,12,79,5,2022-10-04T21:08:09Z
Armoured Personnel Carriers,Russia,https://upload.wikimedia.org/wikipedia/commons/thumb/a/a9/Flag_of_the_Soviet_Union.svg/23px-Flag_of_the_Soviet_Union.svg.png,BTR-D,destroyed,https://i.postimg.cc/pTY35w0p/1075-BTR-D.jpg,58,212,116,12,79,5,2022-10-04T21:08:09Z
Armoured Personnel Carriers,Russia,https://upload.wikimedia.org/wikipedia/commons/thumb/a/a9/Flag_of_the_Soviet_Union.svg/23px-Flag_of_the_Soviet_Union.svg.png,BTR-D,destroyed,https://i.postimg.cc/mZzhXsLz/1011.png,58,212,116,12,79,5,2022-10-04T21:08:09Z
Armoured Personnel Carriers,Russia,https://upload.wikimedia.org/wikipedia/commons/thumb/a/a9/Flag_of_the_Soviet_Union.svg/23px-Flag_of_the_Soviet_Union.svg.png,BTR-D,destroyed,https://i.postimg.cc/4xXtmrZG/1024.jpg,58,212,116,12,79,5,2022-10-04T21:08:09Z
Armoured Personnel Carriers,Russia,https://upload.wikimedia.org/wikipedia/commons/thumb/a/a9/Flag_of_the_Soviet_Union.svg/23px-Flag_of_the_Soviet_Union.svg.png,BTR-D,destroyed,https://i.postimg.cc/7ZqZP87y/1025.jpg,58,212,116,12,79,5,2022-10-04T21:08:09Z
Armoured Personnel Carriers,Russia,https://upload.wikimedia.org/wikipedia/commons/thumb/a/a9/Flag_of_the_Soviet_Union.svg/23px-Flag_of_the_Soviet_Union.svg.png,BTR-D,destroyed,https://i.postimg.cc/DfbZBcFR/1026.jpg,58,212,116,12,79,5,2022-10-04T21:08:09Z
Armoured Personnel Carriers,Russia,https://upload.wikimedia.org/wikipedia/commons/thumb/a/a9/Flag_of_the_Soviet_Union.svg/23px-Flag_of_the_Soviet_Union.svg.png,BTR-D,destroyed,https://i.postimg.cc/pXy1P5t9/1076-BTR-D.jpg,58,212,116,12,79,5,2022-10-04T21:08:09Z
Armoured Personnel Carriers,Russia,https://upload.wikimedia.org/wikipedia/commons/thumb/a/a9/Flag_of_the_Soviet_Union.svg/23px-Flag_of_the_Soviet_Union.svg.png,BTR-D,destroyed,https://twitter.com/Blue_Sauron/status/1546990793033977856,58,212,116,12,79,5,2022-10-04T21:08:09Z
Armoured Personnel Carriers,Russia,https://upload.wikimedia.org/wikipedia/commons/thumb/a/a9/Flag_of_the_Soviet_Union.svg/23px-Flag_of_the_Soviet_Union.svg.png,BTR-D,destroyed,https://twitter.com/UAWeapons/status/1551972189955555332,58,212,116,12,79,5,2022-10-04T21:08:09Z
Armoured Personnel Carriers,Russia,https://upload.wikimedia.org/wikipedia/commons/thumb/a/a9/Flag_of_the_Soviet_Union.svg/23px-Flag_of_the_Soviet_Union.svg.png,BTR-D,destroyed,https://i.postimg.cc/7hrBH0XB/dg.png,58,212,116,12,79,5,2022-10-04T21:08:09Z
Armoured Personnel Carriers,Russia,https://upload.wikimedia.org/wikipedia/commons/thumb/a/a9/Flag_of_the_Soviet_Union.svg/23px-Flag_of_the_Soviet_Union.svg.png,BTR-D,destroyed,https://i.postimg.cc/yYZnkK9z/1012-BTR-D.jpg,58,212,116,12,79,5,2022-10-04T21:08:09Z
Armoured Personnel Carriers,Russia,https://upload.wikimedia.org/wikipedia/commons/thumb/a/a9/Flag_of_the_Soviet_Union.svg/23px-Flag_of_the_Soviet_Union.svg.png,BTR-D,destroyed,https://i.postimg.cc/dtFCMyBy/1038-BTR-D.jpg,58,212,116,12,79,5,2022-10-04T21:08:09Z
Armoured Personnel Carriers,Russia,https://upload.wikimedia.org/wikipedia/commons/thumb/a/a9/Flag_of_the_Soviet_Union.svg/23px-Flag_of_the_Soviet_Union.svg.png,BTR-D,destroyed,https://i.postimg.cc/1z8n0c9L/1039-BTR-D.jpg,58,212,116,12,79,5,2022-10-04T21:08:09Z
Armoured Personnel Carriers,Russia,https://upload.wikimedia.org/wikipedia/commons/thumb/a/a9/Flag_of_the_Soviet_Union.svg/23px-Flag_of_the_Soviet_Union.svg.png,BTR-D,destroyed,https://i.postimg.cc/rwFts27y/1041-BTR-D.jpg,58,212,116,12,79,5,2022-10-04T21:08:09Z
Armoured Personnel Carriers,Russia,https://upload.wikimedia.org/wikipedia/commons/thumb/a/a9/Flag_of_the_Soviet_Union.svg/23px-Flag_of_the_Soviet_Union.svg.png,BTR-D,destroyed,https://i.postimg.cc/vZqx6Sdr/1042-BTR-D.jpg,58,212,116,12,79,5,2022-10-04T21:08:09Z
Armoured Personnel Carriers,Russia,https://upload.wikimedia.org/wikipedia/commons/thumb/a/a9/Flag_of_the_Soviet_Union.svg/23px-Flag_of_the_Soviet_Union.svg.png,BTR-D,destroyed,https://i.postimg.cc/SsT7PVRg/1077-BTR-D.jpg,58,212,116,12,79,5,2022-10-04T21:08:09Z
Armoured Personnel Carriers,Russia,https://upload.wikimedia.org/wikipedia/commons/thumb/a/a9/Flag_of_the_Soviet_Union.svg/23px-Flag_of_the_Soviet_Union.svg.png,BTR-D,destroyed,https://i.postimg.cc/CLHdL5Hg/1078-BTR-D.jpg,58,212,116,12,79,5,2022-10-04T21:08:09Z
Armoured Personnel Carriers,Russia,https://upload.wikimedia.org/wikipedia/commons/thumb/a/a9/Flag_of_the_Soviet_Union.svg/23px-Flag_of_the_Soviet_Union.svg.png,BTR-D,destroyed,https://i.postimg.cc/v82r98q8/g54.jpg,58,212,116,12,79,5,2022-10-04T21:08:09Z
Armoured Personnel Carriers,Russia,https://upload.wikimedia.org/wikipedia/commons/thumb/a/a9/Flag_of_the_Soviet_Union.svg/23px-Flag_of_the_Soviet_Union.svg.png,BTR-D,abandoned,https://postimg.cc/14zY5RHW,58,212,116,12,79,5,2022-10-04T21:08:09Z
Armoured Personnel Carriers,Russia,https://upload.wikimedia.org/wikipedia/commons/thumb/a/a9/Flag_of_the_Soviet_Union.svg/23px-Flag_of_the_Soviet_Union.svg.png,BTR-D,abandoned,https://postimg.cc/xXL6FXfd,58,212,116,12,79,5,2022-10-04T21:08:09Z
Armoured Personnel Carriers,Russia,https://upload.wikimedia.org/wikipedia/commons/thumb/a/a9/Flag_of_the_Soviet_Union.svg/23px-Flag_of_the_Soviet_Union.svg.png,BTR-D,abandoned,https://i.postimg.cc/P5grPQ3H/4fj.png,58,212,116,12,79,5,2022-10-04T21:08:09Z
Armoured Personnel Carriers,Russia,https://upload.wikimedia.org/wikipedia/commons/thumb/a/a9/Flag_of_the_Soviet_Union.svg/23px-Flag_of_the_Soviet_Union.svg.png,BTR-D,abandoned,https://i.postimg.cc/zGYyLF60/38.png,58,212,116,12,79,5,2022-10-04T21:08:09Z
Armoured Personnel Carriers,Russia,https://upload.wikimedia.org/wikipedia/commons/thumb/a/a9/Flag_of_the_Soviet_Union.svg/23px-Flag_of_the_Soviet_Union.svg.png,BTR-D,abandoned,https://i.postimg.cc/MpyZQtQY/d12.jpg,58,212,116,12,79,5,2022-10-04T21:08:09Z
Armoured Personnel Carriers,Russia,https://upload.wikimedia.org/wikipedia/commons/thumb/a/a9/Flag_of_the_Soviet_Union.svg/23px-Flag_of_the_Soviet_Union.svg.png,BTR-D,damaged,https://i.postimg.cc/L6V1m8C0/1040-BTR-D.jpg,58,212,116,12,79,5,2022-10-04T21:08:09Z
Armoured Personnel Carriers,Russia,https://upload.wikimedia.org/wikipedia/commons/thumb/a/a9/Flag_of_the_Soviet_Union.svg/23px-Flag_of_the_Soviet_Union.svg.png,BTR-D,damaged,https://i.postimg.cc/9QZR97zk/7799.png,58,212,116,12,79,5,2022-10-04T21:08:09Z
Armoured Personnel Carriers,Russia,https://upload.wikimedia.org/wikipedia/commons/thumb/a/a9/Flag_of_the_Soviet_Union.svg/23px-Flag_of_the_Soviet_Union.svg.png,BTR-D,captured,https://i.postimg.cc/Bnsmsrsf/5426.png,58,212,116,12,79,5,2022-10-04T21:08:09Z
Armoured Personnel Carriers,Russia,https://upload.wikimedia.org/wikipedia/commons/thumb/a/a9/Flag_of_the_Soviet_Union.svg/23px-Flag_of_the_Soviet_Union.svg.png,BTR-D,captured,https://i.postimg.cc/v8kQ5d8Z/4790.png,58,212,116,12,79,5,2022-10-04T21:08:09Z
Armoured Personnel Carriers,Russia,https://upload.wikimedia.org/wikipedia/commons/thumb/a/a9/Flag_of_the_Soviet_Union.svg/23px-Flag_of_the_Soviet_Union.svg.png,BTR-D,captured,https://i.postimg.cc/tgPskW5T/f5.png,58,212,116,12,79,5,2022-10-04T21:08:09Z
Armoured Personnel Carriers,Russia,https://upload.wikimedia.org/wikipedia/commons/thumb/a/a9/Flag_of_the_Soviet_Union.svg/23px-Flag_of_the_Soviet_Union.svg.png,BTR-D,captured,https://i.postimg.cc/tgPskW5T/f5.png,58,212,116,12,79,5,2022-10-04T21:08:09Z
Armoured Personnel Carriers,Russia,https://upload.wikimedia.org/wikipedia/commons/thumb/a/a9/Flag_of_the_Soviet_Union.svg/23px-Flag_of_the_Soviet_Union.svg.png,BTR-D,captured,https://i.postimg.cc/hvHyhF8f/d3.png,58,212,116,12,79,5,2022-10-04T21:08:09Z
Armoured Personnel Carriers,Russia,https://upload.wikimedia.org/wikipedia/commons/thumb/a/a9/Flag_of_the_Soviet_Union.svg/23px-Flag_of_the_Soviet_Union.svg.png,BTR-D,captured,https://i.postimg.cc/Y9V7fHyY/j1.jpg,58,212,116,12,79,5,2022-10-04T21:08:09Z
Armoured Personnel Carriers,Russia,https://upload.wikimedia.org/wikipedia/commons/thumb/a/a9/Flag_of_the_Soviet_Union.svg/23px-Flag_of_the_Soviet_Union.svg.png,BTR-D,captured,https://i.postimg.cc/bN80m24w/6688.png,58,212,116,12,79,5,2022-10-04T21:08:09Z
Armoured Personnel Carriers,Russia,https://upload.wikimedia.org/wikipedia/commons/thumb/a/a9/Flag_of_the_Soviet_Union.svg/23px-Flag_of_the_Soviet_Union.svg.png,BTR-D,captured,https://i.postimg.cc/dt5X2Dt3/Screenshot-8647.png,58,212,116,12,79,5,2022-10-04T21:08:09Z
Armoured Personnel Carriers,Russia,https://upload.wikimedia.org/wikipedia/commons/thumb/a/a9/Flag_of_the_Soviet_Union.svg/23px-Flag_of_the_Soviet_Union.svg.png,BTR-D,captured,https://i.postimg.cc/cC5Xg9fm/b77.jpg,58,212,116,12,79,5,2022-10-04T21:08:09Z
Armoured Personnel Carriers,Russia,https://upload.wikimedia.org/wikipedia/commons/thumb/a/a9/Flag_of_the_Soviet_Union.svg/23px-Flag_of_the_Soviet_Union.svg.png,BTR-D,captured,https://i.postimg.cc/MK9vRkMx/vbb.jpg,58,212,116,12,79,5,2022-10-04T21:08:09Z
Armoured Personnel Carriers,Russia,https://upload.wikimedia.org/wikipedia/commons/thumb/a/a9/Flag_of_the_Soviet_Union.svg/23px-Flag_of_the_Soviet_Union.svg.png,BTR-D,captured,https://i.postimg.cc/1tcPVmD9/4435.jpg,58,212,116,12,79,5,2022-10-04T21:08:09Z
Armoured Personnel Carriers,Russia,https://upload.wikimedia.org/wikipedia/commons/thumb/a/a9/Flag_of_the_Soviet_Union.svg/23px-Flag_of_the_Soviet_Union.svg.png,BTR-D,captured,https://i.postimg.cc/R0wx2Ssc/44ff.jpg,58,212,116,12,79,5,2022-10-04T21:08:09Z
Armoured Personnel Carriers,Russia,https://upload.wikimedia.org/wikipedia/commons/thumb/a/a9/Flag_of_the_Soviet_Union.svg/23px-Flag_of_the_Soviet_Union.svg.png,BTR-D,captured,https://i.postimg.cc/43R2jzh3/441.png,58,212,116,12,79,5,2022-10-04T21:08:09Z
Armoured Personnel Carriers,Russia,https://upload.wikimedia.org/wikipedia/commons/thumb/a/a9/Flag_of_the_Soviet_Union.svg/23px-Flag_of_the_Soviet_Union.svg.png,BTR-D,captured,https://i.postimg.cc/VNsLBfRz/c2.png,58,212,116,12,79,5,2022-10-04T21:08:09Z
Armoured Personnel Carriers,Russia,https://upload.wikimedia.org/wikipedia/commons/thumb/a/a9/Flag_of_the_Soviet_Union.svg/23px-Flag_of_the_Soviet_Union.svg.png,BTR-D,captured,https://i.postimg.cc/vmpSy8RR/312.png,58,212,116,12,79,5,2022-10-04T21:08:09Z
Armoured Personnel Carriers,Russia,https://upload.wikimedia.org/wikipedia/commons/thumb/a/a9/Flag_of_the_Soviet_Union.svg/23px-Flag_of_the_Soviet_Union.svg.png,BTR-D,captured,https://i.postimg.cc/BQGX0HFp/1079-BTR-D.jpg,58,212,116,12,79,5,2022-10-04T21:08:09Z
Armoured Personnel Carriers,Russia,https://upload.wikimedia.org/wikipedia/commons/thumb/a/a9/Flag_of_the_Soviet_Union.svg/23px-Flag_of_the_Soviet_Union.svg.png,BTR-D,captured,https://i.postimg.cc/HkR9NQYF/1004-btr-d.jpg,58,212,116,12,79,5,2022-10-04T21:08:09Z
Armoured Personnel Carriers,Russia,https://upload.wikimedia.org/wikipedia/commons/thumb/a/a9/Flag_of_the_Soviet_Union.svg/23px-Flag_of_the_Soviet_Union.svg.png,BTR-D,captured,https://twitter.com/UAWeapons/status/1567468458580889600,58,212,116,12,79,5,2022-10-04T21:08:09Z
Armoured Personnel Carriers,Russia,https://upload.wikimedia.org/wikipedia/commons/thumb/a/a9/Flag_of_the_Soviet_Union.svg/23px-Flag_of_the_Soviet_Union.svg.png,BTR-D,captured,https://i.postimg.cc/qMtZ2zLN/1022-btr-d.jpg,58,212,116,12,79,5,2022-10-04T21:08:09Z
Armoured Personnel Carriers,Russia,https://upload.wikimedia.org/wikipedia/commons/thumb/a/a9/Flag_of_the_Soviet_Union.svg/23px-Flag_of_the_Soviet_Union.svg.png,BTR-D,captured,https://twitter.com/UAWeapons/status/1577332880694542338,58,212,116,12,79,5,2022-10-04T21:08:09Z
Armoured Personnel Carriers,Russia,https://upload.wikimedia.org/wikipedia/en/thumb/f/f3/Flag_of_Russia.svg/23px-Flag_of_Russia.svg.png,BTR-MDM 'Rakushka',destroyed,https://i.postimg.cc/13fFqqxf/h7.jpg,11,212,116,12,79,5,2022-10-04T21:08:09Z
Armoured Personnel Carriers,Russia,https://upload.wikimedia.org/wikipedia/en/thumb/f/f3/Flag_of_Russia.svg/23px-Flag_of_Russia.svg.png,BTR-MDM 'Rakushka',destroyed,https://postimg.cc/7GfzWswh,11,212,116,12,79,5,2022-10-04T21:08:09Z
Armoured Personnel Carriers,Russia,https://upload.wikimedia.org/wikipedia/en/thumb/f/f3/Flag_of_Russia.svg/23px-Flag_of_Russia.svg.png,BTR-MDM 'Rakushka',destroyed,https://i.postimg.cc/Y2TPg5L4/32d.png,11,212,116,12,79,5,2022-10-04T21:08:09Z
Armoured Personnel Carriers,Russia,https://upload.wikimedia.org/wikipedia/en/thumb/f/f3/Flag_of_Russia.svg/23px-Flag_of_Russia.svg.png,BTR-MDM 'Rakushka',destroyed,https://twitter.com/UAWeapons/status/1547270777887723524,11,212,116,12,79,5,2022-10-04T21:08:09Z
Armoured Personnel Carriers,Russia,https://upload.wikimedia.org/wikipedia/en/thumb/f/f3/Flag_of_Russia.svg/23px-Flag_of_Russia.svg.png,BTR-MDM 'Rakushka',damaged,https://i.postimg.cc/BQty5xVw/4fn.png,11,212,116,12,79,5,2022-10-04T21:08:09Z
Armoured Personnel Carriers,Russia,https://upload.wikimedia.org/wikipedia/en/thumb/f/f3/Flag_of_Russia.svg/23px-Flag_of_Russia.svg.png,BTR-MDM 'Rakushka',captured,https://i.postimg.cc/NFVY72Sw/g6.jpg,11,212,116,12,79,5,2022-10-04T21:08:09Z
Armoured Personnel Carriers,Russia,https://upload.wikimedia.org/wikipedia/en/thumb/f/f3/Flag_of_Russia.svg/23px-Flag_of_Russia.svg.png,BTR-MDM 'Rakushka',captured,https://i.postimg.cc/2y3rZ7Hw/g7.jpg,11,212,116,12,79,5,2022-10-04T21:08:09Z
Armoured Personnel Carriers,Russia,https://upload.wikimedia.org/wikipedia/en/thumb/f/f3/Flag_of_Russia.svg/23px-Flag_of_Russia.svg.png,BTR-MDM 'Rakushka',captured,https://i.postimg.cc/Jnrcqk0T/7764.png,11,212,116,12,79,5,2022-10-04T21:08:09Z
Armoured Personnel Carriers,Russia,https://upload.wikimedia.org/wikipedia/en/thumb/f/f3/Flag_of_Russia.svg/23px-Flag_of_Russia.svg.png,BTR-MDM 'Rakushka',captured,https://i.postimg.cc/5tFT4FC5/ml.jpg,11,212,116,12,79,5,2022-10-04T21:08:09Z
Armoured Personnel Carriers,Russia,https://upload.wikimedia.org/wikipedia/en/thumb/f/f3/Flag_of_Russia.svg/23px-Flag_of_Russia.svg.png,BTR-MDM 'Rakushka',captured,https://i.postimg.cc/zGLz9Tv7/g66.jpg,11,212,116,12,79,5,2022-10-04T21:08:09Z
Armoured Personnel Carriers,Russia,https://upload.wikimedia.org/wikipedia/en/thumb/f/f3/Flag_of_Russia.svg/23px-Flag_of_Russia.svg.png,BTR-MDM 'Rakushka',captured,https://i.postimg.cc/Yq5ZCF8b/d1.png,11,212,116,12,79,5,2022-10-04T21:08:09Z
Armoured Personnel Carriers,Russia,https://upload.wikimedia.org/wikipedia/en/thumb/f/f3/Flag_of_Russia.svg/23px-Flag_of_Russia.svg.png,"Remdiesel Z-STS ""Akhmat""",destroyed,https://twitter.com/UAWeapons/status/1577250357549608960,1,212,116,12,79,5,2022-10-04T21:08:09Z
Armoured Personnel Carriers,Russia,https://upload.wikimedia.org/wikipedia/en/thumb/f/f3/Flag_of_Russia.svg/23px-Flag_of_Russia.svg.png,Ural-4320VV,captured,https://i.postimg.cc/J4PyjvbV/1005-Ural-4320-VV-capt.jpg,1,212,116,12,79,5,2022-10-04T21:08:09Z
Mine-Resistant Ambush Protected Vehicles,Russia,https://upload.wikimedia.org/wikipedia/en/thumb/f/f3/Flag_of_Russia.svg/23px-Flag_of_Russia.svg.png,KamAZ-63968 Typhoon,destroyed,https://i.postimg.cc/44F652Md/nd.jpg,16,37,20,2,11,4,2022-10-04T21:08:09Z
Mine-Resistant Ambush Protected Vehicles,Russia,https://upload.wikimedia.org/wikipedia/en/thumb/f/f3/Flag_of_Russia.svg/23px-Flag_of_Russia.svg.png,KamAZ-63968 Typhoon,destroyed,https://i.postimg.cc/Y99X7XjX/43f.png,16,37,20,2,11,4,2022-10-04T21:08:09Z
Mine-Resistant Ambush Protected Vehicles,Russia,https://upload.wikimedia.org/wikipedia/en/thumb/f/f3/Flag_of_Russia.svg/23px-Flag_of_Russia.svg.png,KamAZ-63968 Typhoon,destroyed,https://i.postimg.cc/0yYrBkVz/d13.png,16,37,20,2,11,4,2022-10-04T21:08:09Z
Mine-Resistant Ambush Protected Vehicles,Russia,https://upload.wikimedia.org/wikipedia/en/thumb/f/f3/Flag_of_Russia.svg/23px-Flag_of_Russia.svg.png,KamAZ-63968 Typhoon,destroyed,https://i.postimg.cc/GhkB8z1W/3321.jpg,16,37,20,2,11,4,2022-10-04T21:08:09Z
Mine-Resistant Ambush Protected Vehicles,Russia,https://upload.wikimedia.org/wikipedia/en/thumb/f/f3/Flag_of_Russia.svg/23px-Flag_of_Russia.svg.png,KamAZ-63968 Typhoon,destroyed,https://i.postimg.cc/tTNphcWJ/57.jpg,16,37,20,2,11,4,2022-10-04T21:08:09Z
Mine-Resistant Ambush Protected Vehicles,Russia,https://upload.wikimedia.org/wikipedia/en/thumb/f/f3/Flag_of_Russia.svg/23px-Flag_of_Russia.svg.png,KamAZ-63968 Typhoon,destroyed,https://i.postimg.cc/y8SXjyQb/5880.png,16,37,20,2,11,4,2022-10-04T21:08:09Z
Mine-Resistant Ambush Protected Vehicles,Russia,https://upload.wikimedia.org/wikipedia/en/thumb/f/f3/Flag_of_Russia.svg/23px-Flag_of_Russia.svg.png,KamAZ-63968 Typhoon,destroyed,https://i.postimg.cc/hGNHtKPV/3d2.jpg,16,37,20,2,11,4,2022-10-04T21:08:09Z
Mine-Resistant Ambush Protected Vehicles,Russia,https://upload.wikimedia.org/wikipedia/en/thumb/f/f3/Flag_of_Russia.svg/23px-Flag_of_Russia.svg.png,KamAZ-63968 Typhoon,destroyed,https://i.postimg.cc/ZKs0qcNB/2022-09-19-Typhoon.jpg,16,37,20,2,11,4,2022-10-04T21:08:09Z
Mine-Resistant Ambush Protected Vehicles,Russia,https://upload.wikimedia.org/wikipedia/en/thumb/f/f3/Flag_of_Russia.svg/23px-Flag_of_Russia.svg.png,KamAZ-63968 Typhoon,damaged,https://i.postimg.cc/KjxFyJC2/48.jpg,16,37,20,2,11,4,2022-10-04T21:08:09Z
Mine-Resistant Ambush Protected Vehicles,Russia,https://upload.wikimedia.org/wikipedia/en/thumb/f/f3/Flag_of_Russia.svg/23px-Flag_of_Russia.svg.png,KamAZ-63968 Typhoon,damaged,https://i.postimg.cc/Kjr4dzfx/t11.jpg,16,37,20,2,11,4,2022-10-04T21:08:09Z
Mine-Resistant Ambush Protected Vehicles,Russia,https://upload.wikimedia.org/wikipedia/en/thumb/f/f3/Flag_of_Russia.svg/23px-Flag_of_Russia.svg.png,KamAZ-63968 Typhoon,abandoned,https://i.postimg.cc/g0gcjCG4/1005-Kam-AZ-63968-Typhoon.jpg,16,37,20,2,11,4,2022-10-04T21:08:09Z
Mine-Resistant Ambush Protected Vehicles,Russia,https://upload.wikimedia.org/wikipedia/en/thumb/f/f3/Flag_of_Russia.svg/23px-Flag_of_Russia.svg.png,KamAZ-63968 Typhoon,captured,https://postlmg.cc/sGfMhkCN,16,37,20,2,11,4,2022-10-04T21:08:09Z
Mine-Resistant Ambush Protected Vehicles,Russia,https://upload.wikimedia.org/wikipedia/en/thumb/f/f3/Flag_of_Russia.svg/23px-Flag_of_Russia.svg.png,KamAZ-63968 Typhoon,captured,https://i.postimg.cc/zBj0BNB9/4f7.png,16,37,20,2,11,4,2022-10-04T21:08:09Z
Mine-Resistant Ambush Protected Vehicles,Russia,https://upload.wikimedia.org/wikipedia/en/thumb/f/f3/Flag_of_Russia.svg/23px-Flag_of_Russia.svg.png,KamAZ-63968 Typhoon,captured,https://i.postimg.cc/8PWQX1wY/433.jpg,16,37,20,2,11,4,2022-10-04T21:08:09Z
Mine-Resistant Ambush Protected Vehicles,Russia,https://upload.wikimedia.org/wikipedia/en/thumb/f/f3/Flag_of_Russia.svg/23px-Flag_of_Russia.svg.png,KamAZ-63968 Typhoon,captured,https://i.postimg.cc/brjsCbQm/t12.jpg,16,37,20,2,11,4,2022-10-04T21:08:09Z
Mine-Resistant Ambush Protected Vehicles,Russia,https://upload.wikimedia.org/wikipedia/en/thumb/f/f3/Flag_of_Russia.svg/23px-Flag_of_Russia.svg.png,KamAZ-63968 Typhoon,captured,https://twitter.com/UAWeapons/status/1575040036667793419,16,37,20,2,11,4,2022-10-04T21:08:09Z
Mine-Resistant Ambush Protected Vehicles,Russia,https://upload.wikimedia.org/wikipedia/en/thumb/f/f3/Flag_of_Russia.svg/23px-Flag_of_Russia.svg.png,KamAZ-435029 Patrol-A,destroyed,https://i.postimg.cc/LshXQWpN/1000-Kam-AZ-435029-Patrol-A.jpg,2,37,20,2,11,4,2022-10-04T21:08:09Z
Mine-Resistant Ambush Protected Vehicles,Russia,https://upload.wikimedia.org/wikipedia/en/thumb/f/f3/Flag_of_Russia.svg/23px-Flag_of_Russia.svg.png,KamAZ-435029 Patrol-A,damaged,https://twitter.com/UAWeapons/status/1542239547156795393,2,37,20,2,11,4,2022-10-04T21:08:09Z
Mine-Resistant Ambush Protected Vehicles,Russia,https://upload.wikimedia.org/wikipedia/en/thumb/f/f3/Flag_of_Russia.svg/23px-Flag_of_Russia.svg.png,K-53949 Typhoon-K,destroyed,https://i.postimg.cc/vTpj86LK/ff4.jpg,10,37,20,2,11,4,2022-10-04T21:08:09Z
Mine-Resistant Ambush Protected Vehicles,Russia,https://upload.wikimedia.org/wikipedia/en/thumb/f/f3/Flag_of_Russia.svg/23px-Flag_of_Russia.svg.png,K-53949 Typhoon-K,destroyed,https://i.postimg.cc/JhCMFXN9/66886.jpg,10,37,20,2,11,4,2022-10-04T21:08:09Z
Mine-Resistant Ambush Protected Vehicles,Russia,https://upload.wikimedia.org/wikipedia/en/thumb/f/f3/Flag_of_Russia.svg/23px-Flag_of_Russia.svg.png,K-53949 Typhoon-K,destroyed,https://postimg.cc/ZC5TRxCn,10,37,20,2,11,4,2022-10-04T21:08:09Z
Mine-Resistant Ambush Protected Vehicles,Russia,https://upload.wikimedia.org/wikipedia/en/thumb/f/f3/Flag_of_Russia.svg/23px-Flag_of_Russia.svg.png,K-53949 Typhoon-K,destroyed,https://i.postimg.cc/9Q7PYs4j/5770.jpg,10,37,20,2,11,4,2022-10-04T21:08:09Z
Mine-Resistant Ambush Protected Vehicles,Russia,https://upload.wikimedia.org/wikipedia/en/thumb/f/f3/Flag_of_Russia.svg/23px-Flag_of_Russia.svg.png,K-53949 Typhoon-K,destroyed,https://i.postimg.cc/wxwMNsf3/5g.png,10,37,20,2,11,4,2022-10-04T21:08:09Z
Mine-Resistant Ambush Protected Vehicles,Russia,https://upload.wikimedia.org/wikipedia/en/thumb/f/f3/Flag_of_Russia.svg/23px-Flag_of_Russia.svg.png,K-53949 Typhoon-K,destroyed,https://i.postimg.cc/x8mQYssF/1009.jpg,10,37,20,2,11,4,2022-10-04T21:08:09Z
Mine-Resistant Ambush Protected Vehicles,Russia,https://upload.wikimedia.org/wikipedia/en/thumb/f/f3/Flag_of_Russia.svg/23px-Flag_of_Russia.svg.png,K-53949 Typhoon-K,destroyed,https://twitter.com/UAWeapons/status/1577238046784704513,10,37,20,2,11,4,2022-10-04T21:08:09Z
Mine-Resistant Ambush Protected Vehicles,Russia,https://upload.wikimedia.org/wikipedia/en/thumb/f/f3/Flag_of_Russia.svg/23px-Flag_of_Russia.svg.png,K-53949 Typhoon-K,abandoned,https://i.postimg.cc/N0hp3Q4m/545.jpg,10,37,20,2,11,4,2022-10-04T21:08:09Z
Mine-Resistant Ambush Protected Vehicles,Russia,https://upload.wikimedia.org/wikipedia/en/thumb/f/f3/Flag_of_Russia.svg/23px-Flag_of_Russia.svg.png,K-53949 Typhoon-K,captured,https://i.postimg.cc/63JHwmRH/5424.png,10,37,20,2,11,4,2022-10-04T21:08:09Z
Mine-Resistant Ambush Protected Vehicles,Russia,https://upload.wikimedia.org/wikipedia/en/thumb/f/f3/Flag_of_Russia.svg/23px-Flag_of_Russia.svg.png,K-53949 Typhoon-K,captured,https://postimg.cc/fVK20jGS,10,37,20,2,11,4,2022-10-04T21:08:09Z
Mine-Resistant Ambush Protected Vehicles,Russia,https://upload.wikimedia.org/wikipedia/en/thumb/f/f3/Flag_of_Russia.svg/23px-Flag_of_Russia.svg.png,K-53949 Linza,destroyed,https://i.postimg.cc/G346XbWV/57.jpg,9,37,20,2,11,4,2022-10-04T21:08:09Z
Mine-Resistant Ambush Protected Vehicles,Russia,https://upload.wikimedia.org/wikipedia/en/thumb/f/f3/Flag_of_Russia.svg/23px-Flag_of_Russia.svg.png,K-53949 Linza,destroyed,https://i.postimg.cc/C5v23gVK/773.png,9,37,20,2,11,4,2022-10-04T21:08:09Z
Mine-Resistant Ambush Protected Vehicles,Russia,https://upload.wikimedia.org/wikipedia/en/thumb/f/f3/Flag_of_Russia.svg/23px-Flag_of_Russia.svg.png,K-53949 Linza,destroyed,https://i.postimg.cc/fL424R3C/1012-linza-mrap.jpg,9,37,20,2,11,4,2022-10-04T21:08:09Z
Mine-Resistant Ambush Protected Vehicles,Russia,https://upload.wikimedia.org/wikipedia/en/thumb/f/f3/Flag_of_Russia.svg/23px-Flag_of_Russia.svg.png,K-53949 Linza,destroyed,https://i.postimg.cc/Pq64ZSTH/2022-09-18-Kam-AZ-Linza.png,9,37,20,2,11,4,2022-10-04T21:08:09Z
Mine-Resistant Ambush Protected Vehicles,Russia,https://upload.wikimedia.org/wikipedia/en/thumb/f/f3/Flag_of_Russia.svg/23px-Flag_of_Russia.svg.png,K-53949 Linza,damaged,https://i.postimg.cc/7PCL4bbm/221.jpg,9,37,20,2,11,4,2022-10-04T21:08:09Z
Mine-Resistant Ambush Protected Vehicles,Russia,https://upload.wikimedia.org/wikipedia/en/thumb/f/f3/Flag_of_Russia.svg/23px-Flag_of_Russia.svg.png,K-53949 Linza,captured,https://i.postimg.cc/287ZnN3m/6h7.png,9,37,20,2,11,4,2022-10-04T21:08:09Z
Mine-Resistant Ambush Protected Vehicles,Russia,https://upload.wikimedia.org/wikipedia/en/thumb/f/f3/Flag_of_Russia.svg/23px-Flag_of_Russia.svg.png,K-53949 Linza,captured,https://i.postimg.cc/Bv0zVHtL/542.png,9,37,20,2,11,4,2022-10-04T21:08:09Z
Mine-Resistant Ambush Protected Vehicles,Russia,https://upload.wikimedia.org/wikipedia/en/thumb/f/f3/Flag_of_Russia.svg/23px-Flag_of_Russia.svg.png,K-53949 Linza,captured,https://i.postimg.cc/nrpPX8Dc/d21d.jpg,9,37,20,2,11,4,2022-10-04T21:08:09Z
Mine-Resistant Ambush Protected Vehicles,Russia,https://upload.wikimedia.org/wikipedia/en/thumb/f/f3/Flag_of_Russia.svg/23px-Flag_of_Russia.svg.png,K-53949 Linza,damaged,https://twitter.com/UAWeapons/status/1568899249688952833,9,37,20,2,11,4,2022-10-04T21:08:09Z
Infantry Mobility Vehicles,Russia,https://upload.wikimedia.org/wikipedia/en/thumb/f/f3/Flag_of_Russia.svg/23px-Flag_of_Russia.svg.png,GAZ Tigr,destroyed,https://i.postimg.cc/mDytXpGc/4f.jpg,14,142,95,1,44,2,2022-10-04T21:08:09Z
Infantry Mobility Vehicles,Russia,https://upload.wikimedia.org/wikipedia/en/thumb/f/f3/Flag_of_Russia.svg/23px-Flag_of_Russia.svg.png,GAZ Tigr,destroyed,https://i.postimg.cc/HnZYs9hn/hh4.jpg,14,142,95,1,44,2,2022-10-04T21:08:09Z
Infantry Mobility Vehicles,Russia,https://upload.wikimedia.org/wikipedia/en/thumb/f/f3/Flag_of_Russia.svg/23px-Flag_of_Russia.svg.png,GAZ Tigr,destroyed,https://i.postimg.cc/d0mp66yj/i2.jpg,14,142,95,1,44,2,2022-10-04T21:08:09Z
Infantry Mobility Vehicles,Russia,https://upload.wikimedia.org/wikipedia/en/thumb/f/f3/Flag_of_Russia.svg/23px-Flag_of_Russia.svg.png,GAZ Tigr,destroyed,https://i.postimg.cc/QtfPGMSB/i3.jpg,14,142,95,1,44,2,2022-10-04T21:08:09Z
Infantry Mobility Vehicles,Russia,https://upload.wikimedia.org/wikipedia/en/thumb/f/f3/Flag_of_Russia.svg/23px-Flag_of_Russia.svg.png,GAZ Tigr,destroyed,https://postimg.cc/ZBNCst4J,14,142,95,1,44,2,2022-10-04T21:08:09Z
Infantry Mobility Vehicles,Russia,https://upload.wikimedia.org/wikipedia/en/thumb/f/f3/Flag_of_Russia.svg/23px-Flag_of_Russia.svg.png,GAZ Tigr,abandoned,https://i.postimg.cc/mDbvhs6S/n8.png,14,142,95,1,44,2,2022-10-04T21:08:09Z
Infantry Mobility Vehicles,Russia,https://upload.wikimedia.org/wikipedia/en/thumb/f/f3/Flag_of_Russia.svg/23px-Flag_of_Russia.svg.png,GAZ Tigr,captured,https://i.postimg.cc/sDRQNbwy/567.png,14,142,95,1,44,2,2022-10-04T21:08:09Z
Infantry Mobility Vehicles,Russia,https://upload.wikimedia.org/wikipedia/en/thumb/f/f3/Flag_of_Russia.svg/23px-Flag_of_Russia.svg.png,GAZ Tigr,captured,https://i.postimg.cc/zBHQr6sx/34.png,14,142,95,1,44,2,2022-10-04T21:08:09Z
Infantry Mobility Vehicles,Russia,https://upload.wikimedia.org/wikipedia/en/thumb/f/f3/Flag_of_Russia.svg/23px-Flag_of_Russia.svg.png,GAZ Tigr,captured,https://postlmg.cc/vxV5zM97,14,142,95,1,44,2,2022-10-04T21:08:09Z
Infantry Mobility Vehicles,Russia,https://upload.wikimedia.org/wikipedia/en/thumb/f/f3/Flag_of_Russia.svg/23px-Flag_of_Russia.svg.png,GAZ Tigr,captured,https://i.postimg.cc/Zn0SMcJX/50.png,14,142,95,1,44,2,2022-10-04T21:08:09Z
Infantry Mobility Vehicles,Russia,https://upload.wikimedia.org/wikipedia/en/thumb/f/f3/Flag_of_Russia.svg/23px-Flag_of_Russia.svg.png,GAZ Tigr,captured,https://i.postimg.cc/8Cwxg6XG/4g.png,14,142,95,1,44,2,2022-10-04T21:08:09Z
Infantry Mobility Vehicles,Russia,https://upload.wikimedia.org/wikipedia/en/thumb/f/f3/Flag_of_Russia.svg/23px-Flag_of_Russia.svg.png,GAZ Tigr,captured,https://i.postimg.cc/yxk4V4Lv/3870.png,14,142,95,1,44,2,2022-10-04T21:08:09Z
Infantry Mobility Vehicles,Russia,https://upload.wikimedia.org/wikipedia/en/thumb/f/f3/Flag_of_Russia.svg/23px-Flag_of_Russia.svg.png,GAZ Tigr,captured,https://twitter.com/UAWeapons/status/1572617375328993283,14,142,95,1,44,2,2022-10-04T21:08:09Z
Infantry Mobility Vehicles,Russia,https://upload.wikimedia.org/wikipedia/en/thumb/f/f3/Flag_of_Russia.svg/23px-Flag_of_Russia.svg.png,GAZ Tigr,captured,https://i.postimg.cc/63CBYcMX/Rosgvardija-Tigr-Derhachi-district.png,14,142,95,1,44,2,2022-10-04T21:08:09Z
Infantry Mobility Vehicles,Russia,https://upload.wikimedia.org/wikipedia/en/thumb/f/f3/Flag_of_Russia.svg/23px-Flag_of_Russia.svg.png,GAZ Tigr-M,destroyed,https://i.postimg.cc/W1VpzFcv/5578.png,102,142,95,1,44,2,2022-10-04T21:08:09Z
Infantry Mobility Vehicles,Russia,https://upload.wikimedia.org/wikipedia/en/thumb/f/f3/Flag_of_Russia.svg/23px-Flag_of_Russia.svg.png,GAZ Tigr-M,destroyed,https://postimg.cc/f3bh0QRp,102,142,95,1,44,2,2022-10-04T21:08:09Z
Infantry Mobility Vehicles,Russia,https://upload.wikimedia.org/wikipedia/en/thumb/f/f3/Flag_of_Russia.svg/23px-Flag_of_Russia.svg.png,GAZ Tigr-M,destroyed,https://i.postimg.cc/RFjRh5VD/776d.png,102,142,95,1,44,2,2022-10-04T21:08:09Z
Infantry Mobility Vehicles,Russia,https://upload.wikimedia.org/wikipedia/en/thumb/f/f3/Flag_of_Russia.svg/23px-Flag_of_Russia.svg.png,GAZ Tigr-M,destroyed,https://postimg.cc/jnsX0hVw,102,142,95,1,44,2,2022-10-04T21:08:09Z
Infantry Mobility Vehicles,Russia,https://upload.wikimedia.org/wikipedia/en/thumb/f/f3/Flag_of_Russia.svg/23px-Flag_of_Russia.svg.png,GAZ Tigr-M,destroyed,https://i.postimg.cc/XYsxrSnW/Screenshot-8293.png,102,142,95,1,44,2,2022-10-04T21:08:09Z
Infantry Mobility Vehicles,Russia,https://upload.wikimedia.org/wikipedia/en/thumb/f/f3/Flag_of_Russia.svg/23px-Flag_of_Russia.svg.png,GAZ Tigr-M,destroyed,https://i.postimg.cc/pVGgCB1P/449.png,102,142,95,1,44,2,2022-10-04T21:08:09Z
Infantry Mobility Vehicles,Russia,https://upload.wikimedia.org/wikipedia/en/thumb/f/f3/Flag_of_Russia.svg/23px-Flag_of_Russia.svg.png,GAZ Tigr-M,destroyed,https://i.postimg.cc/5trrQyZ5/435.png,102,142,95,1,44,2,2022-10-04T21:08:09Z
Infantry Mobility Vehicles,Russia,https://upload.wikimedia.org/wikipedia/en/thumb/f/f3/Flag_of_Russia.svg/23px-Flag_of_Russia.svg.png,GAZ Tigr-M,destroyed,https://i.postimg.cc/5trrQyZ5/435.png,102,142,95,1,44,2,2022-10-04T21:08:09Z
Infantry Mobility Vehicles,Russia,https://upload.wikimedia.org/wikipedia/en/thumb/f/f3/Flag_of_Russia.svg/23px-Flag_of_Russia.svg.png,GAZ Tigr-M,destroyed,https://i.postimg.cc/7YDqZt1H/4435.png,102,142,95,1,44,2,2022-10-04T21:08:09Z
Infantry Mobility Vehicles,Russia,https://upload.wikimedia.org/wikipedia/en/thumb/f/f3/Flag_of_Russia.svg/23px-Flag_of_Russia.svg.png,GAZ Tigr-M,destroyed,https://i.postimg.cc/d3jBDjhh/Screenshot-8448.png,102,142,95,1,44,2,2022-10-04T21:08:09Z
Infantry Mobility Vehicles,Russia,https://upload.wikimedia.org/wikipedia/en/thumb/f/f3/Flag_of_Russia.svg/23px-Flag_of_Russia.svg.png,GAZ Tigr-M,destroyed,https://i.postimg.cc/RCcYydQJ/790.png,102,142,95,1,44,2,2022-10-04T21:08:09Z
Infantry Mobility Vehicles,Russia,https://upload.wikimedia.org/wikipedia/en/thumb/f/f3/Flag_of_Russia.svg/23px-Flag_of_Russia.svg.png,GAZ Tigr-M,destroyed,https://i.postimg.cc/fTK9xgtM/47.png,102,142,95,1,44,2,2022-10-04T21:08:09Z
Infantry Mobility Vehicles,Russia,https://upload.wikimedia.org/wikipedia/en/thumb/f/f3/Flag_of_Russia.svg/23px-Flag_of_Russia.svg.png,GAZ Tigr-M,destroyed,https://i.postimg.cc/Z52pQfkG/f8.png,102,142,95,1,44,2,2022-10-04T21:08:09Z
Infantry Mobility Vehicles,Russia,https://upload.wikimedia.org/wikipedia/en/thumb/f/f3/Flag_of_Russia.svg/23px-Flag_of_Russia.svg.png,GAZ Tigr-M,destroyed,https://i.postimg.cc/Kz7JyDzQ/5gj.png,102,142,95,1,44,2,2022-10-04T21:08:09Z
Infantry Mobility Vehicles,Russia,https://upload.wikimedia.org/wikipedia/en/thumb/f/f3/Flag_of_Russia.svg/23px-Flag_of_Russia.svg.png,GAZ Tigr-M,destroyed,https://i.postimg.cc/cH3pwwhk/43fhl.png,102,142,95,1,44,2,2022-10-04T21:08:09Z
Infantry Mobility Vehicles,Russia,https://upload.wikimedia.org/wikipedia/en/thumb/f/f3/Flag_of_Russia.svg/23px-Flag_of_Russia.svg.png,GAZ Tigr-M,destroyed,https://i.postimg.cc/qRSdjptb/3211.jpg,102,142,95,1,44,2,2022-10-04T21:08:09Z
Infantry Mobility Vehicles,Russia,https://upload.wikimedia.org/wikipedia/en/thumb/f/f3/Flag_of_Russia.svg/23px-Flag_of_Russia.svg.png,GAZ Tigr-M,destroyed,https://i.postimg.cc/zXnF2gfV/446.jpg,102,142,95,1,44,2,2022-10-04T21:08:09Z
Infantry Mobility Vehicles,Russia,https://upload.wikimedia.org/wikipedia/en/thumb/f/f3/Flag_of_Russia.svg/23px-Flag_of_Russia.svg.png,GAZ Tigr-M,destroyed,https://i.postimg.cc/WzBJPSzg/460.png,102,142,95,1,44,2,2022-10-04T21:08:09Z
Infantry Mobility Vehicles,Russia,https://upload.wikimedia.org/wikipedia/en/thumb/f/f3/Flag_of_Russia.svg/23px-Flag_of_Russia.svg.png,GAZ Tigr-M,destroyed,https://i.postimg.cc/Y93sd2MG/h8.jpg,102,142,95,1,44,2,2022-10-04T21:08:09Z
Infantry Mobility Vehicles,Russia,https://upload.wikimedia.org/wikipedia/en/thumb/f/f3/Flag_of_Russia.svg/23px-Flag_of_Russia.svg.png,GAZ Tigr-M,destroyed,https://i.postimg.cc/XYK8HP1p/1004.jpg,102,142,95,1,44,2,2022-10-04T21:08:09Z
Infantry Mobility Vehicles,Russia,https://upload.wikimedia.org/wikipedia/en/thumb/f/f3/Flag_of_Russia.svg/23px-Flag_of_Russia.svg.png,GAZ Tigr-M,destroyed,https://i.postimg.cc/j5dqRyjh/331.png,102,142,95,1,44,2,2022-10-04T21:08:09Z
Infantry Mobility Vehicles,Russia,https://upload.wikimedia.org/wikipedia/en/thumb/f/f3/Flag_of_Russia.svg/23px-Flag_of_Russia.svg.png,GAZ Tigr-M,destroyed,https://i.postimg.cc/L4gdCpk8/88.png,102,142,95,1,44,2,2022-10-04T21:08:09Z
Infantry Mobility Vehicles,Russia,https://upload.wikimedia.org/wikipedia/en/thumb/f/f3/Flag_of_Russia.svg/23px-Flag_of_Russia.svg.png,GAZ Tigr-M,destroyed,https://i.postimg.cc/VvBfTPyv/19.png,102,142,95,1,44,2,2022-10-04T21:08:09Z
Infantry Mobility Vehicles,Russia,https://upload.wikimedia.org/wikipedia/en/thumb/f/f3/Flag_of_Russia.svg/23px-Flag_of_Russia.svg.png,GAZ Tigr-M,destroyed,https://i.postimg.cc/GtTzQ8KR/4477.jpg,102,142,95,1,44,2,2022-10-04T21:08:09Z
Infantry Mobility Vehicles,Russia,https://upload.wikimedia.org/wikipedia/en/thumb/f/f3/Flag_of_Russia.svg/23px-Flag_of_Russia.svg.png,GAZ Tigr-M,destroyed,https://i.postimg.cc/nhG7vjV3/g1.png,102,142,95,1,44,2,2022-10-04T21:08:09Z
Infantry Mobility Vehicles,Russia,https://upload.wikimedia.org/wikipedia/en/thumb/f/f3/Flag_of_Russia.svg/23px-Flag_of_Russia.svg.png,GAZ Tigr-M,destroyed,https://i.postimg.cc/ZnjTtDPc/399.png,102,142,95,1,44,2,2022-10-04T21:08:09Z
Infantry Mobility Vehicles,Russia,https://upload.wikimedia.org/wikipedia/en/thumb/f/f3/Flag_of_Russia.svg/23px-Flag_of_Russia.svg.png,GAZ Tigr-M,destroyed,https://i.postimg.cc/5yk3wHxH/b1.png,102,142,95,1,44,2,2022-10-04T21:08:09Z
Infantry Mobility Vehicles,Russia,https://upload.wikimedia.org/wikipedia/en/thumb/f/f3/Flag_of_Russia.svg/23px-Flag_of_Russia.svg.png,GAZ Tigr-M,destroyed,https://i.postimg.cc/gjTvKXcr/r3.jpg,102,142,95,1,44,2,2022-10-04T21:08:09Z
Infantry Mobility Vehicles,Russia,https://upload.wikimedia.org/wikipedia/en/thumb/f/f3/Flag_of_Russia.svg/23px-Flag_of_Russia.svg.png,GAZ Tigr-M,destroyed,https://i.postimg.cc/zX8cCx7r/tigr.png,102,142,95,1,44,2,2022-10-04T21:08:09Z
Infantry Mobility Vehicles,Russia,https://upload.wikimedia.org/wikipedia/en/thumb/f/f3/Flag_of_Russia.svg/23px-Flag_of_Russia.svg.png,GAZ Tigr-M,destroyed,https://i.postimg.cc/508svzFy/tigrr.jpg,102,142,95,1,44,2,2022-10-04T21:08:09Z
Infantry Mobility Vehicles,Russia,https://upload.wikimedia.org/wikipedia/en/thumb/f/f3/Flag_of_Russia.svg/23px-Flag_of_Russia.svg.png,GAZ Tigr-M,destroyed,https://i.postimg.cc/QNFVSr4y/97.jpg,102,142,95,1,44,2,2022-10-04T21:08:09Z
Infantry Mobility Vehicles,Russia,https://upload.wikimedia.org/wikipedia/en/thumb/f/f3/Flag_of_Russia.svg/23px-Flag_of_Russia.svg.png,GAZ Tigr-M,destroyed,https://i.postimg.cc/bNhmHYSf/549.png,102,142,95,1,44,2,2022-10-04T21:08:09Z
Infantry Mobility Vehicles,Russia,https://upload.wikimedia.org/wikipedia/en/thumb/f/f3/Flag_of_Russia.svg/23px-Flag_of_Russia.svg.png,GAZ Tigr-M,destroyed,https://i.postimg.cc/pLyMD2X0/76.jpg,102,142,95,1,44,2,2022-10-04T21:08:09Z
Infantry Mobility Vehicles,Russia,https://upload.wikimedia.org/wikipedia/en/thumb/f/f3/Flag_of_Russia.svg/23px-Flag_of_Russia.svg.png,GAZ Tigr-M,destroyed,https://i.postimg.cc/1RgcKhvH/680.jpg,102,142,95,1,44,2,2022-10-04T21:08:09Z
Infantry Mobility Vehicles,Russia,https://upload.wikimedia.org/wikipedia/en/thumb/f/f3/Flag_of_Russia.svg/23px-Flag_of_Russia.svg.png,GAZ Tigr-M,destroyed,https://i.postimg.cc/Hn8Ycb71/437.png,102,142,95,1,44,2,2022-10-04T21:08:09Z
Infantry Mobility Vehicles,Russia,https://upload.wikimedia.org/wikipedia/en/thumb/f/f3/Flag_of_Russia.svg/23px-Flag_of_Russia.svg.png,GAZ Tigr-M,destroyed,https://i.postimg.cc/25GZskrd/t3.jpg,102,142,95,1,44,2,2022-10-04T21:08:09Z
Infantry Mobility Vehicles,Russia,https://upload.wikimedia.org/wikipedia/en/thumb/f/f3/Flag_of_Russia.svg/23px-Flag_of_Russia.svg.png,GAZ Tigr-M,destroyed,https://i.postimg.cc/V6fv1CdW/542.jpg,102,142,95,1,44,2,2022-10-04T21:08:09Z
Infantry Mobility Vehicles,Russia,https://upload.wikimedia.org/wikipedia/en/thumb/f/f3/Flag_of_Russia.svg/23px-Flag_of_Russia.svg.png,GAZ Tigr-M,destroyed,https://i.postimg.cc/YCBKZ6s3/35.jpg,102,142,95,1,44,2,2022-10-04T21:08:09Z
Infantry Mobility Vehicles,Russia,https://upload.wikimedia.org/wikipedia/en/thumb/f/f3/Flag_of_Russia.svg/23px-Flag_of_Russia.svg.png,GAZ Tigr-M,destroyed,https://i.postimg.cc/pdkwmgXG/36.jpg,102,142,95,1,44,2,2022-10-04T21:08:09Z
Infantry Mobility Vehicles,Russia,https://upload.wikimedia.org/wikipedia/en/thumb/f/f3/Flag_of_Russia.svg/23px-Flag_of_Russia.svg.png,GAZ Tigr-M,destroyed,https://i.postimg.cc/3xC4LdKt/5411.png,102,142,95,1,44,2,2022-10-04T21:08:09Z
Infantry Mobility Vehicles,Russia,https://upload.wikimedia.org/wikipedia/en/thumb/f/f3/Flag_of_Russia.svg/23px-Flag_of_Russia.svg.png,GAZ Tigr-M,destroyed,https://i.postimg.cc/Njf2pyQg/776j.jpg,102,142,95,1,44,2,2022-10-04T21:08:09Z
Infantry Mobility Vehicles,Russia,https://upload.wikimedia.org/wikipedia/en/thumb/f/f3/Flag_of_Russia.svg/23px-Flag_of_Russia.svg.png,GAZ Tigr-M,destroyed,https://i.postimg.cc/zv620mgN/3f.jpg,102,142,95,1,44,2,2022-10-04T21:08:09Z
Infantry Mobility Vehicles,Russia,https://upload.wikimedia.org/wikipedia/en/thumb/f/f3/Flag_of_Russia.svg/23px-Flag_of_Russia.svg.png,GAZ Tigr-M,destroyed,https://twitter.com/UAWeapons/status/1521088343303503878,102,142,95,1,44,2,2022-10-04T21:08:09Z
Infantry Mobility Vehicles,Russia,https://upload.wikimedia.org/wikipedia/en/thumb/f/f3/Flag_of_Russia.svg/23px-Flag_of_Russia.svg.png,GAZ Tigr-M,destroyed,https://i.postimg.cc/h4YtYd47/4f2.jpg,102,142,95,1,44,2,2022-10-04T21:08:09Z
Infantry Mobility Vehicles,Russia,https://upload.wikimedia.org/wikipedia/en/thumb/f/f3/Flag_of_Russia.svg/23px-Flag_of_Russia.svg.png,GAZ Tigr-M,destroyed,https://i.postimg.cc/8zr7qTDS/34.jpg,102,142,95,1,44,2,2022-10-04T21:08:09Z
Infantry Mobility Vehicles,Russia,https://upload.wikimedia.org/wikipedia/en/thumb/f/f3/Flag_of_Russia.svg/23px-Flag_of_Russia.svg.png,GAZ Tigr-M,destroyed,https://i.postimg.cc/C5bQ7F9P/4f2.png,102,142,95,1,44,2,2022-10-04T21:08:09Z
Infantry Mobility Vehicles,Russia,https://upload.wikimedia.org/wikipedia/en/thumb/f/f3/Flag_of_Russia.svg/23px-Flag_of_Russia.svg.png,GAZ Tigr-M,destroyed,https://twitter.com/UAWeapons/status/1540437582504493056,102,142,95,1,44,2,2022-10-04T21:08:09Z
Infantry Mobility Vehicles,Russia,https://upload.wikimedia.org/wikipedia/en/thumb/f/f3/Flag_of_Russia.svg/23px-Flag_of_Russia.svg.png,GAZ Tigr-M,destroyed,https://twitter.com/UAWeapons/status/1542867352118870023,102,142,95,1,44,2,2022-10-04T21:08:09Z
Infantry Mobility Vehicles,Russia,https://upload.wikimedia.org/wikipedia/en/thumb/f/f3/Flag_of_Russia.svg/23px-Flag_of_Russia.svg.png,GAZ Tigr-M,destroyed,https://i.postimg.cc/cJscVcPT/1005.jpg,102,142,95,1,44,2,2022-10-04T21:08:09Z
Infantry Mobility Vehicles,Russia,https://upload.wikimedia.org/wikipedia/en/thumb/f/f3/Flag_of_Russia.svg/23px-Flag_of_Russia.svg.png,GAZ Tigr-M,destroyed,https://i.postimg.cc/266BKyzf/1005.jpg,102,142,95,1,44,2,2022-10-04T21:08:09Z
Infantry Mobility Vehicles,Russia,https://upload.wikimedia.org/wikipedia/en/thumb/f/f3/Flag_of_Russia.svg/23px-Flag_of_Russia.svg.png,GAZ Tigr-M,destroyed,https://postimg.cc/PLB8Zct7,102,142,95,1,44,2,2022-10-04T21:08:09Z
Infantry Mobility Vehicles,Russia,https://upload.wikimedia.org/wikipedia/en/thumb/f/f3/Flag_of_Russia.svg/23px-Flag_of_Russia.svg.png,GAZ Tigr-M,destroyed,https://twitter.com/RALee85/status/1558454515820535808,102,142,95,1,44,2,2022-10-04T21:08:09Z
Infantry Mobility Vehicles,Russia,https://upload.wikimedia.org/wikipedia/en/thumb/f/f3/Flag_of_Russia.svg/23px-Flag_of_Russia.svg.png,GAZ Tigr-M,destroyed,https://i.postimg.cc/vZRf920n/t1.jpg,102,142,95,1,44,2,2022-10-04T21:08:09Z
Infantry Mobility Vehicles,Russia,https://upload.wikimedia.org/wikipedia/en/thumb/f/f3/Flag_of_Russia.svg/23px-Flag_of_Russia.svg.png,GAZ Tigr-M,destroyed,https://i.postimg.cc/qv8nGcF5/t2.jpg,102,142,95,1,44,2,2022-10-04T21:08:09Z
Infantry Mobility Vehicles,Russia,https://upload.wikimedia.org/wikipedia/en/thumb/f/f3/Flag_of_Russia.svg/23px-Flag_of_Russia.svg.png,GAZ Tigr-M,destroyed,https://i.postimg.cc/QxmWhD7V/1084-Tigr-M.jpg,102,142,95,1,44,2,2022-10-04T21:08:09Z
Infantry Mobility Vehicles,Russia,https://upload.wikimedia.org/wikipedia/en/thumb/f/f3/Flag_of_Russia.svg/23px-Flag_of_Russia.svg.png,GAZ Tigr-M,destroyed,https://i.postimg.cc/9QfwfkPb/1085-Tigr-M.jpg,102,142,95,1,44,2,2022-10-04T21:08:09Z
Infantry Mobility Vehicles,Russia,https://upload.wikimedia.org/wikipedia/en/thumb/f/f3/Flag_of_Russia.svg/23px-Flag_of_Russia.svg.png,GAZ Tigr-M,destroyed,https://twitter.com/UAWeapons/status/1561765335904260098,102,142,95,1,44,2,2022-10-04T21:08:09Z
Infantry Mobility Vehicles,Russia,https://upload.wikimedia.org/wikipedia/en/thumb/f/f3/Flag_of_Russia.svg/23px-Flag_of_Russia.svg.png,GAZ Tigr-M,destroyed,https://twitter.com/UAWeapons/status/1568552147821764610,102,142,95,1,44,2,2022-10-04T21:08:09Z
Infantry Mobility Vehicles,Russia,https://upload.wikimedia.org/wikipedia/en/thumb/f/f3/Flag_of_Russia.svg/23px-Flag_of_Russia.svg.png,GAZ Tigr-M,destroyed,https://twitter.com/UAWeapons/status/1568552147821764610,102,142,95,1,44,2,2022-10-04T21:08:09Z
Infantry Mobility Vehicles,Russia,https://upload.wikimedia.org/wikipedia/en/thumb/f/f3/Flag_of_Russia.svg/23px-Flag_of_Russia.svg.png,GAZ Tigr-M,destroyed,https://postimg.cc/ZCGsX68Z,102,142,95,1,44,2,2022-10-04T21:08:09Z
Infantry Mobility Vehicles,Russia,https://upload.wikimedia.org/wikipedia/en/thumb/f/f3/Flag_of_Russia.svg/23px-Flag_of_Russia.svg.png,GAZ Tigr-M,destroyed,https://i.postimg.cc/QC8YL8TB/54g.png,102,142,95,1,44,2,2022-10-04T21:08:09Z
Infantry Mobility Vehicles,Russia,https://upload.wikimedia.org/wikipedia/en/thumb/f/f3/Flag_of_Russia.svg/23px-Flag_of_Russia.svg.png,GAZ Tigr-M,destroyed,https://twitter.com/UAWeapons/status/1570410876863143939,102,142,95,1,44,2,2022-10-04T21:08:09Z
Infantry Mobility Vehicles,Russia,https://upload.wikimedia.org/wikipedia/en/thumb/f/f3/Flag_of_Russia.svg/23px-Flag_of_Russia.svg.png,GAZ Tigr-M,destroyed,https://i.postimg.cc/L58q5067/2022-09-15-GAZ-Tigr-M.jpg,102,142,95,1,44,2,2022-10-04T21:08:09Z
Infantry Mobility Vehicles,Russia,https://upload.wikimedia.org/wikipedia/en/thumb/f/f3/Flag_of_Russia.svg/23px-Flag_of_Russia.svg.png,GAZ Tigr-M,destroyed,https://i.postimg.cc/90WkxyHp/1011-tigr-m.jpg,102,142,95,1,44,2,2022-10-04T21:08:09Z
Infantry Mobility Vehicles,Russia,https://upload.wikimedia.org/wikipedia/en/thumb/f/f3/Flag_of_Russia.svg/23px-Flag_of_Russia.svg.png,GAZ Tigr-M,destroyed,https://i.postimg.cc/XY7HLgVy/2x-Gaz-Tigr-M.png,102,142,95,1,44,2,2022-10-04T21:08:09Z
Infantry Mobility Vehicles,Russia,https://upload.wikimedia.org/wikipedia/en/thumb/f/f3/Flag_of_Russia.svg/23px-Flag_of_Russia.svg.png,GAZ Tigr-M,destroyed,https://i.postimg.cc/XY7HLgVy/2x-Gaz-Tigr-M.png,102,142,95,1,44,2,2022-10-04T21:08:09Z
Infantry Mobility Vehicles,Russia,https://upload.wikimedia.org/wikipedia/en/thumb/f/f3/Flag_of_Russia.svg/23px-Flag_of_Russia.svg.png,GAZ Tigr-M,destroyed,https://twitter.com/UAWeapons/status/1575820275484352514,102,142,95,1,44,2,2022-10-04T21:08:09Z
Infantry Mobility Vehicles,Russia,https://upload.wikimedia.org/wikipedia/en/thumb/f/f3/Flag_of_Russia.svg/23px-Flag_of_Russia.svg.png,GAZ Tigr-M,destroyed,https://i.postimg.cc/8cQT1XDn/1007-tigr-m-destr.jpg,102,142,95,1,44,2,2022-10-04T21:08:09Z
Infantry Mobility Vehicles,Russia,https://upload.wikimedia.org/wikipedia/en/thumb/f/f3/Flag_of_Russia.svg/23px-Flag_of_Russia.svg.png,GAZ Tigr-M,destroyed,https://i.postimg.cc/qB6Qcb9G/1006-tigr-m.jpg,102,142,95,1,44,2,2022-10-04T21:08:09Z
Infantry Mobility Vehicles,Russia,https://upload.wikimedia.org/wikipedia/en/thumb/f/f3/Flag_of_Russia.svg/23px-Flag_of_Russia.svg.png,GAZ Tigr-M,destroyed,https://i.postimg.cc/D09ddJ6B/1004-GAZ-Tigr-M-destr.jpg,102,142,95,1,44,2,2022-10-04T21:08:09Z
Infantry Mobility Vehicles,Russia,https://upload.wikimedia.org/wikipedia/en/thumb/f/f3/Flag_of_Russia.svg/23px-Flag_of_Russia.svg.png,GAZ Tigr-M,damaged,https://i.postimg.cc/ZKDrDbck/85.png,102,142,95,1,44,2,2022-10-04T21:08:09Z
Infantry Mobility Vehicles,Russia,https://upload.wikimedia.org/wikipedia/en/thumb/f/f3/Flag_of_Russia.svg/23px-Flag_of_Russia.svg.png,GAZ Tigr-M,damaged,https://i.postimg.cc/50gTqtJF/35g.png,102,142,95,1,44,2,2022-10-04T21:08:09Z
Infantry Mobility Vehicles,Russia,https://upload.wikimedia.org/wikipedia/en/thumb/f/f3/Flag_of_Russia.svg/23px-Flag_of_Russia.svg.png,GAZ Tigr-M,captured,https://i.postimg.cc/TYnZsP1T/f1.png,102,142,95,1,44,2,2022-10-04T21:08:09Z
Infantry Mobility Vehicles,Russia,https://upload.wikimedia.org/wikipedia/en/thumb/f/f3/Flag_of_Russia.svg/23px-Flag_of_Russia.svg.png,GAZ Tigr-M,captured,https://i.postimg.cc/BbVkvq1j/450.png,102,142,95,1,44,2,2022-10-04T21:08:09Z
Infantry Mobility Vehicles,Russia,https://upload.wikimedia.org/wikipedia/en/thumb/f/f3/Flag_of_Russia.svg/23px-Flag_of_Russia.svg.png,GAZ Tigr-M,captured,https://i.postimg.cc/DZysb6p8/41.png,102,142,95,1,44,2,2022-10-04T21:08:09Z
Infantry Mobility Vehicles,Russia,https://upload.wikimedia.org/wikipedia/en/thumb/f/f3/Flag_of_Russia.svg/23px-Flag_of_Russia.svg.png,GAZ Tigr-M,captured,https://i.postimg.cc/pL2jmr8d/3359.png,102,142,95,1,44,2,2022-10-04T21:08:09Z
Infantry Mobility Vehicles,Russia,https://upload.wikimedia.org/wikipedia/en/thumb/f/f3/Flag_of_Russia.svg/23px-Flag_of_Russia.svg.png,GAZ Tigr-M,captured,https://i.postimg.cc/gkpDYMB3/ff4.png,102,142,95,1,44,2,2022-10-04T21:08:09Z
Infantry Mobility Vehicles,Russia,https://upload.wikimedia.org/wikipedia/en/thumb/f/f3/Flag_of_Russia.svg/23px-Flag_of_Russia.svg.png,GAZ Tigr-M,captured,https://i.postimg.cc/L5tqXF8f/4431.png,102,142,95,1,44,2,2022-10-04T21:08:09Z
Infantry Mobility Vehicles,Russia,https://upload.wikimedia.org/wikipedia/en/thumb/f/f3/Flag_of_Russia.svg/23px-Flag_of_Russia.svg.png,GAZ Tigr-M,captured,https://i.postimg.cc/7YrWKjhP/5544.png,102,142,95,1,44,2,2022-10-04T21:08:09Z
Infantry Mobility Vehicles,Russia,https://upload.wikimedia.org/wikipedia/en/thumb/f/f3/Flag_of_Russia.svg/23px-Flag_of_Russia.svg.png,GAZ Tigr-M,captured,https://i.postimg.cc/wB3Qr50G/7j.jpg,102,142,95,1,44,2,2022-10-04T21:08:09Z
Infantry Mobility Vehicles,Russia,https://upload.wikimedia.org/wikipedia/en/thumb/f/f3/Flag_of_Russia.svg/23px-Flag_of_Russia.svg.png,GAZ Tigr-M,captured,https://i.postimg.cc/0y3rs57q/43113.png,102,142,95,1,44,2,2022-10-04T21:08:09Z
Infantry Mobility Vehicles,Russia,https://upload.wikimedia.org/wikipedia/en/thumb/f/f3/Flag_of_Russia.svg/23px-Flag_of_Russia.svg.png,GAZ Tigr-M,captured,https://i.postimg.cc/gJJfdqTc/7j.png,102,142,95,1,44,2,2022-10-04T21:08:09Z
Infantry Mobility Vehicles,Russia,https://upload.wikimedia.org/wikipedia/en/thumb/f/f3/Flag_of_Russia.svg/23px-Flag_of_Russia.svg.png,GAZ Tigr-M,captured,https://i.postimg.cc/q7CHr66G/4890.png,102,142,95,1,44,2,2022-10-04T21:08:09Z
Infantry Mobility Vehicles,Russia,https://upload.wikimedia.org/wikipedia/en/thumb/f/f3/Flag_of_Russia.svg/23px-Flag_of_Russia.svg.png,GAZ Tigr-M,captured,https://i.postimg.cc/L5KZcNnf/ty.png,102,142,95,1,44,2,2022-10-04T21:08:09Z
Infantry Mobility Vehicles,Russia,https://upload.wikimedia.org/wikipedia/en/thumb/f/f3/Flag_of_Russia.svg/23px-Flag_of_Russia.svg.png,GAZ Tigr-M,captured,https://i.postimg.cc/P55LH5wM/25.png,102,142,95,1,44,2,2022-10-04T21:08:09Z
Infantry Mobility Vehicles,Russia,https://upload.wikimedia.org/wikipedia/en/thumb/f/f3/Flag_of_Russia.svg/23px-Flag_of_Russia.svg.png,GAZ Tigr-M,captured,https://i.postimg.cc/kGy4r0MZ/j0.jpg,102,142,95,1,44,2,2022-10-04T21:08:09Z
Infantry Mobility Vehicles,Russia,https://upload.wikimedia.org/wikipedia/en/thumb/f/f3/Flag_of_Russia.svg/23px-Flag_of_Russia.svg.png,GAZ Tigr-M,captured,https://i.postimg.cc/t45RJGBy/449.png,102,142,95,1,44,2,2022-10-04T21:08:09Z
Infantry Mobility Vehicles,Russia,https://upload.wikimedia.org/wikipedia/en/thumb/f/f3/Flag_of_Russia.svg/23px-Flag_of_Russia.svg.png,GAZ Tigr-M,captured,https://i.postimg.cc/63xrN82L/6899.jpg,102,142,95,1,44,2,2022-10-04T21:08:09Z
Infantry Mobility Vehicles,Russia,https://upload.wikimedia.org/wikipedia/en/thumb/f/f3/Flag_of_Russia.svg/23px-Flag_of_Russia.svg.png,GAZ Tigr-M,captured,https://i.postimg.cc/63xrN82L/6899.jpg,102,142,95,1,44,2,2022-10-04T21:08:09Z
Infantry Mobility Vehicles,Russia,https://upload.wikimedia.org/wikipedia/en/thumb/f/f3/Flag_of_Russia.svg/23px-Flag_of_Russia.svg.png,GAZ Tigr-M,captured,https://i.postimg.cc/kgGKrSR2/77.png,102,142,95,1,44,2,2022-10-04T21:08:09Z
Infantry Mobility Vehicles,Russia,https://upload.wikimedia.org/wikipedia/en/thumb/f/f3/Flag_of_Russia.svg/23px-Flag_of_Russia.svg.png,GAZ Tigr-M,captured,https://i.postimg.cc/TP0nt3pD/c1.jpg,102,142,95,1,44,2,2022-10-04T21:08:09Z
Infantry Mobility Vehicles,Russia,https://upload.wikimedia.org/wikipedia/en/thumb/f/f3/Flag_of_Russia.svg/23px-Flag_of_Russia.svg.png,GAZ Tigr-M,captured,https://twitter.com/UAWeapons/status/1512430960054317056,102,142,95,1,44,2,2022-10-04T21:08:09Z
Infantry Mobility Vehicles,Russia,https://upload.wikimedia.org/wikipedia/en/thumb/f/f3/Flag_of_Russia.svg/23px-Flag_of_Russia.svg.png,GAZ Tigr-M,captured,https://i.postimg.cc/YqLQXqct/6888.jpg,102,142,95,1,44,2,2022-10-04T21:08:09Z
Infantry Mobility Vehicles,Russia,https://upload.wikimedia.org/wikipedia/en/thumb/f/f3/Flag_of_Russia.svg/23px-Flag_of_Russia.svg.png,GAZ Tigr-M,captured,https://i.postimg.cc/GhNxNwm8/7j.jpg,102,142,95,1,44,2,2022-10-04T21:08:09Z
Infantry Mobility Vehicles,Russia,https://upload.wikimedia.org/wikipedia/en/thumb/f/f3/Flag_of_Russia.svg/23px-Flag_of_Russia.svg.png,GAZ Tigr-M,captured,https://i.postimg.cc/Pr4HqYDj/3221.jpg,102,142,95,1,44,2,2022-10-04T21:08:09Z
Infantry Mobility Vehicles,Russia,https://upload.wikimedia.org/wikipedia/en/thumb/f/f3/Flag_of_Russia.svg/23px-Flag_of_Russia.svg.png,GAZ Tigr-M,captured,https://i.postimg.cc/dVQxVhc7/58p.png,102,142,95,1,44,2,2022-10-04T21:08:09Z
Infantry Mobility Vehicles,Russia,https://upload.wikimedia.org/wikipedia/en/thumb/f/f3/Flag_of_Russia.svg/23px-Flag_of_Russia.svg.png,GAZ Tigr-M,captured,https://i.postimg.cc/JzBRKYtc/5j.png,102,142,95,1,44,2,2022-10-04T21:08:09Z
Infantry Mobility Vehicles,Russia,https://upload.wikimedia.org/wikipedia/en/thumb/f/f3/Flag_of_Russia.svg/23px-Flag_of_Russia.svg.png,GAZ Tigr-M,damaged,https://i.postimg.cc/XqyHHVHS/382.png,102,142,95,1,44,2,2022-10-04T21:08:09Z
Infantry Mobility Vehicles,Russia,https://upload.wikimedia.org/wikipedia/en/thumb/f/f3/Flag_of_Russia.svg/23px-Flag_of_Russia.svg.png,GAZ Tigr-M,captured,https://twitter.com/UAWeapons/status/1575137334529507330,102,142,95,1,44,2,2022-10-04T21:08:09Z
Infantry Mobility Vehicles,Russia,https://upload.wikimedia.org/wikipedia/en/thumb/f/f3/Flag_of_Russia.svg/23px-Flag_of_Russia.svg.png,GAZ Tigr-M,captured,https://twitter.com/UAWeapons/status/1575449638861152256,102,142,95,1,44,2,2022-10-04T21:08:09Z
Infantry Mobility Vehicles,Russia,https://upload.wikimedia.org/wikipedia/en/thumb/f/f3/Flag_of_Russia.svg/23px-Flag_of_Russia.svg.png,GAZ Tigr-M,captured,https://i.postimg.cc/pd7XnV7n/1001-tigr-m.jpg,102,142,95,1,44,2,2022-10-04T21:08:09Z
Infantry Mobility Vehicles,Russia,https://upload.wikimedia.org/wikipedia/en/thumb/f/f3/Flag_of_Russia.svg/23px-Flag_of_Russia.svg.png,GAZ Tigr-M,captured,https://i.postimg.cc/rs2VQnqV/1008-tigr-m-capt.jpg,102,142,95,1,44,2,2022-10-04T21:08:09Z
Infantry Mobility Vehicles,Russia,https://upload.wikimedia.org/wikipedia/en/thumb/0/03/Flag_of_Italy.svg/23px-Flag_of_Italy.svg.png,Iveco LMV Rys,destroyed,https://i.postimg.cc/TPmCH0KS/ff2.png,26,142,95,1,44,2,2022-10-04T21:08:09Z
Infantry Mobility Vehicles,Russia,https://upload.wikimedia.org/wikipedia/en/thumb/0/03/Flag_of_Italy.svg/23px-Flag_of_Italy.svg.png,Iveco LMV Rys,destroyed,https://i.postimg.cc/fyNCwrR4/Screenshot-8447.png,26,142,95,1,44,2,2022-10-04T21:08:09Z
Infantry Mobility Vehicles,Russia,https://upload.wikimedia.org/wikipedia/en/thumb/0/03/Flag_of_Italy.svg/23px-Flag_of_Italy.svg.png,Iveco LMV Rys,destroyed,https://i.postimg.cc/5y3npSgL/345.png,26,142,95,1,44,2,2022-10-04T21:08:09Z
Infantry Mobility Vehicles,Russia,https://upload.wikimedia.org/wikipedia/en/thumb/0/03/Flag_of_Italy.svg/23px-Flag_of_Italy.svg.png,Iveco LMV Rys,destroyed,https://i.postimg.cc/cJnJnpW9/479.png,26,142,95,1,44,2,2022-10-04T21:08:09Z
Infantry Mobility Vehicles,Russia,https://upload.wikimedia.org/wikipedia/en/thumb/0/03/Flag_of_Italy.svg/23px-Flag_of_Italy.svg.png,Iveco LMV Rys,destroyed,https://i.postimg.cc/ydwY5tgX/i2.jpg,26,142,95,1,44,2,2022-10-04T21:08:09Z
Infantry Mobility Vehicles,Russia,https://upload.wikimedia.org/wikipedia/en/thumb/0/03/Flag_of_Italy.svg/23px-Flag_of_Italy.svg.png,Iveco LMV Rys,destroyed,https://i.postimg.cc/wxmBJqZW/i3.jpg,26,142,95,1,44,2,2022-10-04T21:08:09Z
Infantry Mobility Vehicles,Russia,https://upload.wikimedia.org/wikipedia/en/thumb/0/03/Flag_of_Italy.svg/23px-Flag_of_Italy.svg.png,Iveco LMV Rys,destroyed,https://i.postimg.cc/3xnr7d0w/i4.jpg,26,142,95,1,44,2,2022-10-04T21:08:09Z
Infantry Mobility Vehicles,Russia,https://upload.wikimedia.org/wikipedia/en/thumb/0/03/Flag_of_Italy.svg/23px-Flag_of_Italy.svg.png,Iveco LMV Rys,destroyed,https://i.postimg.cc/BQmRnDpR/770.png,26,142,95,1,44,2,2022-10-04T21:08:09Z
Infantry Mobility Vehicles,Russia,https://upload.wikimedia.org/wikipedia/en/thumb/0/03/Flag_of_Italy.svg/23px-Flag_of_Italy.svg.png,Iveco LMV Rys,destroyed,https://i.postimg.cc/zXv6Mfw5/v0.png,26,142,95,1,44,2,2022-10-04T21:08:09Z
Infantry Mobility Vehicles,Russia,https://upload.wikimedia.org/wikipedia/en/thumb/0/03/Flag_of_Italy.svg/23px-Flag_of_Italy.svg.png,Iveco LMV Rys,destroyed,https://i.postimg.cc/qBtRsq1b/17.png,26,142,95,1,44,2,2022-10-04T21:08:09Z
Infantry Mobility Vehicles,Russia,https://upload.wikimedia.org/wikipedia/en/thumb/0/03/Flag_of_Italy.svg/23px-Flag_of_Italy.svg.png,Iveco LMV Rys,destroyed,https://i.postimg.cc/j2NrXP8f/f8.png,26,142,95,1,44,2,2022-10-04T21:08:09Z
Infantry Mobility Vehicles,Russia,https://upload.wikimedia.org/wikipedia/en/thumb/0/03/Flag_of_Italy.svg/23px-Flag_of_Italy.svg.png,Iveco LMV Rys,destroyed,https://i.postimg.cc/B6bJC48P/4f.png,26,142,95,1,44,2,2022-10-04T21:08:09Z
Infantry Mobility Vehicles,Russia,https://upload.wikimedia.org/wikipedia/en/thumb/0/03/Flag_of_Italy.svg/23px-Flag_of_Italy.svg.png,Iveco LMV Rys,destroyed,https://i.postimg.cc/1z9HFPch/776.png,26,142,95,1,44,2,2022-10-04T21:08:09Z
Infantry Mobility Vehicles,Russia,https://upload.wikimedia.org/wikipedia/en/thumb/0/03/Flag_of_Italy.svg/23px-Flag_of_Italy.svg.png,Iveco LMV Rys,destroyed,https://i.postimg.cc/xCQgwyfb/43.jpg,26,142,95,1,44,2,2022-10-04T21:08:09Z
Infantry Mobility Vehicles,Russia,https://upload.wikimedia.org/wikipedia/en/thumb/0/03/Flag_of_Italy.svg/23px-Flag_of_Italy.svg.png,Iveco LMV Rys,destroyed,https://twitter.com/UAWeapons/status/1523768935933693953,26,142,95,1,44,2,2022-10-04T21:08:09Z
Infantry Mobility Vehicles,Russia,https://upload.wikimedia.org/wikipedia/en/thumb/0/03/Flag_of_Italy.svg/23px-Flag_of_Italy.svg.png,Iveco LMV Rys,destroyed,https://twitter.com/UAWeapons/status/1523768935933693953,26,142,95,1,44,2,2022-10-04T21:08:09Z
Infantry Mobility Vehicles,Russia,https://upload.wikimedia.org/wikipedia/en/thumb/0/03/Flag_of_Italy.svg/23px-Flag_of_Italy.svg.png,Iveco LMV Rys,destroyed,https://i.postimg.cc/ZK7DcBf8/666555.jpg,26,142,95,1,44,2,2022-10-04T21:08:09Z
Infantry Mobility Vehicles,Russia,https://upload.wikimedia.org/wikipedia/en/thumb/0/03/Flag_of_Italy.svg/23px-Flag_of_Italy.svg.png,Iveco LMV Rys,destroyed,https://i.postimg.cc/xTBprXjF/1025.jpg,26,142,95,1,44,2,2022-10-04T21:08:09Z
Infantry Mobility Vehicles,Russia,https://upload.wikimedia.org/wikipedia/en/thumb/0/03/Flag_of_Italy.svg/23px-Flag_of_Italy.svg.png,Iveco LMV Rys,destroyed,https://i.postimg.cc/zGz7j1NL/43.png,26,142,95,1,44,2,2022-10-04T21:08:09Z
Infantry Mobility Vehicles,Russia,https://upload.wikimedia.org/wikipedia/en/thumb/0/03/Flag_of_Italy.svg/23px-Flag_of_Italy.svg.png,Iveco LMV Rys,destroyed,https://i.postimg.cc/Df5fg6L8/1010-Iveco-LMV-Rys-destr.jpg,26,142,95,1,44,2,2022-10-04T21:08:09Z
Infantry Mobility Vehicles,Russia,https://upload.wikimedia.org/wikipedia/en/thumb/0/03/Flag_of_Italy.svg/23px-Flag_of_Italy.svg.png,Iveco LMV Rys,damaged,https://i.postimg.cc/4xrt6Lwt/542.png,26,142,95,1,44,2,2022-10-04T21:08:09Z
Infantry Mobility Vehicles,Russia,https://upload.wikimedia.org/wikipedia/en/thumb/0/03/Flag_of_Italy.svg/23px-Flag_of_Italy.svg.png,Iveco LMV Rys,damaged,https://i.postimg.cc/7YV8ty42/6j.png,26,142,95,1,44,2,2022-10-04T21:08:09Z
Infantry Mobility Vehicles,Russia,https://upload.wikimedia.org/wikipedia/en/thumb/0/03/Flag_of_Italy.svg/23px-Flag_of_Italy.svg.png,Iveco LMV Rys,damaged,https://i.postimg.cc/4d4Bvtwn/1024.jpg,26,142,95,1,44,2,2022-10-04T21:08:09Z
Infantry Mobility Vehicles,Russia,https://upload.wikimedia.org/wikipedia/en/thumb/0/03/Flag_of_Italy.svg/23px-Flag_of_Italy.svg.png,Iveco LMV Rys,captured,https://i.postimg.cc/C5gfTFhF/680o.png,26,142,95,1,44,2,2022-10-04T21:08:09Z
Infantry Mobility Vehicles,Russia,https://upload.wikimedia.org/wikipedia/en/thumb/0/03/Flag_of_Italy.svg/23px-Flag_of_Italy.svg.png,Iveco LMV Rys,damaged,https://twitter.com/UAWeapons/status/1567533093568892928,26,142,95,1,44,2,2022-10-04T21:08:09Z
Infantry Mobility Vehicles,Russia,https://upload.wikimedia.org/wikipedia/en/thumb/0/03/Flag_of_Italy.svg/23px-Flag_of_Italy.svg.png,Iveco LMV Rys,damaged,https://twitter.com/UAWeapons/status/1569049877882994692,26,142,95,1,44,2,2022-10-04T21:08:09Z
Command Posts And Communications Stations,Russia,https://upload.wikimedia.org/wikipedia/commons/thumb/a/a9/Flag_of_the_Soviet_Union.svg/23px-Flag_of_the_Soviet_Union.svg.png,BMP-1KSh command and staff vehicle,destroyed,https://i.postimg.cc/0yvPnDBt/570.png,9,164,83,7,74,NA,2022-10-04T21:08:09Z
Command Posts And Communications Stations,Russia,https://upload.wikimedia.org/wikipedia/commons/thumb/a/a9/Flag_of_the_Soviet_Union.svg/23px-Flag_of_the_Soviet_Union.svg.png,BMP-1KSh command and staff vehicle,destroyed,https://i.postimg.cc/MpV7xPwk/3321.jpg,9,164,83,7,74,NA,2022-10-04T21:08:09Z
Command Posts And Communications Stations,Russia,https://upload.wikimedia.org/wikipedia/commons/thumb/a/a9/Flag_of_the_Soviet_Union.svg/23px-Flag_of_the_Soviet_Union.svg.png,BMP-1KSh command and staff vehicle,destroyed,https://i.postimg.cc/3Rwy43kG/g52.jpg,9,164,83,7,74,NA,2022-10-04T21:08:09Z
Command Posts And Communications Stations,Russia,https://upload.wikimedia.org/wikipedia/commons/thumb/a/a9/Flag_of_the_Soviet_Union.svg/23px-Flag_of_the_Soviet_Union.svg.png,BMP-1KSh command and staff vehicle,destroyed,https://twitter.com/RALee85/status/1544015117389631490,9,164,83,7,74,NA,2022-10-04T21:08:09Z
Command Posts And Communications Stations,Russia,https://upload.wikimedia.org/wikipedia/commons/thumb/a/a9/Flag_of_the_Soviet_Union.svg/23px-Flag_of_the_Soviet_Union.svg.png,BMP-1KSh command and staff vehicle,destroyed,https://i.postimg.cc/85RjYmHq/1080-BMD-1-KSh-A.jpg,9,164,83,7,74,NA,2022-10-04T21:08:09Z
Command Posts And Communications Stations,Russia,https://upload.wikimedia.org/wikipedia/commons/thumb/a/a9/Flag_of_the_Soviet_Union.svg/23px-Flag_of_the_Soviet_Union.svg.png,BMP-1KSh command and staff vehicle,destroyed,https://i.postimg.cc/zvfhbD4d/1086-BMP-1-KSh.jpg,9,164,83,7,74,NA,2022-10-04T21:08:09Z
Command Posts And Communications Stations,Russia,https://upload.wikimedia.org/wikipedia/commons/thumb/a/a9/Flag_of_the_Soviet_Union.svg/23px-Flag_of_the_Soviet_Union.svg.png,BMP-1KSh command and staff vehicle,captured,https://i.postimg.cc/xTFr1xKP/4467.png,9,164,83,7,74,NA,2022-10-04T21:08:09Z
Command Posts And Communications Stations,Russia,https://upload.wikimedia.org/wikipedia/commons/thumb/a/a9/Flag_of_the_Soviet_Union.svg/23px-Flag_of_the_Soviet_Union.svg.png,BMP-1KSh command and staff vehicle,captured,https://i.postimg.cc/rwTTBzGX/332.png,9,164,83,7,74,NA,2022-10-04T21:08:09Z
Command Posts And Communications Stations,Russia,https://upload.wikimedia.org/wikipedia/commons/thumb/a/a9/Flag_of_the_Soviet_Union.svg/23px-Flag_of_the_Soviet_Union.svg.png,BMP-1KSh command and staff vehicle,captured,https://i.postimg.cc/MHLs0Sw0/578.png,9,164,83,7,74,NA,2022-10-04T21:08:09Z
Command Posts And Communications Stations,Russia,https://upload.wikimedia.org/wikipedia/commons/thumb/a/a9/Flag_of_the_Soviet_Union.svg/23px-Flag_of_the_Soviet_Union.svg.png,BMD-1KSh-A command vehicle,destroyed,https://i.postimg.cc/VNbkpMH1/6899.png,5,164,83,7,74,NA,2022-10-04T21:08:09Z
Command Posts And Communications Stations,Russia,https://upload.wikimedia.org/wikipedia/commons/thumb/a/a9/Flag_of_the_Soviet_Union.svg/23px-Flag_of_the_Soviet_Union.svg.png,BMD-1KSh-A command vehicle,destroyed,https://i.postimg.cc/t4Sw4rfn/688.jpg,5,164,83,7,74,NA,2022-10-04T21:08:09Z
Command Posts And Communications Stations,Russia,https://upload.wikimedia.org/wikipedia/commons/thumb/a/a9/Flag_of_the_Soviet_Union.svg/23px-Flag_of_the_Soviet_Union.svg.png,BMD-1KSh-A command vehicle,destroyed,https://i.postimg.cc/wMTvbVRh/232.jpg,5,164,83,7,74,NA,2022-10-04T21:08:09Z
Command Posts And Communications Stations,Russia,https://upload.wikimedia.org/wikipedia/commons/thumb/a/a9/Flag_of_the_Soviet_Union.svg/23px-Flag_of_the_Soviet_Union.svg.png,BMD-1KSh-A command vehicle,captured,https://i.postimg.cc/kXM0JgZv/1023.jpg,5,164,83,7,74,NA,2022-10-04T21:08:09Z
Command Posts And Communications Stations,Russia,https://upload.wikimedia.org/wikipedia/commons/thumb/a/a9/Flag_of_the_Soviet_Union.svg/23px-Flag_of_the_Soviet_Union.svg.png,BMD-1KSh-A command vehicle,captured,https://twitter.com/UAWeapons/status/1569736417047101441,5,164,83,7,74,NA,2022-10-04T21:08:09Z
Command Posts And Communications Stations,Russia,https://upload.wikimedia.org/wikipedia/commons/thumb/a/a9/Flag_of_the_Soviet_Union.svg/23px-Flag_of_the_Soviet_Union.svg.png,BTR-60PU-12M air defence command vehicle,captured,https://i.postimg.cc/65NCK7h7/76.jpg,1,164,83,7,74,NA,2022-10-04T21:08:09Z
Command Posts And Communications Stations,Russia,https://upload.wikimedia.org/wikipedia/commons/thumb/a/a9/Flag_of_the_Soviet_Union.svg/23px-Flag_of_the_Soviet_Union.svg.png,R-145BM1 command vehicle,destroyed,https://i.postimg.cc/7PTFyzdZ/f6.jpg,4,164,83,7,74,NA,2022-10-04T21:08:09Z
Command Posts And Communications Stations,Russia,https://upload.wikimedia.org/wikipedia/commons/thumb/a/a9/Flag_of_the_Soviet_Union.svg/23px-Flag_of_the_Soviet_Union.svg.png,R-145BM1 command vehicle,destroyed,https://twitter.com/UAWeapons/status/1568552147821764610,4,164,83,7,74,NA,2022-10-04T21:08:09Z
Command Posts And Communications Stations,Russia,https://upload.wikimedia.org/wikipedia/commons/thumb/a/a9/Flag_of_the_Soviet_Union.svg/23px-Flag_of_the_Soviet_Union.svg.png,R-145BM1 command vehicle,destroyed,https://i.postimg.cc/C1pgBDS6/R-145-BM1-Derhachi-district.png,4,164,83,7,74,NA,2022-10-04T21:08:09Z
Command Posts And Communications Stations,Russia,https://upload.wikimedia.org/wikipedia/commons/thumb/a/a9/Flag_of_the_Soviet_Union.svg/23px-Flag_of_the_Soviet_Union.svg.png,R-145BM1 command vehicle,captured,https://i.postimg.cc/m2r7GPVb/485.png,4,164,83,7,74,NA,2022-10-04T21:08:09Z
Command Posts And Communications Stations,Russia,https://upload.wikimedia.org/wikipedia/en/thumb/f/f3/Flag_of_Russia.svg/23px-Flag_of_Russia.svg.png,R-145BMA command vehicle,captured,https://twitter.com/UAWeapons/status/1575123760528719875,1,164,83,7,74,NA,2022-10-04T21:08:09Z
Command Posts And Communications Stations,Russia,https://upload.wikimedia.org/wikipedia/commons/thumb/a/a9/Flag_of_the_Soviet_Union.svg/23px-Flag_of_the_Soviet_Union.svg.png,"R-142NSA command and signals vehicle (1, destroyed) (2, destroyed)",destroyed,https://i.postimg.cc/0NDDS05c/1043-R-142-NSA.jpg,2,164,83,7,74,NA,2022-10-04T21:08:09Z
Command Posts And Communications Stations,Russia,https://upload.wikimedia.org/wikipedia/commons/thumb/a/a9/Flag_of_the_Soviet_Union.svg/23px-Flag_of_the_Soviet_Union.svg.png,"R-142NSA command and signals vehicle (1, destroyed) (2, destroyed)",destroyed,https://i.postimg.cc/G2Ndj56v/Screenshot-8192.png,2,164,83,7,74,NA,2022-10-04T21:08:09Z
Command Posts And Communications Stations,Russia,https://upload.wikimedia.org/wikipedia/en/thumb/f/f3/Flag_of_Russia.svg/23px-Flag_of_Russia.svg.png,R-149MA1 command and staff vehicle,destroyed,https://i.postimg.cc/gjrp8521/553.jpg,56,164,83,7,74,NA,2022-10-04T21:08:09Z
Command Posts And Communications Stations,Russia,https://upload.wikimedia.org/wikipedia/en/thumb/f/f3/Flag_of_Russia.svg/23px-Flag_of_Russia.svg.png,R-149MA1 command and staff vehicle,destroyed,https://i.postimg.cc/76946Frp/441.png,56,164,83,7,74,NA,2022-10-04T21:08:09Z
Command Posts And Communications Stations,Russia,https://upload.wikimedia.org/wikipedia/en/thumb/f/f3/Flag_of_Russia.svg/23px-Flag_of_Russia.svg.png,R-149MA1 command and staff vehicle,destroyed,https://i.postimg.cc/VLWsVLQY/47j.png,56,164,83,7,74,NA,2022-10-04T21:08:09Z
Command Posts And Communications Stations,Russia,https://upload.wikimedia.org/wikipedia/en/thumb/f/f3/Flag_of_Russia.svg/23px-Flag_of_Russia.svg.png,R-149MA1 command and staff vehicle,destroyed,https://i.postimg.cc/hPRLQrHQ/469.png,56,164,83,7,74,NA,2022-10-04T21:08:09Z
Command Posts And Communications Stations,Russia,https://upload.wikimedia.org/wikipedia/en/thumb/f/f3/Flag_of_Russia.svg/23px-Flag_of_Russia.svg.png,R-149MA1 command and staff vehicle,destroyed,https://i.postimg.cc/CxXpy0S9/6655.jpg,56,164,83,7,74,NA,2022-10-04T21:08:09Z
Command Posts And Communications Stations,Russia,https://upload.wikimedia.org/wikipedia/en/thumb/f/f3/Flag_of_Russia.svg/23px-Flag_of_Russia.svg.png,R-149MA1 command and staff vehicle,destroyed,https://i.postimg.cc/NjshHtRC/878.png,56,164,83,7,74,NA,2022-10-04T21:08:09Z
Command Posts And Communications Stations,Russia,https://upload.wikimedia.org/wikipedia/en/thumb/f/f3/Flag_of_Russia.svg/23px-Flag_of_Russia.svg.png,R-149MA1 command and staff vehicle,destroyed,https://i.postimg.cc/6QCpSftV/544.png,56,164,83,7,74,NA,2022-10-04T21:08:09Z
Command Posts And Communications Stations,Russia,https://upload.wikimedia.org/wikipedia/en/thumb/f/f3/Flag_of_Russia.svg/23px-Flag_of_Russia.svg.png,R-149MA1 command and staff vehicle,destroyed,https://i.postimg.cc/nzJmLm2t/54gs.png,56,164,83,7,74,NA,2022-10-04T21:08:09Z
Command Posts And Communications Stations,Russia,https://upload.wikimedia.org/wikipedia/en/thumb/f/f3/Flag_of_Russia.svg/23px-Flag_of_Russia.svg.png,R-149MA1 command and staff vehicle,destroyed,https://i.postimg.cc/2yCz5CzC/f4.jpg,56,164,83,7,74,NA,2022-10-04T21:08:09Z
Command Posts And Communications Stations,Russia,https://upload.wikimedia.org/wikipedia/en/thumb/f/f3/Flag_of_Russia.svg/23px-Flag_of_Russia.svg.png,R-149MA1 command and staff vehicle,destroyed,https://i.postimg.cc/sxK3QbX7/f5.jpg,56,164,83,7,74,NA,2022-10-04T21:08:09Z
Command Posts And Communications Stations,Russia,https://upload.wikimedia.org/wikipedia/en/thumb/f/f3/Flag_of_Russia.svg/23px-Flag_of_Russia.svg.png,R-149MA1 command and staff vehicle,destroyed,https://i.postimg.cc/zvS0FffT/1087-R-149-MA1.jpg,56,164,83,7,74,NA,2022-10-04T21:08:09Z
Command Posts And Communications Stations,Russia,https://upload.wikimedia.org/wikipedia/en/thumb/f/f3/Flag_of_Russia.svg/23px-Flag_of_Russia.svg.png,R-149MA1 command and staff vehicle,destroyed,https://twitter.com/UAWeapons/status/1540290449021321216,56,164,83,7,74,NA,2022-10-04T21:08:09Z
Command Posts And Communications Stations,Russia,https://upload.wikimedia.org/wikipedia/en/thumb/f/f3/Flag_of_Russia.svg/23px-Flag_of_Russia.svg.png,R-149MA1 command and staff vehicle,destroyed,https://twitter.com/UAWeapons/status/1536387180611895296,56,164,83,7,74,NA,2022-10-04T21:08:09Z
Command Posts And Communications Stations,Russia,https://upload.wikimedia.org/wikipedia/en/thumb/f/f3/Flag_of_Russia.svg/23px-Flag_of_Russia.svg.png,R-149MA1 command and staff vehicle,destroyed,https://i.postimg.cc/VLWM4CjN/1006.jpg,56,164,83,7,74,NA,2022-10-04T21:08:09Z
Command Posts And Communications Stations,Russia,https://upload.wikimedia.org/wikipedia/en/thumb/f/f3/Flag_of_Russia.svg/23px-Flag_of_Russia.svg.png,R-149MA1 command and staff vehicle,destroyed,https://twitter.com/UAWeapons/status/1556984704728981506,56,164,83,7,74,NA,2022-10-04T21:08:09Z
Command Posts And Communications Stations,Russia,https://upload.wikimedia.org/wikipedia/en/thumb/f/f3/Flag_of_Russia.svg/23px-Flag_of_Russia.svg.png,R-149MA1 command and staff vehicle,destroyed,https://i.postimg.cc/qBSmY4CW/rr32.jpg,56,164,83,7,74,NA,2022-10-04T21:08:09Z
Command Posts And Communications Stations,Russia,https://upload.wikimedia.org/wikipedia/en/thumb/f/f3/Flag_of_Russia.svg/23px-Flag_of_Russia.svg.png,R-149MA1 command and staff vehicle,destroyed,https://twitter.com/UAWeapons/status/1568552147821764610,56,164,83,7,74,NA,2022-10-04T21:08:09Z
Command Posts And Communications Stations,Russia,https://upload.wikimedia.org/wikipedia/en/thumb/f/f3/Flag_of_Russia.svg/23px-Flag_of_Russia.svg.png,R-149MA1 command and staff vehicle,destroyed,https://twitter.com/UAWeapons/status/1568552147821764610,56,164,83,7,74,NA,2022-10-04T21:08:09Z
Command Posts And Communications Stations,Russia,https://upload.wikimedia.org/wikipedia/en/thumb/f/f3/Flag_of_Russia.svg/23px-Flag_of_Russia.svg.png,R-149MA1 command and staff vehicle,destroyed,https://i.postimg.cc/WbyVPvz9/1022-R-149-MA1.jpg,56,164,83,7,74,NA,2022-10-04T21:08:09Z
Command Posts And Communications Stations,Russia,https://upload.wikimedia.org/wikipedia/en/thumb/f/f3/Flag_of_Russia.svg/23px-Flag_of_Russia.svg.png,R-149MA1 command and staff vehicle,destroyed,https://i.postimg.cc/brRzKWTT/1008-R-166-0-5-signal-vehicle.jpg,56,164,83,7,74,NA,2022-10-04T21:08:09Z
Command Posts And Communications Stations,Russia,https://upload.wikimedia.org/wikipedia/en/thumb/f/f3/Flag_of_Russia.svg/23px-Flag_of_Russia.svg.png,R-149MA1 command and staff vehicle,destroyed,https://twitter.com/UAWeapons/status/1569295685689954305,56,164,83,7,74,NA,2022-10-04T21:08:09Z
Command Posts And Communications Stations,Russia,https://upload.wikimedia.org/wikipedia/en/thumb/f/f3/Flag_of_Russia.svg/23px-Flag_of_Russia.svg.png,R-149MA1 command and staff vehicle,captured,https://i.postimg.cc/zGV1nXMQ/2022-09-16-307376118-1414953492323400-3470982148527522066-n.jpg,56,164,83,7,74,NA,2022-10-04T21:08:09Z
Command Posts And Communications Stations,Russia,https://upload.wikimedia.org/wikipedia/en/thumb/f/f3/Flag_of_Russia.svg/23px-Flag_of_Russia.svg.png,R-149MA1 command and staff vehicle,destroyed,https://i.postimg.cc/RZRTd3jc/2022-09-18-R-149-MA1.jpg,56,164,83,7,74,NA,2022-10-04T21:08:09Z
Command Posts And Communications Stations,Russia,https://upload.wikimedia.org/wikipedia/en/thumb/f/f3/Flag_of_Russia.svg/23px-Flag_of_Russia.svg.png,R-149MA1 command and staff vehicle,destroyed,https://i.postimg.cc/pdvXZrd8/268.png,56,164,83,7,74,NA,2022-10-04T21:08:09Z
Command Posts And Communications Stations,Russia,https://upload.wikimedia.org/wikipedia/en/thumb/f/f3/Flag_of_Russia.svg/23px-Flag_of_Russia.svg.png,R-149MA1 command and staff vehicle,destroyed,https://i.postimg.cc/rwG2Ky0d/2022-09-19-R-149-MA1.jpg,56,164,83,7,74,NA,2022-10-04T21:08:09Z
Command Posts And Communications Stations,Russia,https://upload.wikimedia.org/wikipedia/en/thumb/f/f3/Flag_of_Russia.svg/23px-Flag_of_Russia.svg.png,R-149MA1 command and staff vehicle,destroyed,https://i.postimg.cc/Xv6pdvY9/2022-09-15-R-149-MA1.jpg,56,164,83,7,74,NA,2022-10-04T21:08:09Z
Command Posts And Communications Stations,Russia,https://upload.wikimedia.org/wikipedia/en/thumb/f/f3/Flag_of_Russia.svg/23px-Flag_of_Russia.svg.png,R-149MA1 command and staff vehicle,destroyed,https://twitter.com/JimmySecUK/status/1569972968641499136,56,164,83,7,74,NA,2022-10-04T21:08:09Z
Command Posts And Communications Stations,Russia,https://upload.wikimedia.org/wikipedia/en/thumb/f/f3/Flag_of_Russia.svg/23px-Flag_of_Russia.svg.png,R-149MA1 command and staff vehicle,destroyed,https://twitter.com/naalsio26/status/1576664189074305025,56,164,83,7,74,NA,2022-10-04T21:08:09Z
Command Posts And Communications Stations,Russia,https://upload.wikimedia.org/wikipedia/en/thumb/f/f3/Flag_of_Russia.svg/23px-Flag_of_Russia.svg.png,R-149MA1 command and staff vehicle,destroyed,https://i.postimg.cc/HnVJdt4Z/R-149-MA1-destroyed-Izium-district.png,56,164,83,7,74,NA,2022-10-04T21:08:09Z
Command Posts And Communications Stations,Russia,https://upload.wikimedia.org/wikipedia/en/thumb/f/f3/Flag_of_Russia.svg/23px-Flag_of_Russia.svg.png,R-149MA1 command and staff vehicle,abandoned,https://i.postimg.cc/jSgsKMn3/g553.jpg,56,164,83,7,74,NA,2022-10-04T21:08:09Z
Command Posts And Communications Stations,Russia,https://upload.wikimedia.org/wikipedia/en/thumb/f/f3/Flag_of_Russia.svg/23px-Flag_of_Russia.svg.png,R-149MA1 command and staff vehicle,abandoned,https://postlmg.cc/DWr360St,56,164,83,7,74,NA,2022-10-04T21:08:09Z
Command Posts And Communications Stations,Russia,https://upload.wikimedia.org/wikipedia/en/thumb/f/f3/Flag_of_Russia.svg/23px-Flag_of_Russia.svg.png,R-149MA1 command and staff vehicle,abandoned,https://postimg.cc/JDHcKJry,56,164,83,7,74,NA,2022-10-04T21:08:09Z
Command Posts And Communications Stations,Russia,https://upload.wikimedia.org/wikipedia/en/thumb/f/f3/Flag_of_Russia.svg/23px-Flag_of_Russia.svg.png,R-149MA1 command and staff vehicle,captured,https://i.postimg.cc/kgBKhrFT/884.png,56,164,83,7,74,NA,2022-10-04T21:08:09Z
Command Posts And Communications Stations,Russia,https://upload.wikimedia.org/wikipedia/en/thumb/f/f3/Flag_of_Russia.svg/23px-Flag_of_Russia.svg.png,R-149MA1 command and staff vehicle,captured,https://i.postimg.cc/SxdymMYS/f432.png,56,164,83,7,74,NA,2022-10-04T21:08:09Z
Command Posts And Communications Stations,Russia,https://upload.wikimedia.org/wikipedia/en/thumb/f/f3/Flag_of_Russia.svg/23px-Flag_of_Russia.svg.png,R-149MA1 command and staff vehicle,captured,https://i.postimg.cc/hPWjc9Qs/mp.jpg,56,164,83,7,74,NA,2022-10-04T21:08:09Z
Command Posts And Communications Stations,Russia,https://upload.wikimedia.org/wikipedia/en/thumb/f/f3/Flag_of_Russia.svg/23px-Flag_of_Russia.svg.png,R-149MA1 command and staff vehicle,captured,https://i.postimg.cc/P5zsqGHT/3313.png,56,164,83,7,74,NA,2022-10-04T21:08:09Z
Command Posts And Communications Stations,Russia,https://upload.wikimedia.org/wikipedia/en/thumb/f/f3/Flag_of_Russia.svg/23px-Flag_of_Russia.svg.png,R-149MA1 command and staff vehicle,captured,https://i.postimg.cc/FzhWVBty/793.png,56,164,83,7,74,NA,2022-10-04T21:08:09Z
Command Posts And Communications Stations,Russia,https://upload.wikimedia.org/wikipedia/en/thumb/f/f3/Flag_of_Russia.svg/23px-Flag_of_Russia.svg.png,R-149MA1 command and staff vehicle,captured,https://i.postimg.cc/4yYNv559/f7.jpg,56,164,83,7,74,NA,2022-10-04T21:08:09Z
Command Posts And Communications Stations,Russia,https://upload.wikimedia.org/wikipedia/en/thumb/f/f3/Flag_of_Russia.svg/23px-Flag_of_Russia.svg.png,R-149MA1 command and staff vehicle,captured,https://i.postimg.cc/RFcfzjsM/43.png,56,164,83,7,74,NA,2022-10-04T21:08:09Z
Command Posts And Communications Stations,Russia,https://upload.wikimedia.org/wikipedia/en/thumb/f/f3/Flag_of_Russia.svg/23px-Flag_of_Russia.svg.png,R-149MA1 command and staff vehicle,captured,https://i.postimg.cc/Px1S1M0W/7760.jpg,56,164,83,7,74,NA,2022-10-04T21:08:09Z
Command Posts And Communications Stations,Russia,https://upload.wikimedia.org/wikipedia/en/thumb/f/f3/Flag_of_Russia.svg/23px-Flag_of_Russia.svg.png,R-149MA1 command and staff vehicle,captured,https://i.postimg.cc/yNJG3Xpt/776d.jpg,56,164,83,7,74,NA,2022-10-04T21:08:09Z
Command Posts And Communications Stations,Russia,https://upload.wikimedia.org/wikipedia/en/thumb/f/f3/Flag_of_Russia.svg/23px-Flag_of_Russia.svg.png,R-149MA1 command and staff vehicle,captured,https://i.postimg.cc/mZQ9GzMB/87.jpg,56,164,83,7,74,NA,2022-10-04T21:08:09Z
Command Posts And Communications Stations,Russia,https://upload.wikimedia.org/wikipedia/en/thumb/f/f3/Flag_of_Russia.svg/23px-Flag_of_Russia.svg.png,R-149MA1 command and staff vehicle,captured,https://i.postimg.cc/nLndbtWV/328.png,56,164,83,7,74,NA,2022-10-04T21:08:09Z
Command Posts And Communications Stations,Russia,https://upload.wikimedia.org/wikipedia/en/thumb/f/f3/Flag_of_Russia.svg/23px-Flag_of_Russia.svg.png,R-149MA1 command and staff vehicle,captured,https://i.postimg.cc/zGzwY2Qn/6533.png,56,164,83,7,74,NA,2022-10-04T21:08:09Z
Command Posts And Communications Stations,Russia,https://upload.wikimedia.org/wikipedia/en/thumb/f/f3/Flag_of_Russia.svg/23px-Flag_of_Russia.svg.png,R-149MA1 command and staff vehicle,captured,https://i.postimg.cc/hG5hhQJp/59.png,56,164,83,7,74,NA,2022-10-04T21:08:09Z
Command Posts And Communications Stations,Russia,https://upload.wikimedia.org/wikipedia/en/thumb/f/f3/Flag_of_Russia.svg/23px-Flag_of_Russia.svg.png,R-149MA1 command and staff vehicle,captured,https://i.postimg.cc/4NBgyzgY/49.png,56,164,83,7,74,NA,2022-10-04T21:08:09Z
Command Posts And Communications Stations,Russia,https://upload.wikimedia.org/wikipedia/en/thumb/f/f3/Flag_of_Russia.svg/23px-Flag_of_Russia.svg.png,R-149MA1 command and staff vehicle,captured,https://i.postimg.cc/Xq51SPXw/1026-r-166-05.jpg,56,164,83,7,74,NA,2022-10-04T21:08:09Z
Command Posts And Communications Stations,Russia,https://upload.wikimedia.org/wikipedia/en/thumb/f/f3/Flag_of_Russia.svg/23px-Flag_of_Russia.svg.png,R-149MA1 command and staff vehicle,captured,https://twitter.com/CalibreObscura/status/1568282616373059586,56,164,83,7,74,NA,2022-10-04T21:08:09Z
Command Posts And Communications Stations,Russia,https://upload.wikimedia.org/wikipedia/en/thumb/f/f3/Flag_of_Russia.svg/23px-Flag_of_Russia.svg.png,R-149MA1 command and staff vehicle,captured,https://twitter.com/UAWeapons/status/1569043961771163652,56,164,83,7,74,NA,2022-10-04T21:08:09Z
Command Posts And Communications Stations,Russia,https://upload.wikimedia.org/wikipedia/en/thumb/f/f3/Flag_of_Russia.svg/23px-Flag_of_Russia.svg.png,R-149MA1 command and staff vehicle,captured,https://twitter.com/Blue_Sauron/status/1568895598777991169,56,164,83,7,74,NA,2022-10-04T21:08:09Z
Command Posts And Communications Stations,Russia,https://upload.wikimedia.org/wikipedia/en/thumb/f/f3/Flag_of_Russia.svg/23px-Flag_of_Russia.svg.png,R-149MA1 command and staff vehicle,captured,https://twitter.com/UAWeapons/status/1569639365655072770,56,164,83,7,74,NA,2022-10-04T21:08:09Z
Command Posts And Communications Stations,Russia,https://upload.wikimedia.org/wikipedia/en/thumb/f/f3/Flag_of_Russia.svg/23px-Flag_of_Russia.svg.png,R-149MA1 command and staff vehicle,captured,https://twitter.com/JimmySecUK/status/1569972968641499136,56,164,83,7,74,NA,2022-10-04T21:08:09Z
Command Posts And Communications Stations,Russia,https://upload.wikimedia.org/wikipedia/en/thumb/f/f3/Flag_of_Russia.svg/23px-Flag_of_Russia.svg.png,R-149MA1 command and staff vehicle,captured,https://i.postimg.cc/7hcjWvjT/1006-r149ma1.jpg,56,164,83,7,74,NA,2022-10-04T21:08:09Z
Command Posts And Communications Stations,Russia,https://upload.wikimedia.org/wikipedia/en/thumb/f/f3/Flag_of_Russia.svg/23px-Flag_of_Russia.svg.png,R-149MA1 command and staff vehicle,captured,https://i.postimg.cc/1tyw4znz/2022-09-12-R-149-MA1.jpg,56,164,83,7,74,NA,2022-10-04T21:08:09Z
Command Posts And Communications Stations,Russia,https://upload.wikimedia.org/wikipedia/en/thumb/f/f3/Flag_of_Russia.svg/23px-Flag_of_Russia.svg.png,R-149MA1 command and staff vehicle,captured,https://i.postimg.cc/fbQcNH7P/2022-09-24-R-149-MA1-384.jpg,56,164,83,7,74,NA,2022-10-04T21:08:09Z
Command Posts And Communications Stations,Russia,https://upload.wikimedia.org/wikipedia/en/thumb/f/f3/Flag_of_Russia.svg/23px-Flag_of_Russia.svg.png,R-149MA1 command and staff vehicle,captured,https://i.postimg.cc/QdBYb8c1/1014-btr82a-R-149-MA1-capt.png,56,164,83,7,74,NA,2022-10-04T21:08:09Z
Command Posts And Communications Stations,Russia,https://upload.wikimedia.org/wikipedia/en/thumb/f/f3/Flag_of_Russia.svg/23px-Flag_of_Russia.svg.png,R-149MA3 command and staff vehicle,destroyed,https://i.postimg.cc/nzTPBQHM/n1.png,31,164,83,7,74,NA,2022-10-04T21:08:09Z
Command Posts And Communications Stations,Russia,https://upload.wikimedia.org/wikipedia/en/thumb/f/f3/Flag_of_Russia.svg/23px-Flag_of_Russia.svg.png,R-149MA3 command and staff vehicle,destroyed,https://i.postimg.cc/bvBXhTf2/b10.png,31,164,83,7,74,NA,2022-10-04T21:08:09Z
Command Posts And Communications Stations,Russia,https://upload.wikimedia.org/wikipedia/en/thumb/f/f3/Flag_of_Russia.svg/23px-Flag_of_Russia.svg.png,R-149MA3 command and staff vehicle,destroyed,https://i.postimg.cc/BQJHLH9D/3t.png,31,164,83,7,74,NA,2022-10-04T21:08:09Z
Command Posts And Communications Stations,Russia,https://upload.wikimedia.org/wikipedia/en/thumb/f/f3/Flag_of_Russia.svg/23px-Flag_of_Russia.svg.png,R-149MA3 command and staff vehicle,destroyed,https://i.postimg.cc/rFdc9YkL/328.png,31,164,83,7,74,NA,2022-10-04T21:08:09Z
Command Posts And Communications Stations,Russia,https://upload.wikimedia.org/wikipedia/en/thumb/f/f3/Flag_of_Russia.svg/23px-Flag_of_Russia.svg.png,R-149MA3 command and staff vehicle,destroyed,https://i.postimg.cc/gJBq1TXx/531.jpg,31,164,83,7,74,NA,2022-10-04T21:08:09Z
Command Posts And Communications Stations,Russia,https://upload.wikimedia.org/wikipedia/en/thumb/f/f3/Flag_of_Russia.svg/23px-Flag_of_Russia.svg.png,R-149MA3 command and staff vehicle,destroyed,https://i.postimg.cc/NMSDqKd5/4000-r149ma3.jpg,31,164,83,7,74,NA,2022-10-04T21:08:09Z
Command Posts And Communications Stations,Russia,https://upload.wikimedia.org/wikipedia/en/thumb/f/f3/Flag_of_Russia.svg/23px-Flag_of_Russia.svg.png,R-149MA3 command and staff vehicle,destroyed,https://i.postimg.cc/KjqrrJN3/2022-09-11-R-149-MA3.jpg,31,164,83,7,74,NA,2022-10-04T21:08:09Z
Command Posts And Communications Stations,Russia,https://upload.wikimedia.org/wikipedia/en/thumb/f/f3/Flag_of_Russia.svg/23px-Flag_of_Russia.svg.png,R-149MA3 command and staff vehicle,destroyed,https://i.postimg.cc/qqVD5KwH/2022-09-24-R-149-MA3.jpg,31,164,83,7,74,NA,2022-10-04T21:08:09Z
Command Posts And Communications Stations,Russia,https://upload.wikimedia.org/wikipedia/en/thumb/f/f3/Flag_of_Russia.svg/23px-Flag_of_Russia.svg.png,R-149MA3 command and staff vehicle,destroyed,https://i.postimg.cc/DwF5ZPWM/R-149MA3.png,31,164,83,7,74,NA,2022-10-04T21:08:09Z
Command Posts And Communications Stations,Russia,https://upload.wikimedia.org/wikipedia/en/thumb/f/f3/Flag_of_Russia.svg/23px-Flag_of_Russia.svg.png,R-149MA3 command and staff vehicle,damaged,https://i.postimg.cc/q7W198PZ/f431.png,31,164,83,7,74,NA,2022-10-04T21:08:09Z
Command Posts And Communications Stations,Russia,https://upload.wikimedia.org/wikipedia/en/thumb/f/f3/Flag_of_Russia.svg/23px-Flag_of_Russia.svg.png,R-149MA3 command and staff vehicle,damaged,https://i.postimg.cc/65LWg9tK/554.jpg,31,164,83,7,74,NA,2022-10-04T21:08:09Z
Command Posts And Communications Stations,Russia,https://upload.wikimedia.org/wikipedia/en/thumb/f/f3/Flag_of_Russia.svg/23px-Flag_of_Russia.svg.png,R-149MA3 command and staff vehicle,captured,https://i.postimg.cc/cJCm25Z1/n2.png,31,164,83,7,74,NA,2022-10-04T21:08:09Z
Command Posts And Communications Stations,Russia,https://upload.wikimedia.org/wikipedia/en/thumb/f/f3/Flag_of_Russia.svg/23px-Flag_of_Russia.svg.png,R-149MA3 command and staff vehicle,captured,https://i.postimg.cc/qMBBzkFq/Screenshot-8469.png,31,164,83,7,74,NA,2022-10-04T21:08:09Z
Command Posts And Communications Stations,Russia,https://upload.wikimedia.org/wikipedia/en/thumb/f/f3/Flag_of_Russia.svg/23px-Flag_of_Russia.svg.png,R-149MA3 command and staff vehicle,captured,https://i.postimg.cc/qMBBzkFq/Screenshot-8469.png,31,164,83,7,74,NA,2022-10-04T21:08:09Z
Command Posts And Communications Stations,Russia,https://upload.wikimedia.org/wikipedia/en/thumb/f/f3/Flag_of_Russia.svg/23px-Flag_of_Russia.svg.png,R-149MA3 command and staff vehicle,captured,https://i.postimg.cc/66nd8KXn/4g2.jpg,31,164,83,7,74,NA,2022-10-04T21:08:09Z
Command Posts And Communications Stations,Russia,https://upload.wikimedia.org/wikipedia/en/thumb/f/f3/Flag_of_Russia.svg/23px-Flag_of_Russia.svg.png,R-149MA3 command and staff vehicle,captured,https://i.postimg.cc/J0ntzbdY/1003-R-149-MA3.jpg,31,164,83,7,74,NA,2022-10-04T21:08:09Z
Command Posts And Communications Stations,Russia,https://upload.wikimedia.org/wikipedia/en/thumb/f/f3/Flag_of_Russia.svg/23px-Flag_of_Russia.svg.png,R-149MA3 command and staff vehicle,captured,https://i.postimg.cc/fyYhkTDq/1002-R149-M3.jpg,31,164,83,7,74,NA,2022-10-04T21:08:09Z
Command Posts And Communications Stations,Russia,https://upload.wikimedia.org/wikipedia/en/thumb/f/f3/Flag_of_Russia.svg/23px-Flag_of_Russia.svg.png,R-149MA3 command and staff vehicle,damaged,https://i.postimg.cc/dtQ6ZsNN/1003-btr80.jpg,31,164,83,7,74,NA,2022-10-04T21:08:09Z
Command Posts And Communications Stations,Russia,https://upload.wikimedia.org/wikipedia/en/thumb/f/f3/Flag_of_Russia.svg/23px-Flag_of_Russia.svg.png,R-149MA3 command and staff vehicle,captured,https://i.postimg.cc/QxNm91xs/1020-r-149ma3.jpg,31,164,83,7,74,NA,2022-10-04T21:08:09Z
Command Posts And Communications Stations,Russia,https://upload.wikimedia.org/wikipedia/en/thumb/f/f3/Flag_of_Russia.svg/23px-Flag_of_Russia.svg.png,R-149MA3 command and staff vehicle,captured,https://i.postimg.cc/qMmL8qzK/1023-r-149ma3.jpg,31,164,83,7,74,NA,2022-10-04T21:08:09Z
Command Posts And Communications Stations,Russia,https://upload.wikimedia.org/wikipedia/en/thumb/f/f3/Flag_of_Russia.svg/23px-Flag_of_Russia.svg.png,R-149MA3 command and staff vehicle,captured,https://i.postimg.cc/xCK5HPzj/1024-r-149ma3.jpg,31,164,83,7,74,NA,2022-10-04T21:08:09Z
Command Posts And Communications Stations,Russia,https://upload.wikimedia.org/wikipedia/en/thumb/f/f3/Flag_of_Russia.svg/23px-Flag_of_Russia.svg.png,R-149MA3 command and staff vehicle,captured,https://i.postimg.cc/MHy2FbHY/18870.png,31,164,83,7,74,NA,2022-10-04T21:08:09Z
Command Posts And Communications Stations,Russia,https://upload.wikimedia.org/wikipedia/en/thumb/f/f3/Flag_of_Russia.svg/23px-Flag_of_Russia.svg.png,R-149MA3 command and staff vehicle,captured,https://i.postimg.cc/1zNWBRfG/107.png,31,164,83,7,74,NA,2022-10-04T21:08:09Z
Command Posts And Communications Stations,Russia,https://upload.wikimedia.org/wikipedia/en/thumb/f/f3/Flag_of_Russia.svg/23px-Flag_of_Russia.svg.png,R-149MA3 command and staff vehicle,captured,https://twitter.com/JimmySecUK/status/1569972968641499136,31,164,83,7,74,NA,2022-10-04T21:08:09Z
Command Posts And Communications Stations,Russia,https://upload.wikimedia.org/wikipedia/en/thumb/f/f3/Flag_of_Russia.svg/23px-Flag_of_Russia.svg.png,R-149MA3 command and staff vehicle,captured,https://i.postimg.cc/kgBrnNN5/2022-09-13-R-149-MA3-2.jpg,31,164,83,7,74,NA,2022-10-04T21:08:09Z
Command Posts And Communications Stations,Russia,https://upload.wikimedia.org/wikipedia/en/thumb/f/f3/Flag_of_Russia.svg/23px-Flag_of_Russia.svg.png,R-149MA3 command and staff vehicle,captured,https://i.postimg.cc/dVXbD7nj/2022-09-13-R-149-MA3-1.jpg,31,164,83,7,74,NA,2022-10-04T21:08:09Z
Command Posts And Communications Stations,Russia,https://upload.wikimedia.org/wikipedia/en/thumb/f/f3/Flag_of_Russia.svg/23px-Flag_of_Russia.svg.png,R-149MA3 command and staff vehicle,captured,https://i.postimg.cc/9MD7mtQj/2022-09-13-R-149-MA3.jpg,31,164,83,7,74,NA,2022-10-04T21:08:09Z
Command Posts And Communications Stations,Russia,https://upload.wikimedia.org/wikipedia/en/thumb/f/f3/Flag_of_Russia.svg/23px-Flag_of_Russia.svg.png,R-149MA3 command and staff vehicle,captured,https://twitter.com/UAWeapons/status/1573257821952610305,31,164,83,7,74,NA,2022-10-04T21:08:09Z
Command Posts And Communications Stations,Russia,https://upload.wikimedia.org/wikipedia/en/thumb/f/f3/Flag_of_Russia.svg/23px-Flag_of_Russia.svg.png,R-149MA3 command and staff vehicle,captured,https://i.postimg.cc/nr0DG6X5/1005-btr80.jpg,31,164,83,7,74,NA,2022-10-04T21:08:09Z
Command Posts And Communications Stations,Russia,https://upload.wikimedia.org/wikipedia/en/thumb/f/f3/Flag_of_Russia.svg/23px-Flag_of_Russia.svg.png,R-149MA3 command and staff vehicle,captured,https://i.postimg.cc/W1WjD1TZ/1009-R-149-MA3-capt.jpg,31,164,83,7,74,NA,2022-10-04T21:08:09Z
Command Posts And Communications Stations,Russia,https://upload.wikimedia.org/wikipedia/en/thumb/f/f3/Flag_of_Russia.svg/23px-Flag_of_Russia.svg.png,R-149MA3 command and staff vehicle,damaged,https://i.postimg.cc/qvy9mBSj/1013-R-149-MA3-dmg-capt.jpg,31,164,83,7,74,NA,2022-10-04T21:08:09Z
Command Posts And Communications Stations,Russia,https://upload.wikimedia.org/wikipedia/en/thumb/f/f3/Flag_of_Russia.svg/23px-Flag_of_Russia.svg.png,APE-5 command post,destroyed,https://i.postimg.cc/7Z2Hzzzv/ad9.jpg,2,164,83,7,74,NA,2022-10-04T21:08:09Z
Command Posts And Communications Stations,Russia,https://upload.wikimedia.org/wikipedia/en/thumb/f/f3/Flag_of_Russia.svg/23px-Flag_of_Russia.svg.png,APE-5 command post,destroyed,https://i.postimg.cc/7hRs911J/544.jpg,2,164,83,7,74,NA,2022-10-04T21:08:09Z
Command Posts And Communications Stations,Russia,https://upload.wikimedia.org/wikipedia/en/thumb/f/f3/Flag_of_Russia.svg/23px-Flag_of_Russia.svg.png,MSh-5350.1 command vehicle,captured,https://i.postimg.cc/SKbSYcM9/1009.jpg,1,164,83,7,74,NA,2022-10-04T21:08:09Z
Command Posts And Communications Stations,Russia,https://upload.wikimedia.org/wikipedia/en/thumb/f/f3/Flag_of_Russia.svg/23px-Flag_of_Russia.svg.png,9S470M1 (or variant thereof) command post (for Buk-M1/2),destroyed,https://i.postimg.cc/PJDSZJgG/46.png,1,164,83,7,74,NA,2022-10-04T21:08:09Z
Command Posts And Communications Stations,Russia,https://upload.wikimedia.org/wikipedia/en/thumb/f/f3/Flag_of_Russia.svg/23px-Flag_of_Russia.svg.png,Barnaul-T 9С932-1 automated system for air defence units,abandoned,https://i.postimg.cc/fTrQXZpK/g2.jpg,5,164,83,7,74,NA,2022-10-04T21:08:09Z
Command Posts And Communications Stations,Russia,https://upload.wikimedia.org/wikipedia/en/thumb/f/f3/Flag_of_Russia.svg/23px-Flag_of_Russia.svg.png,Barnaul-T 9С932-1 automated system for air defence units,captured,https://i.postimg.cc/PqBBRwbf/557.png,5,164,83,7,74,NA,2022-10-04T21:08:09Z
Command Posts And Communications Stations,Russia,https://upload.wikimedia.org/wikipedia/en/thumb/f/f3/Flag_of_Russia.svg/23px-Flag_of_Russia.svg.png,Barnaul-T 9С932-1 automated system for air defence units,captured,https://i.postimg.cc/7ZVjPfT2/3217.png,5,164,83,7,74,NA,2022-10-04T21:08:09Z
Command Posts And Communications Stations,Russia,https://upload.wikimedia.org/wikipedia/en/thumb/f/f3/Flag_of_Russia.svg/23px-Flag_of_Russia.svg.png,Barnaul-T 9С932-1 automated system for air defence units,captured,https://i.postimg.cc/VL6shSr2/357.jpg,5,164,83,7,74,NA,2022-10-04T21:08:09Z
Command Posts And Communications Stations,Russia,https://upload.wikimedia.org/wikipedia/en/thumb/f/f3/Flag_of_Russia.svg/23px-Flag_of_Russia.svg.png,Barnaul-T 9С932-1 automated system for air defence units,captured,https://i.postimg.cc/xqDwqCrN/887.jpg,5,164,83,7,74,NA,2022-10-04T21:08:09Z
Command Posts And Communications Stations,Russia,https://upload.wikimedia.org/wikipedia/en/thumb/f/f3/Flag_of_Russia.svg/23px-Flag_of_Russia.svg.png,"9S932-2 intelligence, control and command vehicle (for Barnaul-T)",captured,https://i.postimg.cc/sgRgNPnP/1001-9-S932-2.jpg,1,164,83,7,74,NA,2022-10-04T21:08:09Z
Command Posts And Communications Stations,Russia,https://upload.wikimedia.org/wikipedia/en/thumb/f/f3/Flag_of_Russia.svg/23px-Flag_of_Russia.svg.png,Command vehicle for Podlet-K1 low-altitude S-band surveillance radar,destroyed,https://twitter.com/UAWeapons/status/1549523824521216002,1,164,83,7,74,NA,2022-10-04T21:08:09Z
Command Posts And Communications Stations,Russia,https://upload.wikimedia.org/wikipedia/en/thumb/f/f3/Flag_of_Russia.svg/23px-Flag_of_Russia.svg.png,R-149AKSh-1 command and signals vehicle,destroyed,https://i.postimg.cc/WpDRMDHx/v2.jpg,7,164,83,7,74,NA,2022-10-04T21:08:09Z
Command Posts And Communications Stations,Russia,https://upload.wikimedia.org/wikipedia/en/thumb/f/f3/Flag_of_Russia.svg/23px-Flag_of_Russia.svg.png,R-149AKSh-1 command and signals vehicle,destroyed,https://i.postimg.cc/4dS5fxv9/v1.jpg,7,164,83,7,74,NA,2022-10-04T21:08:09Z
Command Posts And Communications Stations,Russia,https://upload.wikimedia.org/wikipedia/en/thumb/f/f3/Flag_of_Russia.svg/23px-Flag_of_Russia.svg.png,R-149AKSh-1 command and signals vehicle,destroyed,https://i.postimg.cc/prT5CBM4/kammazz.jpg,7,164,83,7,74,NA,2022-10-04T21:08:09Z
Command Posts And Communications Stations,Russia,https://upload.wikimedia.org/wikipedia/en/thumb/f/f3/Flag_of_Russia.svg/23px-Flag_of_Russia.svg.png,R-149AKSh-1 command and signals vehicle,destroyed,https://i.postimg.cc/Rhhng7p9/4r.png,7,164,83,7,74,NA,2022-10-04T21:08:09Z
Command Posts And Communications Stations,Russia,https://upload.wikimedia.org/wikipedia/en/thumb/f/f3/Flag_of_Russia.svg/23px-Flag_of_Russia.svg.png,R-149AKSh-1 command and signals vehicle,destroyed,https://i.postimg.cc/zDKVsQR4/3d11.png,7,164,83,7,74,NA,2022-10-04T21:08:09Z
Command Posts And Communications Stations,Russia,https://upload.wikimedia.org/wikipedia/en/thumb/f/f3/Flag_of_Russia.svg/23px-Flag_of_Russia.svg.png,R-149AKSh-1 command and signals vehicle,destroyed,https://twitter.com/UAWeapons/status/1551216224897581057,7,164,83,7,74,NA,2022-10-04T21:08:09Z
Command Posts And Communications Stations,Russia,https://upload.wikimedia.org/wikipedia/en/thumb/f/f3/Flag_of_Russia.svg/23px-Flag_of_Russia.svg.png,R-149AKSh-1 command and signals vehicle,captured,https://twitter.com/UAWeapons/status/1567925068134506496,7,164,83,7,74,NA,2022-10-04T21:08:09Z
Command Posts And Communications Stations,Russia,https://upload.wikimedia.org/wikipedia/en/thumb/f/f3/Flag_of_Russia.svg/23px-Flag_of_Russia.svg.png,R-166-0.5 signals vehicle,destroyed,https://i.postimg.cc/65sVfNzw/57.png,18,164,83,7,74,NA,2022-10-04T21:08:09Z
Command Posts And Communications Stations,Russia,https://upload.wikimedia.org/wikipedia/en/thumb/f/f3/Flag_of_Russia.svg/23px-Flag_of_Russia.svg.png,R-166-0.5 signals vehicle,destroyed,https://i.postimg.cc/9QXKsSGy/43888.png,18,164,83,7,74,NA,2022-10-04T21:08:09Z
Command Posts And Communications Stations,Russia,https://upload.wikimedia.org/wikipedia/en/thumb/f/f3/Flag_of_Russia.svg/23px-Flag_of_Russia.svg.png,R-166-0.5 signals vehicle,destroyed,https://i.postimg.cc/MTSHrP8k/56.png,18,164,83,7,74,NA,2022-10-04T21:08:09Z
Command Posts And Communications Stations,Russia,https://upload.wikimedia.org/wikipedia/en/thumb/f/f3/Flag_of_Russia.svg/23px-Flag_of_Russia.svg.png,R-166-0.5 signals vehicle,destroyed,https://i.postimg.cc/mrPwppT2/3e.jpg,18,164,83,7,74,NA,2022-10-04T21:08:09Z
Command Posts And Communications Stations,Russia,https://upload.wikimedia.org/wikipedia/en/thumb/f/f3/Flag_of_Russia.svg/23px-Flag_of_Russia.svg.png,R-166-0.5 signals vehicle,destroyed,https://i.postimg.cc/4x9D2k4v/377.png,18,164,83,7,74,NA,2022-10-04T21:08:09Z
Command Posts And Communications Stations,Russia,https://upload.wikimedia.org/wikipedia/en/thumb/f/f3/Flag_of_Russia.svg/23px-Flag_of_Russia.svg.png,R-166-0.5 signals vehicle,destroyed,https://i.postimg.cc/Vsx0tKjT/f4.jpg,18,164,83,7,74,NA,2022-10-04T21:08:09Z
Command Posts And Communications Stations,Russia,https://upload.wikimedia.org/wikipedia/en/thumb/f/f3/Flag_of_Russia.svg/23px-Flag_of_Russia.svg.png,R-166-0.5 signals vehicle,destroyed,https://i.postimg.cc/JnHJv3H4/1006-R-166-0-5.jpg,18,164,83,7,74,NA,2022-10-04T21:08:09Z
Command Posts And Communications Stations,Russia,https://upload.wikimedia.org/wikipedia/en/thumb/f/f3/Flag_of_Russia.svg/23px-Flag_of_Russia.svg.png,R-166-0.5 signals vehicle,destroyed,https://i.postimg.cc/90yCPKKv/1088-R-166-0-5.jpg,18,164,83,7,74,NA,2022-10-04T21:08:09Z
Command Posts And Communications Stations,Russia,https://upload.wikimedia.org/wikipedia/en/thumb/f/f3/Flag_of_Russia.svg/23px-Flag_of_Russia.svg.png,R-166-0.5 signals vehicle,destroyed,https://twitter.com/Danspiun/status/1569384896899997699,18,164,83,7,74,NA,2022-10-04T21:08:09Z
Command Posts And Communications Stations,Russia,https://upload.wikimedia.org/wikipedia/en/thumb/f/f3/Flag_of_Russia.svg/23px-Flag_of_Russia.svg.png,R-166-0.5 signals vehicle,destroyed,https://postimg.cc/3W9VWgDQ,18,164,83,7,74,NA,2022-10-04T21:08:09Z
Command Posts And Communications Stations,Russia,https://upload.wikimedia.org/wikipedia/en/thumb/f/f3/Flag_of_Russia.svg/23px-Flag_of_Russia.svg.png,R-166-0.5 signals vehicle,destroyed,https://i.postimg.cc/bvH982yp/1001-Destroyed-R-166-0-5-signals-vehicle.jpg,18,164,83,7,74,NA,2022-10-04T21:08:09Z
Command Posts And Communications Stations,Russia,https://upload.wikimedia.org/wikipedia/en/thumb/f/f3/Flag_of_Russia.svg/23px-Flag_of_Russia.svg.png,R-166-0.5 signals vehicle,abandoned,https://i.postimg.cc/BQ3JL2hJ/g55.png,18,164,83,7,74,NA,2022-10-04T21:08:09Z
Command Posts And Communications Stations,Russia,https://upload.wikimedia.org/wikipedia/en/thumb/f/f3/Flag_of_Russia.svg/23px-Flag_of_Russia.svg.png,R-166-0.5 signals vehicle,damaged,https://i.postimg.cc/DyM4sHc5/21.jpg,18,164,83,7,74,NA,2022-10-04T21:08:09Z
Command Posts And Communications Stations,Russia,https://upload.wikimedia.org/wikipedia/en/thumb/f/f3/Flag_of_Russia.svg/23px-Flag_of_Russia.svg.png,R-166-0.5 signals vehicle,captured,https://i.postimg.cc/hj09FC87/5542.png,18,164,83,7,74,NA,2022-10-04T21:08:09Z
Command Posts And Communications Stations,Russia,https://upload.wikimedia.org/wikipedia/en/thumb/f/f3/Flag_of_Russia.svg/23px-Flag_of_Russia.svg.png,R-166-0.5 signals vehicle,captured,https://postlmg.cc/SXJDzN7W,18,164,83,7,74,NA,2022-10-04T21:08:09Z
Command Posts And Communications Stations,Russia,https://upload.wikimedia.org/wikipedia/en/thumb/f/f3/Flag_of_Russia.svg/23px-Flag_of_Russia.svg.png,R-166-0.5 signals vehicle,captured,https://i.postimg.cc/TwvP9pkB/676.jpg,18,164,83,7,74,NA,2022-10-04T21:08:09Z
Command Posts And Communications Stations,Russia,https://upload.wikimedia.org/wikipedia/en/thumb/f/f3/Flag_of_Russia.svg/23px-Flag_of_Russia.svg.png,R-166-0.5 signals vehicle,captured,https://i.postimg.cc/nVQL8gps/474.jpg,18,164,83,7,74,NA,2022-10-04T21:08:09Z
Command Posts And Communications Stations,Russia,https://upload.wikimedia.org/wikipedia/en/thumb/f/f3/Flag_of_Russia.svg/23px-Flag_of_Russia.svg.png,R-166-0.5 signals vehicle,captured,https://postimg.cc/zyFBRqf5,18,164,83,7,74,NA,2022-10-04T21:08:09Z
Command Posts And Communications Stations,Russia,https://upload.wikimedia.org/wikipedia/en/thumb/f/f3/Flag_of_Russia.svg/23px-Flag_of_Russia.svg.png,P-260 Redut-2US communication system,destroyed,https://i.postimg.cc/4djvx2R9/1004-Redut-2-US-mobile-communication-system.jpg,1,164,83,7,74,NA,2022-10-04T21:08:09Z
Command Posts And Communications Stations,Russia,https://upload.wikimedia.org/wikipedia/en/thumb/f/f3/Flag_of_Russia.svg/23px-Flag_of_Russia.svg.png,R-419L1 communications station,abandoned,https://i.postimg.cc/HWF2jVg6/5588.png,2,164,83,7,74,NA,2022-10-04T21:08:09Z
Command Posts And Communications Stations,Russia,https://upload.wikimedia.org/wikipedia/en/thumb/f/f3/Flag_of_Russia.svg/23px-Flag_of_Russia.svg.png,R-419L1 communications station,destroyed,https://i.postimg.cc/SQ69cYqp/1000-R-419-L1.jpg,2,164,83,7,74,NA,2022-10-04T21:08:09Z
Command Posts And Communications Stations,Russia,https://upload.wikimedia.org/wikipedia/en/thumb/f/f3/Flag_of_Russia.svg/23px-Flag_of_Russia.svg.png,P-260-U signals vehicle (for Redut-2US signal and communications system),destroyed,https://i.postimg.cc/593fccyW/36h.png,1,164,83,7,74,NA,2022-10-04T21:08:09Z
Command Posts And Communications Stations,Russia,https://upload.wikimedia.org/wikipedia/en/thumb/f/f3/Flag_of_Russia.svg/23px-Flag_of_Russia.svg.png,MP-1IM signals vehicle,destroyed,https://i.postimg.cc/9fvZ5KjZ/4.png,3,164,83,7,74,NA,2022-10-04T21:08:09Z
Command Posts And Communications Stations,Russia,https://upload.wikimedia.org/wikipedia/en/thumb/f/f3/Flag_of_Russia.svg/23px-Flag_of_Russia.svg.png,MP-1IM signals vehicle,captured,https://twitter.com/UAWeapons/status/1569418448588922886,3,164,83,7,74,NA,2022-10-04T21:08:09Z
Command Posts And Communications Stations,Russia,https://upload.wikimedia.org/wikipedia/en/thumb/f/f3/Flag_of_Russia.svg/23px-Flag_of_Russia.svg.png,MP-1IM signals vehicle,captured,https://i.postimg.cc/HnjLqcJ3/1000-MP-1-IM-signals-vehicle.jpg,3,164,83,7,74,NA,2022-10-04T21:08:09Z
Command Posts And Communications Stations,Russia,https://upload.wikimedia.org/wikipedia/en/thumb/f/f3/Flag_of_Russia.svg/23px-Flag_of_Russia.svg.png,MP-2IM signals vehicle,abandoned,https://i.postimg.cc/wM1CmTC8/b89.png,2,164,83,7,74,NA,2022-10-04T21:08:09Z
Command Posts And Communications Stations,Russia,https://upload.wikimedia.org/wikipedia/en/thumb/f/f3/Flag_of_Russia.svg/23px-Flag_of_Russia.svg.png,MP-2IM signals vehicle,captured,https://i.postimg.cc/3rcMRpWJ/1025-r149ma1.jpg,2,164,83,7,74,NA,2022-10-04T21:08:09Z
Command Posts And Communications Stations,Russia,https://upload.wikimedia.org/wikipedia/en/thumb/f/f3/Flag_of_Russia.svg/23px-Flag_of_Russia.svg.png,R-439-MD2 SatCom Station,destroyed,https://i.postimg.cc/YqR0zD6k/1004-R-439-MD2-Sat-Com-Station.jpg,2,164,83,7,74,NA,2022-10-04T21:08:09Z
Command Posts And Communications Stations,Russia,https://upload.wikimedia.org/wikipedia/en/thumb/f/f3/Flag_of_Russia.svg/23px-Flag_of_Russia.svg.png,R-439-MD2 SatCom Station,destroyed,https://i.postimg.cc/jjkTYvp7/1009-p-439.jpg,2,164,83,7,74,NA,2022-10-04T21:08:09Z
Command Posts And Communications Stations,Russia,https://upload.wikimedia.org/wikipedia/en/thumb/f/f3/Flag_of_Russia.svg/23px-Flag_of_Russia.svg.png,Auriga-1.2V portable satellite communications station,destroyed,https://twitter.com/UAWeapons/status/1561761610653384707,2,164,83,7,74,NA,2022-10-04T21:08:09Z
Command Posts And Communications Stations,Russia,https://upload.wikimedia.org/wikipedia/en/thumb/f/f3/Flag_of_Russia.svg/23px-Flag_of_Russia.svg.png,Auriga-1.2V portable satellite communications station,captured,https://i.postimg.cc/K89Wbk54/1009-auriga-1-2.jpg,2,164,83,7,74,NA,2022-10-04T21:08:09Z
Command Posts And Communications Stations,Russia,https://upload.wikimedia.org/wikipedia/en/thumb/f/f3/Flag_of_Russia.svg/23px-Flag_of_Russia.svg.png,R-381T2M 1.5-3000 MHz radio monitoring station from a modernized R-381TM Taran-M automatic signals intelligence complex,captured,https://twitter.com/UAWeapons/status/1570456587575218176,1,164,83,7,74,NA,2022-10-04T21:08:09Z
Command Posts And Communications Stations,Russia,https://upload.wikimedia.org/wikipedia/en/thumb/f/f3/Flag_of_Russia.svg/23px-Flag_of_Russia.svg.png,Unknown communications station based on the KamAZ 6x6,destroyed,https://i.postimg.cc/nz96tZjZ/665.jpg,6,164,83,7,74,NA,2022-10-04T21:08:09Z
Command Posts And Communications Stations,Russia,https://upload.wikimedia.org/wikipedia/en/thumb/f/f3/Flag_of_Russia.svg/23px-Flag_of_Russia.svg.png,Unknown communications station based on the KamAZ 6x6,destroyed,https://i.postimg.cc/dQ9WZJqg/5g.jpg,6,164,83,7,74,NA,2022-10-04T21:08:09Z
Command Posts And Communications Stations,Russia,https://upload.wikimedia.org/wikipedia/en/thumb/f/f3/Flag_of_Russia.svg/23px-Flag_of_Russia.svg.png,Unknown communications station based on the KamAZ 6x6,destroyed,https://i.postimg.cc/FKjdyfpS/1006.jpg,6,164,83,7,74,NA,2022-10-04T21:08:09Z
Command Posts And Communications Stations,Russia,https://upload.wikimedia.org/wikipedia/en/thumb/f/f3/Flag_of_Russia.svg/23px-Flag_of_Russia.svg.png,Unknown communications station based on the KamAZ 6x6,destroyed,https://i.postimg.cc/X7nH9fx0/1028.jpg,6,164,83,7,74,NA,2022-10-04T21:08:09Z
Command Posts And Communications Stations,Russia,https://upload.wikimedia.org/wikipedia/en/thumb/f/f3/Flag_of_Russia.svg/23px-Flag_of_Russia.svg.png,Unknown communications station based on the KamAZ 6x6,destroyed,https://i.postimg.cc/L6vyDJ0g/1029.jpg,6,164,83,7,74,NA,2022-10-04T21:08:09Z
Command Posts And Communications Stations,Russia,https://upload.wikimedia.org/wikipedia/en/thumb/f/f3/Flag_of_Russia.svg/23px-Flag_of_Russia.svg.png,Unknown communications station based on the KamAZ 6x6,damaged,https://i.postimg.cc/DfxxKLnD/84.png,6,164,83,7,74,NA,2022-10-04T21:08:09Z
Command Posts And Communications Stations,Russia,https://upload.wikimedia.org/wikipedia/en/thumb/f/f3/Flag_of_Russia.svg/23px-Flag_of_Russia.svg.png,Unknown communications station,destroyed,https://i.postimg.cc/43B99JVP/57.png,1,164,83,7,74,NA,2022-10-04T21:08:09Z
Engineering Vehicles And Equipment,Russia,https://upload.wikimedia.org/wikipedia/commons/thumb/a/a9/Flag_of_the_Soviet_Union.svg/23px-Flag_of_the_Soviet_Union.svg.png,UR-67 mine clearing charge on BTR-D APC,captured,https://i.postimg.cc/RZ6Qvh6C/4689.png,1,220,87,39,91,3,2022-10-04T21:08:09Z
Engineering Vehicles And Equipment,Russia,https://upload.wikimedia.org/wikipedia/commons/thumb/a/a9/Flag_of_the_Soviet_Union.svg/23px-Flag_of_the_Soviet_Union.svg.png,UR-77 'Meteorit' mine clearing vehicle,destroyed,https://i.postimg.cc/JnHjSKMn/d1g.png,19,220,87,39,91,3,2022-10-04T21:08:09Z
Engineering Vehicles And Equipment,Russia,https://upload.wikimedia.org/wikipedia/commons/thumb/a/a9/Flag_of_the_Soviet_Union.svg/23px-Flag_of_the_Soviet_Union.svg.png,UR-77 'Meteorit' mine clearing vehicle,destroyed,https://i.postimg.cc/kXgfzxLc/18.png,19,220,87,39,91,3,2022-10-04T21:08:09Z
Engineering Vehicles And Equipment,Russia,https://upload.wikimedia.org/wikipedia/commons/thumb/a/a9/Flag_of_the_Soviet_Union.svg/23px-Flag_of_the_Soviet_Union.svg.png,UR-77 'Meteorit' mine clearing vehicle,destroyed,https://i.postimg.cc/KY66ntZp/6h.png,19,220,87,39,91,3,2022-10-04T21:08:09Z
Engineering Vehicles And Equipment,Russia,https://upload.wikimedia.org/wikipedia/commons/thumb/a/a9/Flag_of_the_Soviet_Union.svg/23px-Flag_of_the_Soviet_Union.svg.png,UR-77 'Meteorit' mine clearing vehicle,destroyed,https://i.postimg.cc/MGQ4KXy7/357.png,19,220,87,39,91,3,2022-10-04T21:08:09Z
Engineering Vehicles And Equipment,Russia,https://upload.wikimedia.org/wikipedia/commons/thumb/a/a9/Flag_of_the_Soviet_Union.svg/23px-Flag_of_the_Soviet_Union.svg.png,UR-77 'Meteorit' mine clearing vehicle,abandoned,https://i.postimg.cc/rppvJs6P/jj.jpg,19,220,87,39,91,3,2022-10-04T21:08:09Z
Engineering Vehicles And Equipment,Russia,https://upload.wikimedia.org/wikipedia/commons/thumb/a/a9/Flag_of_the_Soviet_Union.svg/23px-Flag_of_the_Soviet_Union.svg.png,UR-77 'Meteorit' mine clearing vehicle,abandoned,https://i.postimg.cc/kg2sTMNt/874.jpg,19,220,87,39,91,3,2022-10-04T21:08:09Z
Engineering Vehicles And Equipment,Russia,https://upload.wikimedia.org/wikipedia/commons/thumb/a/a9/Flag_of_the_Soviet_Union.svg/23px-Flag_of_the_Soviet_Union.svg.png,UR-77 'Meteorit' mine clearing vehicle,captured,https://i.postimg.cc/cCYk2x7p/3v.png,19,220,87,39,91,3,2022-10-04T21:08:09Z
Engineering Vehicles And Equipment,Russia,https://upload.wikimedia.org/wikipedia/commons/thumb/a/a9/Flag_of_the_Soviet_Union.svg/23px-Flag_of_the_Soviet_Union.svg.png,UR-77 'Meteorit' mine clearing vehicle,captured,https://i.postimg.cc/LsvJmvb8/d23.png,19,220,87,39,91,3,2022-10-04T21:08:09Z
Engineering Vehicles And Equipment,Russia,https://upload.wikimedia.org/wikipedia/commons/thumb/a/a9/Flag_of_the_Soviet_Union.svg/23px-Flag_of_the_Soviet_Union.svg.png,UR-77 'Meteorit' mine clearing vehicle,captured,https://i.postimg.cc/L5KQWwN3/dfg.png,19,220,87,39,91,3,2022-10-04T21:08:09Z
Engineering Vehicles And Equipment,Russia,https://upload.wikimedia.org/wikipedia/commons/thumb/a/a9/Flag_of_the_Soviet_Union.svg/23px-Flag_of_the_Soviet_Union.svg.png,UR-77 'Meteorit' mine clearing vehicle,captured,https://i.postimg.cc/hth2jxzy/2o9.jpg,19,220,87,39,91,3,2022-10-04T21:08:09Z
Engineering Vehicles And Equipment,Russia,https://upload.wikimedia.org/wikipedia/commons/thumb/a/a9/Flag_of_the_Soviet_Union.svg/23px-Flag_of_the_Soviet_Union.svg.png,UR-77 'Meteorit' mine clearing vehicle,captured,https://i.postimg.cc/2SKG8Qg0/4311.png,19,220,87,39,91,3,2022-10-04T21:08:09Z
Engineering Vehicles And Equipment,Russia,https://upload.wikimedia.org/wikipedia/commons/thumb/a/a9/Flag_of_the_Soviet_Union.svg/23px-Flag_of_the_Soviet_Union.svg.png,UR-77 'Meteorit' mine clearing vehicle,captured,https://i.postimg.cc/vZ102s4z/73.jpg,19,220,87,39,91,3,2022-10-04T21:08:09Z
Engineering Vehicles And Equipment,Russia,https://upload.wikimedia.org/wikipedia/commons/thumb/a/a9/Flag_of_the_Soviet_Union.svg/23px-Flag_of_the_Soviet_Union.svg.png,UR-77 'Meteorit' mine clearing vehicle,captured,https://i.postimg.cc/52mKQRjc/87.jpg,19,220,87,39,91,3,2022-10-04T21:08:09Z
Engineering Vehicles And Equipment,Russia,https://upload.wikimedia.org/wikipedia/commons/thumb/a/a9/Flag_of_the_Soviet_Union.svg/23px-Flag_of_the_Soviet_Union.svg.png,UR-77 'Meteorit' mine clearing vehicle,captured,https://i.postimg.cc/q7kqm4Cq/1004-UR77.jpg,19,220,87,39,91,3,2022-10-04T21:08:09Z
Engineering Vehicles And Equipment,Russia,https://upload.wikimedia.org/wikipedia/commons/thumb/a/a9/Flag_of_the_Soviet_Union.svg/23px-Flag_of_the_Soviet_Union.svg.png,UR-77 'Meteorit' mine clearing vehicle,captured,https://twitter.com/Blue_Sauron/status/1568895598777991169,19,220,87,39,91,3,2022-10-04T21:08:09Z
Engineering Vehicles And Equipment,Russia,https://upload.wikimedia.org/wikipedia/commons/thumb/a/a9/Flag_of_the_Soviet_Union.svg/23px-Flag_of_the_Soviet_Union.svg.png,UR-77 'Meteorit' mine clearing vehicle,captured,https://i.postimg.cc/4xqQS0vN/1022-ur77.jpg,19,220,87,39,91,3,2022-10-04T21:08:09Z
Engineering Vehicles And Equipment,Russia,https://upload.wikimedia.org/wikipedia/commons/thumb/a/a9/Flag_of_the_Soviet_Union.svg/23px-Flag_of_the_Soviet_Union.svg.png,UR-77 'Meteorit' mine clearing vehicle,captured,https://twitter.com/UAWeapons/status/1570342741913268225,19,220,87,39,91,3,2022-10-04T21:08:09Z
Engineering Vehicles And Equipment,Russia,https://upload.wikimedia.org/wikipedia/commons/thumb/a/a9/Flag_of_the_Soviet_Union.svg/23px-Flag_of_the_Soviet_Union.svg.png,UR-77 'Meteorit' mine clearing vehicle,captured,https://twitter.com/UAWeapons/status/1572936489314426883,19,220,87,39,91,3,2022-10-04T21:08:09Z
Engineering Vehicles And Equipment,Russia,https://upload.wikimedia.org/wikipedia/commons/thumb/a/a9/Flag_of_the_Soviet_Union.svg/23px-Flag_of_the_Soviet_Union.svg.png,UR-77 'Meteorit' mine clearing vehicle,captured,https://twitter.com/UAWeapons/status/1573697820699271168,19,220,87,39,91,3,2022-10-04T21:08:09Z
Engineering Vehicles And Equipment,Russia,https://upload.wikimedia.org/wikipedia/commons/thumb/a/a9/Flag_of_the_Soviet_Union.svg/23px-Flag_of_the_Soviet_Union.svg.png,GMZ-3 minelayer,captured,https://i.postimg.cc/wTmtwnYL/f79.png,2,220,87,39,91,3,2022-10-04T21:08:09Z
Engineering Vehicles And Equipment,Russia,https://upload.wikimedia.org/wikipedia/commons/thumb/a/a9/Flag_of_the_Soviet_Union.svg/23px-Flag_of_the_Soviet_Union.svg.png,GMZ-3 minelayer,captured,https://i.postimg.cc/NMCsWzrC/1015-GMZ3.jpg,2,220,87,39,91,3,2022-10-04T21:08:09Z
Engineering Vehicles And Equipment,Russia,https://upload.wikimedia.org/wikipedia/commons/thumb/a/a9/Flag_of_the_Soviet_Union.svg/23px-Flag_of_the_Soviet_Union.svg.png,RKhM-6 Povozka,destroyed,https://i.postimg.cc/NG8KrfS1/4315.png,4,220,87,39,91,3,2022-10-04T21:08:09Z
Engineering Vehicles And Equipment,Russia,https://upload.wikimedia.org/wikipedia/commons/thumb/a/a9/Flag_of_the_Soviet_Union.svg/23px-Flag_of_the_Soviet_Union.svg.png,RKhM-6 Povozka,destroyed,https://i.postimg.cc/VN4xdbdL/489.png,4,220,87,39,91,3,2022-10-04T21:08:09Z
Engineering Vehicles And Equipment,Russia,https://upload.wikimedia.org/wikipedia/commons/thumb/a/a9/Flag_of_the_Soviet_Union.svg/23px-Flag_of_the_Soviet_Union.svg.png,RKhM-6 Povozka,destroyed,https://i.postimg.cc/Hkc4GppB/4436.png,4,220,87,39,91,3,2022-10-04T21:08:09Z
Engineering Vehicles And Equipment,Russia,https://upload.wikimedia.org/wikipedia/commons/thumb/a/a9/Flag_of_the_Soviet_Union.svg/23px-Flag_of_the_Soviet_Union.svg.png,RKhM-6 Povozka,destroyed,https://i.postimg.cc/pXBzH5Qc/554.png,4,220,87,39,91,3,2022-10-04T21:08:09Z
Engineering Vehicles And Equipment,Russia,https://upload.wikimedia.org/wikipedia/commons/thumb/a/a9/Flag_of_the_Soviet_Union.svg/23px-Flag_of_the_Soviet_Union.svg.png,RKhM-6 CBRN reconnaissance vehicle,destroyed,https://twitter.com/UAWeapons/status/1569057880027832327,1,220,87,39,91,3,2022-10-04T21:08:09Z
Engineering Vehicles And Equipment,Russia,https://upload.wikimedia.org/wikipedia/commons/thumb/a/a9/Flag_of_the_Soviet_Union.svg/23px-Flag_of_the_Soviet_Union.svg.png,BAT-2 heavy engineering vehicle,destroyed,https://i.postimg.cc/vmBPJS7W/5570.png,7,220,87,39,91,3,2022-10-04T21:08:09Z
Engineering Vehicles And Equipment,Russia,https://upload.wikimedia.org/wikipedia/commons/thumb/a/a9/Flag_of_the_Soviet_Union.svg/23px-Flag_of_the_Soviet_Union.svg.png,BAT-2 heavy engineering vehicle,destroyed,https://i.postimg.cc/wMkkqNzn/77.jpg,7,220,87,39,91,3,2022-10-04T21:08:09Z
Engineering Vehicles And Equipment,Russia,https://upload.wikimedia.org/wikipedia/commons/thumb/a/a9/Flag_of_the_Soviet_Union.svg/23px-Flag_of_the_Soviet_Union.svg.png,BAT-2 heavy engineering vehicle,destroyed,https://twitter.com/UAWeapons/status/1536723515633713152,7,220,87,39,91,3,2022-10-04T21:08:09Z
Engineering Vehicles And Equipment,Russia,https://upload.wikimedia.org/wikipedia/commons/thumb/a/a9/Flag_of_the_Soviet_Union.svg/23px-Flag_of_the_Soviet_Union.svg.png,BAT-2 heavy engineering vehicle,captured,https://i.postimg.cc/L43d0fPV/679.jpg,7,220,87,39,91,3,2022-10-04T21:08:09Z
Engineering Vehicles And Equipment,Russia,https://upload.wikimedia.org/wikipedia/commons/thumb/a/a9/Flag_of_the_Soviet_Union.svg/23px-Flag_of_the_Soviet_Union.svg.png,BAT-2 heavy engineering vehicle,captured,https://i.postimg.cc/MTt8ymNz/7j.jpg,7,220,87,39,91,3,2022-10-04T21:08:09Z
Engineering Vehicles And Equipment,Russia,https://upload.wikimedia.org/wikipedia/commons/thumb/a/a9/Flag_of_the_Soviet_Union.svg/23px-Flag_of_the_Soviet_Union.svg.png,BAT-2 heavy engineering vehicle,captured,https://postimg.cc/wtPXX08d,7,220,87,39,91,3,2022-10-04T21:08:09Z
Engineering Vehicles And Equipment,Russia,https://upload.wikimedia.org/wikipedia/commons/thumb/a/a9/Flag_of_the_Soviet_Union.svg/23px-Flag_of_the_Soviet_Union.svg.png,BAT-2 heavy engineering vehicle,captured,https://i.postimg.cc/4dt0n9Cj/1002-bat2.jpg,7,220,87,39,91,3,2022-10-04T21:08:09Z
Engineering Vehicles And Equipment,Russia,https://upload.wikimedia.org/wikipedia/commons/thumb/a/a9/Flag_of_the_Soviet_Union.svg/23px-Flag_of_the_Soviet_Union.svg.png,MDK-3 trench-digging vehicle,destroyed,https://i.postimg.cc/8CK2DQyr/1001-MDK-3-trench-digging-vehicle.jpg,2,220,87,39,91,3,2022-10-04T21:08:09Z
Engineering Vehicles And Equipment,Russia,https://upload.wikimedia.org/wikipedia/commons/thumb/a/a9/Flag_of_the_Soviet_Union.svg/23px-Flag_of_the_Soviet_Union.svg.png,MDK-3 trench-digging vehicle,captured,https://i.postimg.cc/V6MwNVdy/678.jpg,2,220,87,39,91,3,2022-10-04T21:08:09Z
Engineering Vehicles And Equipment,Russia,https://upload.wikimedia.org/wikipedia/commons/thumb/a/a9/Flag_of_the_Soviet_Union.svg/23px-Flag_of_the_Soviet_Union.svg.png,PZM-2 trench-digging vehicle,captured,https://i.postimg.cc/pTRdMqjT/2022-05-16-PZM-2.jpg,1,220,87,39,91,3,2022-10-04T21:08:09Z
Engineering Vehicles And Equipment,Russia,https://upload.wikimedia.org/wikipedia/commons/thumb/a/a9/Flag_of_the_Soviet_Union.svg/23px-Flag_of_the_Soviet_Union.svg.png,BTS-4A armoured recovery vehicle,captured,https://i.postimg.cc/YCpFWxWy/326.jpg,1,220,87,39,91,3,2022-10-04T21:08:09Z
Engineering Vehicles And Equipment,Russia,https://upload.wikimedia.org/wikipedia/commons/thumb/a/a9/Flag_of_the_Soviet_Union.svg/23px-Flag_of_the_Soviet_Union.svg.png,BREM-1 armoured recovery vehicle,destroyed,https://i.postimg.cc/h45Xz03k/g99.jpg,20,220,87,39,91,3,2022-10-04T21:08:09Z
Engineering Vehicles And Equipment,Russia,https://upload.wikimedia.org/wikipedia/commons/thumb/a/a9/Flag_of_the_Soviet_Union.svg/23px-Flag_of_the_Soviet_Union.svg.png,BREM-1 armoured recovery vehicle,destroyed,https://i.postimg.cc/3JtnQvpZ/1501-BREM-1-2.jpg,20,220,87,39,91,3,2022-10-04T21:08:09Z
Engineering Vehicles And Equipment,Russia,https://upload.wikimedia.org/wikipedia/commons/thumb/a/a9/Flag_of_the_Soviet_Union.svg/23px-Flag_of_the_Soviet_Union.svg.png,BREM-1 armoured recovery vehicle,destroyed,https://twitter.com/UAWeapons/status/1569405928914538496,20,220,87,39,91,3,2022-10-04T21:08:09Z
Engineering Vehicles And Equipment,Russia,https://upload.wikimedia.org/wikipedia/commons/thumb/a/a9/Flag_of_the_Soviet_Union.svg/23px-Flag_of_the_Soviet_Union.svg.png,BREM-1 armoured recovery vehicle,abandoned,https://i.postimg.cc/J06KWRhW/460.png,20,220,87,39,91,3,2022-10-04T21:08:09Z
Engineering Vehicles And Equipment,Russia,https://upload.wikimedia.org/wikipedia/commons/thumb/a/a9/Flag_of_the_Soviet_Union.svg/23px-Flag_of_the_Soviet_Union.svg.png,BREM-1 armoured recovery vehicle,abandoned,https://i.postimg.cc/yxvxyCTy/54.jpg,20,220,87,39,91,3,2022-10-04T21:08:09Z
Engineering Vehicles And Equipment,Russia,https://upload.wikimedia.org/wikipedia/commons/thumb/a/a9/Flag_of_the_Soviet_Union.svg/23px-Flag_of_the_Soviet_Union.svg.png,BREM-1 armoured recovery vehicle,abandoned,https://i.postimg.cc/ydK0fB0M/336.jpg,20,220,87,39,91,3,2022-10-04T21:08:09Z
Engineering Vehicles And Equipment,Russia,https://upload.wikimedia.org/wikipedia/commons/thumb/a/a9/Flag_of_the_Soviet_Union.svg/23px-Flag_of_the_Soviet_Union.svg.png,BREM-1 armoured recovery vehicle,captured,https://i.postimg.cc/jjCsCJcK/4f1.png,20,220,87,39,91,3,2022-10-04T21:08:09Z
Engineering Vehicles And Equipment,Russia,https://upload.wikimedia.org/wikipedia/commons/thumb/a/a9/Flag_of_the_Soviet_Union.svg/23px-Flag_of_the_Soviet_Union.svg.png,BREM-1 armoured recovery vehicle,captured,https://i.postimg.cc/nLpYNwFC/6612.jpg,20,220,87,39,91,3,2022-10-04T21:08:09Z
Engineering Vehicles And Equipment,Russia,https://upload.wikimedia.org/wikipedia/commons/thumb/a/a9/Flag_of_the_Soviet_Union.svg/23px-Flag_of_the_Soviet_Union.svg.png,BREM-1 armoured recovery vehicle,captured,https://i.postimg.cc/6QhDBD3N/43f.jpg,20,220,87,39,91,3,2022-10-04T21:08:09Z
Engineering Vehicles And Equipment,Russia,https://upload.wikimedia.org/wikipedia/commons/thumb/a/a9/Flag_of_the_Soviet_Union.svg/23px-Flag_of_the_Soviet_Union.svg.png,BREM-1 armoured recovery vehicle,captured,https://i.postimg.cc/yNws36pc/67.jpg,20,220,87,39,91,3,2022-10-04T21:08:09Z
Engineering Vehicles And Equipment,Russia,https://upload.wikimedia.org/wikipedia/commons/thumb/a/a9/Flag_of_the_Soviet_Union.svg/23px-Flag_of_the_Soviet_Union.svg.png,BREM-1 armoured recovery vehicle,captured,https://i.postimg.cc/C15pzLHk/88.jpg,20,220,87,39,91,3,2022-10-04T21:08:09Z
Engineering Vehicles And Equipment,Russia,https://upload.wikimedia.org/wikipedia/commons/thumb/a/a9/Flag_of_the_Soviet_Union.svg/23px-Flag_of_the_Soviet_Union.svg.png,BREM-1 armoured recovery vehicle,captured,https://i.postimg.cc/yxrD20wD/y6.jpg,20,220,87,39,91,3,2022-10-04T21:08:09Z
Engineering Vehicles And Equipment,Russia,https://upload.wikimedia.org/wikipedia/commons/thumb/a/a9/Flag_of_the_Soviet_Union.svg/23px-Flag_of_the_Soviet_Union.svg.png,BREM-1 armoured recovery vehicle,captured,https://i.postimg.cc/50T9QN8p/87.jpg,20,220,87,39,91,3,2022-10-04T21:08:09Z
Engineering Vehicles And Equipment,Russia,https://upload.wikimedia.org/wikipedia/commons/thumb/a/a9/Flag_of_the_Soviet_Union.svg/23px-Flag_of_the_Soviet_Union.svg.png,BREM-1 armoured recovery vehicle,captured,https://i.postimg.cc/SKgsHmDS/44360.png,20,220,87,39,91,3,2022-10-04T21:08:09Z
Engineering Vehicles And Equipment,Russia,https://upload.wikimedia.org/wikipedia/commons/thumb/a/a9/Flag_of_the_Soviet_Union.svg/23px-Flag_of_the_Soviet_Union.svg.png,BREM-1 armoured recovery vehicle,captured,https://i.postimg.cc/SKgsHmDS/44360.png,20,220,87,39,91,3,2022-10-04T21:08:09Z
Engineering Vehicles And Equipment,Russia,https://upload.wikimedia.org/wikipedia/commons/thumb/a/a9/Flag_of_the_Soviet_Union.svg/23px-Flag_of_the_Soviet_Union.svg.png,BREM-1 armoured recovery vehicle,captured,https://twitter.com/UAWeapons/status/1568992480909205504,20,220,87,39,91,3,2022-10-04T21:08:09Z
Engineering Vehicles And Equipment,Russia,https://upload.wikimedia.org/wikipedia/commons/thumb/a/a9/Flag_of_the_Soviet_Union.svg/23px-Flag_of_the_Soviet_Union.svg.png,BREM-1 armoured recovery vehicle,captured,https://twitter.com/Blue_Sauron/status/1568895598777991169,20,220,87,39,91,3,2022-10-04T21:08:09Z
Engineering Vehicles And Equipment,Russia,https://upload.wikimedia.org/wikipedia/commons/thumb/a/a9/Flag_of_the_Soviet_Union.svg/23px-Flag_of_the_Soviet_Union.svg.png,BREM-1 armoured recovery vehicle,captured,https://i.postimg.cc/GtW8q9kw/378.png,20,220,87,39,91,3,2022-10-04T21:08:09Z
Engineering Vehicles And Equipment,Russia,https://upload.wikimedia.org/wikipedia/commons/thumb/a/a9/Flag_of_the_Soviet_Union.svg/23px-Flag_of_the_Soviet_Union.svg.png,BREM-1 armoured recovery vehicle,captured,https://i.postimg.cc/bJ9fVcz2/1000-brem-1.png,20,220,87,39,91,3,2022-10-04T21:08:09Z
Engineering Vehicles And Equipment,Russia,https://upload.wikimedia.org/wikipedia/commons/thumb/a/a9/Flag_of_the_Soviet_Union.svg/23px-Flag_of_the_Soviet_Union.svg.png,BREM-1 armoured recovery vehicle,captured,https://twitter.com/UAWeapons/status/1576871029003022336,20,220,87,39,91,3,2022-10-04T21:08:09Z
Engineering Vehicles And Equipment,Russia,https://upload.wikimedia.org/wikipedia/commons/thumb/a/a9/Flag_of_the_Soviet_Union.svg/23px-Flag_of_the_Soviet_Union.svg.png,BREM-2 armoured recovery vehicle,captured,https://i.postimg.cc/Tw3ZqJDG/5g55.jpg,1,220,87,39,91,3,2022-10-04T21:08:09Z
Engineering Vehicles And Equipment,Russia,https://upload.wikimedia.org/wikipedia/commons/thumb/c/cb/Flag_of_the_Czech_Republic.svg/23px-Flag_of_the_Czech_Republic.svg.png,BREM-Ch ''BREM-4'' armoured recovery vehicle,destroyed,https://i.postimg.cc/vZwKZj3B/54.png,5,220,87,39,91,3,2022-10-04T21:08:09Z
Engineering Vehicles And Equipment,Russia,https://upload.wikimedia.org/wikipedia/commons/thumb/c/cb/Flag_of_the_Czech_Republic.svg/23px-Flag_of_the_Czech_Republic.svg.png,BREM-Ch ''BREM-4'' armoured recovery vehicle,destroyed,https://i.postimg.cc/hv8CrPwZ/358.png,5,220,87,39,91,3,2022-10-04T21:08:09Z
Engineering Vehicles And Equipment,Russia,https://upload.wikimedia.org/wikipedia/commons/thumb/c/cb/Flag_of_the_Czech_Republic.svg/23px-Flag_of_the_Czech_Republic.svg.png,BREM-Ch ''BREM-4'' armoured recovery vehicle,destroyed,https://postimg.cc/CnYp9Ng0,5,220,87,39,91,3,2022-10-04T21:08:09Z
Engineering Vehicles And Equipment,Russia,https://upload.wikimedia.org/wikipedia/commons/thumb/c/cb/Flag_of_the_Czech_Republic.svg/23px-Flag_of_the_Czech_Republic.svg.png,BREM-Ch ''BREM-4'' armoured recovery vehicle,abandoned,https://i.postimg.cc/NjJtF5qR/4775.png,5,220,87,39,91,3,2022-10-04T21:08:09Z
Engineering Vehicles And Equipment,Russia,https://upload.wikimedia.org/wikipedia/commons/thumb/c/cb/Flag_of_the_Czech_Republic.svg/23px-Flag_of_the_Czech_Republic.svg.png,BREM-Ch ''BREM-4'' armoured recovery vehicle,captured,https://i.postimg.cc/q7tSgdkM/f32.jpg,5,220,87,39,91,3,2022-10-04T21:08:09Z
Engineering Vehicles And Equipment,Russia,https://upload.wikimedia.org/wikipedia/en/thumb/f/f3/Flag_of_Russia.svg/23px-Flag_of_Russia.svg.png,BREM-D armoured recovery vehicle,destroyed,https://i.postimg.cc/j2M9ZzYT/1072-BREM-D.jpg,2,220,87,39,91,3,2022-10-04T21:08:09Z
Engineering Vehicles And Equipment,Russia,https://upload.wikimedia.org/wikipedia/en/thumb/f/f3/Flag_of_Russia.svg/23px-Flag_of_Russia.svg.png,BREM-D armoured recovery vehicle,captured,https://i.postimg.cc/4d0VLM84/1009.jpg,2,220,87,39,91,3,2022-10-04T21:08:09Z
Engineering Vehicles And Equipment,Russia,https://upload.wikimedia.org/wikipedia/en/thumb/f/f3/Flag_of_Russia.svg/23px-Flag_of_Russia.svg.png,BREM-K armoured recovery vehicle,captured,https://i.postimg.cc/mkmwnq7g/760.png,2,220,87,39,91,3,2022-10-04T21:08:09Z
Engineering Vehicles And Equipment,Russia,https://upload.wikimedia.org/wikipedia/en/thumb/f/f3/Flag_of_Russia.svg/23px-Flag_of_Russia.svg.png,BREM-K armoured recovery vehicle,captured,https://i.postimg.cc/QCTQ7QCg/Screenshot-8472.png,2,220,87,39,91,3,2022-10-04T21:08:09Z
Engineering Vehicles And Equipment,Russia,https://upload.wikimedia.org/wikipedia/en/thumb/f/f3/Flag_of_Russia.svg/23px-Flag_of_Russia.svg.png,REM-KL recovery vehicle,destroyed,https://i.postimg.cc/6pqKy17t/arv.jpg,4,220,87,39,91,3,2022-10-04T21:08:09Z
Engineering Vehicles And Equipment,Russia,https://upload.wikimedia.org/wikipedia/en/thumb/f/f3/Flag_of_Russia.svg/23px-Flag_of_Russia.svg.png,REM-KL recovery vehicle,destroyed,https://i.postimg.cc/Pr38LrZ3/1045-REM-KL.jpg,4,220,87,39,91,3,2022-10-04T21:08:09Z
Engineering Vehicles And Equipment,Russia,https://upload.wikimedia.org/wikipedia/en/thumb/f/f3/Flag_of_Russia.svg/23px-Flag_of_Russia.svg.png,REM-KL recovery vehicle,damaged,https://i.postimg.cc/gktrF01S/1001-REM-KL-Kamaz-6x6.jpg,4,220,87,39,91,3,2022-10-04T21:08:09Z
Engineering Vehicles And Equipment,Russia,https://upload.wikimedia.org/wikipedia/en/thumb/f/f3/Flag_of_Russia.svg/23px-Flag_of_Russia.svg.png,REM-KL recovery vehicle,captured,https://i.postimg.cc/6QZqppsj/f8.png,4,220,87,39,91,3,2022-10-04T21:08:09Z
Engineering Vehicles And Equipment,Russia,https://upload.wikimedia.org/wikipedia/en/thumb/f/f3/Flag_of_Russia.svg/23px-Flag_of_Russia.svg.png,MTP-A2 recovery vehicle,destroyed,https://postimg.cc/LJDhBJCm,2,220,87,39,91,3,2022-10-04T21:08:09Z
Engineering Vehicles And Equipment,Russia,https://upload.wikimedia.org/wikipedia/en/thumb/f/f3/Flag_of_Russia.svg/23px-Flag_of_Russia.svg.png,MTP-A2 recovery vehicle,destroyed,https://i.postimg.cc/63qtFWRs/truckk.jpg,2,220,87,39,91,3,2022-10-04T21:08:09Z
Engineering Vehicles And Equipment,Russia,https://upload.wikimedia.org/wikipedia/en/thumb/f/f3/Flag_of_Russia.svg/23px-Flag_of_Russia.svg.png,MTP-A2.1 recovery vehicle,destroyed,https://i.postimg.cc/wxst0mgY/1013.jpg,1,220,87,39,91,3,2022-10-04T21:08:09Z
Engineering Vehicles And Equipment,Russia,https://upload.wikimedia.org/wikipedia/en/thumb/f/f3/Flag_of_Russia.svg/23px-Flag_of_Russia.svg.png,Ural-4320 KET-L recovery vehicle,damaged,https://i.postimg.cc/SsQHDVNQ/5579.png,1,220,87,39,91,3,2022-10-04T21:08:09Z
Engineering Vehicles And Equipment,Russia,https://upload.wikimedia.org/wikipedia/en/thumb/f/f3/Flag_of_Russia.svg/23px-Flag_of_Russia.svg.png,Ural-4320 KT-L recovery vehicle,destroyed,https://i.postimg.cc/k56F4gkW/3dg0.png,4,220,87,39,91,3,2022-10-04T21:08:09Z
Engineering Vehicles And Equipment,Russia,https://upload.wikimedia.org/wikipedia/en/thumb/f/f3/Flag_of_Russia.svg/23px-Flag_of_Russia.svg.png,Ural-4320 KT-L recovery vehicle,destroyed,https://i.postimg.cc/59mzVmtM/1046-Ural-4320-KT-L.jpg,4,220,87,39,91,3,2022-10-04T21:08:09Z
Engineering Vehicles And Equipment,Russia,https://upload.wikimedia.org/wikipedia/en/thumb/f/f3/Flag_of_Russia.svg/23px-Flag_of_Russia.svg.png,Ural-4320 KT-L recovery vehicle,captured,https://i.postimg.cc/qRxkVf5t/113.jpg,4,220,87,39,91,3,2022-10-04T21:08:09Z
Engineering Vehicles And Equipment,Russia,https://upload.wikimedia.org/wikipedia/en/thumb/f/f3/Flag_of_Russia.svg/23px-Flag_of_Russia.svg.png,Ural-4320 KT-L recovery vehicle,captured,https://i.postimg.cc/2yPmSYZz/678.jpg,4,220,87,39,91,3,2022-10-04T21:08:09Z
Engineering Vehicles And Equipment,Russia,https://upload.wikimedia.org/wikipedia/commons/thumb/a/a9/Flag_of_the_Soviet_Union.svg/23px-Flag_of_the_Soviet_Union.svg.png,IMR-2(M) combat engineering vehicle,destroyed,https://i.postimg.cc/xdbysNZ7/5548.png,18,220,87,39,91,3,2022-10-04T21:08:09Z
Engineering Vehicles And Equipment,Russia,https://upload.wikimedia.org/wikipedia/commons/thumb/a/a9/Flag_of_the_Soviet_Union.svg/23px-Flag_of_the_Soviet_Union.svg.png,IMR-2(M) combat engineering vehicle,destroyed,https://i.postimg.cc/KvrcH3BB/1000.jpg,18,220,87,39,91,3,2022-10-04T21:08:09Z
Engineering Vehicles And Equipment,Russia,https://upload.wikimedia.org/wikipedia/commons/thumb/a/a9/Flag_of_the_Soviet_Union.svg/23px-Flag_of_the_Soviet_Union.svg.png,IMR-2(M) combat engineering vehicle,destroyed,https://i.postimg.cc/d18bTNg1/4362.png,18,220,87,39,91,3,2022-10-04T21:08:09Z
Engineering Vehicles And Equipment,Russia,https://upload.wikimedia.org/wikipedia/commons/thumb/a/a9/Flag_of_the_Soviet_Union.svg/23px-Flag_of_the_Soviet_Union.svg.png,IMR-2(M) combat engineering vehicle,destroyed,https://twitter.com/UAWeapons/status/1569292595997675523,18,220,87,39,91,3,2022-10-04T21:08:09Z
Engineering Vehicles And Equipment,Russia,https://upload.wikimedia.org/wikipedia/commons/thumb/a/a9/Flag_of_the_Soviet_Union.svg/23px-Flag_of_the_Soviet_Union.svg.png,IMR-2(M) combat engineering vehicle,destroyed,https://i.postimg.cc/C5FR0yRS/1003-imr2.jpg,18,220,87,39,91,3,2022-10-04T21:08:09Z
Engineering Vehicles And Equipment,Russia,https://upload.wikimedia.org/wikipedia/commons/thumb/a/a9/Flag_of_the_Soviet_Union.svg/23px-Flag_of_the_Soviet_Union.svg.png,IMR-2(M) combat engineering vehicle,destroyed,https://twitter.com/UAWeapons/status/1574379264819941376,18,220,87,39,91,3,2022-10-04T21:08:09Z
Engineering Vehicles And Equipment,Russia,https://upload.wikimedia.org/wikipedia/commons/thumb/a/a9/Flag_of_the_Soviet_Union.svg/23px-Flag_of_the_Soviet_Union.svg.png,IMR-2(M) combat engineering vehicle,destroyed,https://i.postimg.cc/y89pZVy0/1025-imr2.jpg,18,220,87,39,91,3,2022-10-04T21:08:09Z
Engineering Vehicles And Equipment,Russia,https://upload.wikimedia.org/wikipedia/commons/thumb/a/a9/Flag_of_the_Soviet_Union.svg/23px-Flag_of_the_Soviet_Union.svg.png,IMR-2(M) combat engineering vehicle,abandoned,https://i.postimg.cc/Y2Jw09RD/684.png,18,220,87,39,91,3,2022-10-04T21:08:09Z
Engineering Vehicles And Equipment,Russia,https://upload.wikimedia.org/wikipedia/commons/thumb/a/a9/Flag_of_the_Soviet_Union.svg/23px-Flag_of_the_Soviet_Union.svg.png,IMR-2(M) combat engineering vehicle,abandoned,https://i.postimg.cc/w38nDgW5/655.jpg,18,220,87,39,91,3,2022-10-04T21:08:09Z
Engineering Vehicles And Equipment,Russia,https://upload.wikimedia.org/wikipedia/commons/thumb/a/a9/Flag_of_the_Soviet_Union.svg/23px-Flag_of_the_Soviet_Union.svg.png,IMR-2(M) combat engineering vehicle,abandoned,https://i.postimg.cc/B6tqKYCg/1014-IMR2.jpg,18,220,87,39,91,3,2022-10-04T21:08:09Z
Engineering Vehicles And Equipment,Russia,https://upload.wikimedia.org/wikipedia/commons/thumb/a/a9/Flag_of_the_Soviet_Union.svg/23px-Flag_of_the_Soviet_Union.svg.png,IMR-2(M) combat engineering vehicle,captured,https://i.postimg.cc/W3Hvh6fz/3d11.png,18,220,87,39,91,3,2022-10-04T21:08:09Z
Engineering Vehicles And Equipment,Russia,https://upload.wikimedia.org/wikipedia/commons/thumb/a/a9/Flag_of_the_Soviet_Union.svg/23px-Flag_of_the_Soviet_Union.svg.png,IMR-2(M) combat engineering vehicle,captured,https://i.postimg.cc/g2S91zMw/112.png,18,220,87,39,91,3,2022-10-04T21:08:09Z
Engineering Vehicles And Equipment,Russia,https://upload.wikimedia.org/wikipedia/commons/thumb/a/a9/Flag_of_the_Soviet_Union.svg/23px-Flag_of_the_Soviet_Union.svg.png,IMR-2(M) combat engineering vehicle,captured,https://i.postimg.cc/6qdxjZ3m/36h.png,18,220,87,39,91,3,2022-10-04T21:08:09Z
Engineering Vehicles And Equipment,Russia,https://upload.wikimedia.org/wikipedia/commons/thumb/a/a9/Flag_of_the_Soviet_Union.svg/23px-Flag_of_the_Soviet_Union.svg.png,IMR-2(M) combat engineering vehicle,captured,https://i.postimg.cc/KYXppvNB/769.png,18,220,87,39,91,3,2022-10-04T21:08:09Z
Engineering Vehicles And Equipment,Russia,https://upload.wikimedia.org/wikipedia/commons/thumb/a/a9/Flag_of_the_Soviet_Union.svg/23px-Flag_of_the_Soviet_Union.svg.png,IMR-2(M) combat engineering vehicle,captured,https://i.postimg.cc/DZNhJF13/6659.png,18,220,87,39,91,3,2022-10-04T21:08:09Z
Engineering Vehicles And Equipment,Russia,https://upload.wikimedia.org/wikipedia/commons/thumb/a/a9/Flag_of_the_Soviet_Union.svg/23px-Flag_of_the_Soviet_Union.svg.png,IMR-2(M) combat engineering vehicle,damaged,https://twitter.com/UAWeapons/status/1569229469990227970,18,220,87,39,91,3,2022-10-04T21:08:09Z
Engineering Vehicles And Equipment,Russia,https://upload.wikimedia.org/wikipedia/commons/thumb/a/a9/Flag_of_the_Soviet_Union.svg/23px-Flag_of_the_Soviet_Union.svg.png,IMR-2(M) combat engineering vehicle,captured,https://i.postimg.cc/2yqkm7Qk/1017-imr2.jpg,18,220,87,39,91,3,2022-10-04T21:08:09Z
Engineering Vehicles And Equipment,Russia,https://upload.wikimedia.org/wikipedia/commons/thumb/a/a9/Flag_of_the_Soviet_Union.svg/23px-Flag_of_the_Soviet_Union.svg.png,IMR-2(M) combat engineering vehicle,captured,https://i.postimg.cc/jdXx44mT/1003-imr2.png,18,220,87,39,91,3,2022-10-04T21:08:09Z
Engineering Vehicles And Equipment,Russia,https://upload.wikimedia.org/wikipedia/en/thumb/f/f3/Flag_of_Russia.svg/23px-Flag_of_Russia.svg.png,IMR-3M combat engineering vehicle,damaged,https://i.postimg.cc/nhNhsWMr/48.png,1,220,87,39,91,3,2022-10-04T21:08:09Z
Engineering Vehicles And Equipment,Russia,https://upload.wikimedia.org/wikipedia/commons/thumb/a/a9/Flag_of_the_Soviet_Union.svg/23px-Flag_of_the_Soviet_Union.svg.png,PTS-3 tracked amphibious transport,destroyed,https://i.postimg.cc/fLxxvMJ8/4770.png,10,220,87,39,91,3,2022-10-04T21:08:09Z
Engineering Vehicles And Equipment,Russia,https://upload.wikimedia.org/wikipedia/commons/thumb/a/a9/Flag_of_the_Soviet_Union.svg/23px-Flag_of_the_Soviet_Union.svg.png,PTS-3 tracked amphibious transport,destroyed,https://i.postimg.cc/BQ3qcwCh/1027.jpg,10,220,87,39,91,3,2022-10-04T21:08:09Z
Engineering Vehicles And Equipment,Russia,https://upload.wikimedia.org/wikipedia/commons/thumb/a/a9/Flag_of_the_Soviet_Union.svg/23px-Flag_of_the_Soviet_Union.svg.png,PTS-3 tracked amphibious transport,destroyed,https://i.postimg.cc/JzZgB6PQ/5g6.jpg,10,220,87,39,91,3,2022-10-04T21:08:09Z
Engineering Vehicles And Equipment,Russia,https://upload.wikimedia.org/wikipedia/commons/thumb/a/a9/Flag_of_the_Soviet_Union.svg/23px-Flag_of_the_Soviet_Union.svg.png,PTS-3 tracked amphibious transport,destroyed,https://twitter.com/UAWeapons/status/1560705939996643331,10,220,87,39,91,3,2022-10-04T21:08:09Z
Engineering Vehicles And Equipment,Russia,https://upload.wikimedia.org/wikipedia/commons/thumb/a/a9/Flag_of_the_Soviet_Union.svg/23px-Flag_of_the_Soviet_Union.svg.png,PTS-3 tracked amphibious transport,abandoned,https://i.postimg.cc/65MmYqgR/776.jpg,10,220,87,39,91,3,2022-10-04T21:08:09Z
Engineering Vehicles And Equipment,Russia,https://upload.wikimedia.org/wikipedia/commons/thumb/a/a9/Flag_of_the_Soviet_Union.svg/23px-Flag_of_the_Soviet_Union.svg.png,PTS-3 tracked amphibious transport,abandoned,https://i.postimg.cc/Z5VK9XR3/v77.png,10,220,87,39,91,3,2022-10-04T21:08:09Z
Engineering Vehicles And Equipment,Russia,https://upload.wikimedia.org/wikipedia/commons/thumb/a/a9/Flag_of_the_Soviet_Union.svg/23px-Flag_of_the_Soviet_Union.svg.png,PTS-3 tracked amphibious transport,abandoned,https://i.postimg.cc/DzNv6s1w/v88.png,10,220,87,39,91,3,2022-10-04T21:08:09Z
Engineering Vehicles And Equipment,Russia,https://upload.wikimedia.org/wikipedia/commons/thumb/a/a9/Flag_of_the_Soviet_Union.svg/23px-Flag_of_the_Soviet_Union.svg.png,PTS-3 tracked amphibious transport,abandoned,https://i.postimg.cc/sDCVYrG0/431.png,10,220,87,39,91,3,2022-10-04T21:08:09Z
Engineering Vehicles And Equipment,Russia,https://upload.wikimedia.org/wikipedia/commons/thumb/a/a9/Flag_of_the_Soviet_Union.svg/23px-Flag_of_the_Soviet_Union.svg.png,PTS-3 tracked amphibious transport,abandoned,https://twitter.com/UAWeapons/status/1551593956743516160,10,220,87,39,91,3,2022-10-04T21:08:09Z
Engineering Vehicles And Equipment,Russia,https://upload.wikimedia.org/wikipedia/commons/thumb/a/a9/Flag_of_the_Soviet_Union.svg/23px-Flag_of_the_Soviet_Union.svg.png,PTS-3 tracked amphibious transport,captured,https://i.postimg.cc/yxSbRpfX/66.png,10,220,87,39,91,3,2022-10-04T21:08:09Z
Engineering Vehicles And Equipment,Russia,https://upload.wikimedia.org/wikipedia/commons/thumb/a/a9/Flag_of_the_Soviet_Union.svg/23px-Flag_of_the_Soviet_Union.svg.png,TMM-3 bridge layer,destroyed,https://i.postimg.cc/HxVW1CCJ/Screenshot-8212.png,26,220,87,39,91,3,2022-10-04T21:08:09Z
Engineering Vehicles And Equipment,Russia,https://upload.wikimedia.org/wikipedia/commons/thumb/a/a9/Flag_of_the_Soviet_Union.svg/23px-Flag_of_the_Soviet_Union.svg.png,TMM-3 bridge layer,destroyed,https://i.postimg.cc/XNywbSdd/6653.jpg,26,220,87,39,91,3,2022-10-04T21:08:09Z
Engineering Vehicles And Equipment,Russia,https://upload.wikimedia.org/wikipedia/commons/thumb/a/a9/Flag_of_the_Soviet_Union.svg/23px-Flag_of_the_Soviet_Union.svg.png,TMM-3 bridge layer,destroyed,https://i.postimg.cc/vHpcq96d/ff4.jpg,26,220,87,39,91,3,2022-10-04T21:08:09Z
Engineering Vehicles And Equipment,Russia,https://upload.wikimedia.org/wikipedia/commons/thumb/a/a9/Flag_of_the_Soviet_Union.svg/23px-Flag_of_the_Soviet_Union.svg.png,TMM-3 bridge layer,destroyed,https://i.postimg.cc/BQ8jBNbg/ff5.jpg,26,220,87,39,91,3,2022-10-04T21:08:09Z
Engineering Vehicles And Equipment,Russia,https://upload.wikimedia.org/wikipedia/commons/thumb/a/a9/Flag_of_the_Soviet_Union.svg/23px-Flag_of_the_Soviet_Union.svg.png,TMM-3 bridge layer,destroyed,https://i.postimg.cc/2jKsLmBy/4h7.png,26,220,87,39,91,3,2022-10-04T21:08:09Z
Engineering Vehicles And Equipment,Russia,https://upload.wikimedia.org/wikipedia/commons/thumb/a/a9/Flag_of_the_Soviet_Union.svg/23px-Flag_of_the_Soviet_Union.svg.png,TMM-3 bridge layer,destroyed,https://i.postimg.cc/CLNcvHW1/12.png,26,220,87,39,91,3,2022-10-04T21:08:09Z
Engineering Vehicles And Equipment,Russia,https://upload.wikimedia.org/wikipedia/commons/thumb/a/a9/Flag_of_the_Soviet_Union.svg/23px-Flag_of_the_Soviet_Union.svg.png,TMM-3 bridge layer,destroyed,https://i.postimg.cc/Bnnp26pF/2022-09-15-Kam-AZ-Bridge.png,26,220,87,39,91,3,2022-10-04T21:08:09Z
Engineering Vehicles And Equipment,Russia,https://upload.wikimedia.org/wikipedia/commons/thumb/a/a9/Flag_of_the_Soviet_Union.svg/23px-Flag_of_the_Soviet_Union.svg.png,TMM-3 bridge layer,abandoned,https://i.postimg.cc/C1DyRDFk/h89.jpg,26,220,87,39,91,3,2022-10-04T21:08:09Z
Engineering Vehicles And Equipment,Russia,https://upload.wikimedia.org/wikipedia/commons/thumb/a/a9/Flag_of_the_Soviet_Union.svg/23px-Flag_of_the_Soviet_Union.svg.png,TMM-3 bridge layer,abandoned,https://i.postimg.cc/rpPCMn2C/b89.png,26,220,87,39,91,3,2022-10-04T21:08:09Z
Engineering Vehicles And Equipment,Russia,https://upload.wikimedia.org/wikipedia/commons/thumb/a/a9/Flag_of_the_Soviet_Union.svg/23px-Flag_of_the_Soviet_Union.svg.png,TMM-3 bridge layer,abandoned,https://i.postimg.cc/85dm6pjK/44565.png,26,220,87,39,91,3,2022-10-04T21:08:09Z
Engineering Vehicles And Equipment,Russia,https://upload.wikimedia.org/wikipedia/commons/thumb/a/a9/Flag_of_the_Soviet_Union.svg/23px-Flag_of_the_Soviet_Union.svg.png,TMM-3 bridge layer,damaged,https://i.postimg.cc/MpYMvFpy/33160.png,26,220,87,39,91,3,2022-10-04T21:08:09Z
Engineering Vehicles And Equipment,Russia,https://upload.wikimedia.org/wikipedia/commons/thumb/a/a9/Flag_of_the_Soviet_Union.svg/23px-Flag_of_the_Soviet_Union.svg.png,TMM-3 bridge layer,damaged,https://i.postimg.cc/9fkRL7G3/762.jpg,26,220,87,39,91,3,2022-10-04T21:08:09Z
Engineering Vehicles And Equipment,Russia,https://upload.wikimedia.org/wikipedia/commons/thumb/a/a9/Flag_of_the_Soviet_Union.svg/23px-Flag_of_the_Soviet_Union.svg.png,TMM-3 bridge layer,damaged,https://i.postimg.cc/FHXkWBMt/699.png,26,220,87,39,91,3,2022-10-04T21:08:09Z
Engineering Vehicles And Equipment,Russia,https://upload.wikimedia.org/wikipedia/commons/thumb/a/a9/Flag_of_the_Soviet_Union.svg/23px-Flag_of_the_Soviet_Union.svg.png,TMM-3 bridge layer,captured,https://i.postimg.cc/L6LThN8t/315.png,26,220,87,39,91,3,2022-10-04T21:08:09Z
Engineering Vehicles And Equipment,Russia,https://upload.wikimedia.org/wikipedia/commons/thumb/a/a9/Flag_of_the_Soviet_Union.svg/23px-Flag_of_the_Soviet_Union.svg.png,TMM-3 bridge layer,captured,https://i.postimg.cc/FRhY7mzP/75.png,26,220,87,39,91,3,2022-10-04T21:08:09Z
Engineering Vehicles And Equipment,Russia,https://upload.wikimedia.org/wikipedia/commons/thumb/a/a9/Flag_of_the_Soviet_Union.svg/23px-Flag_of_the_Soviet_Union.svg.png,TMM-3 bridge layer,captured,https://i.postimg.cc/X7wjb8tg/Screenshot-8214.png,26,220,87,39,91,3,2022-10-04T21:08:09Z
Engineering Vehicles And Equipment,Russia,https://upload.wikimedia.org/wikipedia/commons/thumb/a/a9/Flag_of_the_Soviet_Union.svg/23px-Flag_of_the_Soviet_Union.svg.png,TMM-3 bridge layer,captured,https://i.postimg.cc/Y0Fpjf0M/Screenshot-8216.png,26,220,87,39,91,3,2022-10-04T21:08:09Z
Engineering Vehicles And Equipment,Russia,https://upload.wikimedia.org/wikipedia/commons/thumb/a/a9/Flag_of_the_Soviet_Union.svg/23px-Flag_of_the_Soviet_Union.svg.png,TMM-3 bridge layer,captured,https://i.postimg.cc/FHN9sS4X/Screenshot-8217.png,26,220,87,39,91,3,2022-10-04T21:08:09Z
Engineering Vehicles And Equipment,Russia,https://upload.wikimedia.org/wikipedia/commons/thumb/a/a9/Flag_of_the_Soviet_Union.svg/23px-Flag_of_the_Soviet_Union.svg.png,TMM-3 bridge layer,captured,https://i.postimg.cc/y8cSr8c9/3321.png,26,220,87,39,91,3,2022-10-04T21:08:09Z
Engineering Vehicles And Equipment,Russia,https://upload.wikimedia.org/wikipedia/commons/thumb/a/a9/Flag_of_the_Soviet_Union.svg/23px-Flag_of_the_Soviet_Union.svg.png,TMM-3 bridge layer,captured,https://i.postimg.cc/bJJr8yDm/f6.png,26,220,87,39,91,3,2022-10-04T21:08:09Z
Engineering Vehicles And Equipment,Russia,https://upload.wikimedia.org/wikipedia/commons/thumb/a/a9/Flag_of_the_Soviet_Union.svg/23px-Flag_of_the_Soviet_Union.svg.png,TMM-3 bridge layer,captured,https://i.postimg.cc/bJcHhFdy/32dd.png,26,220,87,39,91,3,2022-10-04T21:08:09Z
Engineering Vehicles And Equipment,Russia,https://upload.wikimedia.org/wikipedia/commons/thumb/a/a9/Flag_of_the_Soviet_Union.svg/23px-Flag_of_the_Soviet_Union.svg.png,TMM-3 bridge layer,captured,https://i.postimg.cc/XqyXXmYs/75.png,26,220,87,39,91,3,2022-10-04T21:08:09Z
Engineering Vehicles And Equipment,Russia,https://upload.wikimedia.org/wikipedia/commons/thumb/a/a9/Flag_of_the_Soviet_Union.svg/23px-Flag_of_the_Soviet_Union.svg.png,TMM-3 bridge layer,captured,https://i.postimg.cc/283hr2WJ/tm1.jpg,26,220,87,39,91,3,2022-10-04T21:08:09Z
Engineering Vehicles And Equipment,Russia,https://upload.wikimedia.org/wikipedia/commons/thumb/a/a9/Flag_of_the_Soviet_Union.svg/23px-Flag_of_the_Soviet_Union.svg.png,TMM-3 bridge layer,captured,https://i.postimg.cc/Jh3BPgwy/tm2.jpg,26,220,87,39,91,3,2022-10-04T21:08:09Z
Engineering Vehicles And Equipment,Russia,https://upload.wikimedia.org/wikipedia/commons/thumb/a/a9/Flag_of_the_Soviet_Union.svg/23px-Flag_of_the_Soviet_Union.svg.png,TMM-3 bridge layer,captured,https://i.postimg.cc/KvdwSrzj/889.jpg,26,220,87,39,91,3,2022-10-04T21:08:09Z
Engineering Vehicles And Equipment,Russia,https://upload.wikimedia.org/wikipedia/commons/thumb/a/a9/Flag_of_the_Soviet_Union.svg/23px-Flag_of_the_Soviet_Union.svg.png,TMM-3 bridge layer,captured,https://i.postimg.cc/1Rw9WSrx/1005-tmm-3.jpg,26,220,87,39,91,3,2022-10-04T21:08:09Z
Engineering Vehicles And Equipment,Russia,https://upload.wikimedia.org/wikipedia/en/thumb/f/f3/Flag_of_Russia.svg/23px-Flag_of_Russia.svg.png,MTU-72 bridge layer,captured,https://i.postimg.cc/prZTvrWj/43ff.png,1,220,87,39,91,3,2022-10-04T21:08:09Z
Engineering Vehicles And Equipment,Russia,https://upload.wikimedia.org/wikipedia/commons/thumb/a/a9/Flag_of_the_Soviet_Union.svg/23px-Flag_of_the_Soviet_Union.svg.png,PMP floating bridge,destroyed,https://i.postimg.cc/2SK7crq5/4g.png,9,220,87,39,91,3,2022-10-04T21:08:09Z
Engineering Vehicles And Equipment,Russia,https://upload.wikimedia.org/wikipedia/commons/thumb/a/a9/Flag_of_the_Soviet_Union.svg/23px-Flag_of_the_Soviet_Union.svg.png,PMP floating bridge,destroyed,https://i.postimg.cc/2SK7crq5/4g.png,9,220,87,39,91,3,2022-10-04T21:08:09Z
Engineering Vehicles And Equipment,Russia,https://upload.wikimedia.org/wikipedia/commons/thumb/a/a9/Flag_of_the_Soviet_Union.svg/23px-Flag_of_the_Soviet_Union.svg.png,PMP floating bridge,destroyed,https://i.postimg.cc/2SK7crq5/4g.png,9,220,87,39,91,3,2022-10-04T21:08:09Z
Engineering Vehicles And Equipment,Russia,https://upload.wikimedia.org/wikipedia/commons/thumb/a/a9/Flag_of_the_Soviet_Union.svg/23px-Flag_of_the_Soviet_Union.svg.png,PMP floating bridge,destroyed,https://i.postimg.cc/vZ108y86/j767.jpg,9,220,87,39,91,3,2022-10-04T21:08:09Z
Engineering Vehicles And Equipment,Russia,https://upload.wikimedia.org/wikipedia/commons/thumb/a/a9/Flag_of_the_Soviet_Union.svg/23px-Flag_of_the_Soviet_Union.svg.png,PMP floating bridge,destroyed,https://i.postimg.cc/fy2tcnWQ/hh665.jpg,9,220,87,39,91,3,2022-10-04T21:08:09Z
Engineering Vehicles And Equipment,Russia,https://upload.wikimedia.org/wikipedia/commons/thumb/a/a9/Flag_of_the_Soviet_Union.svg/23px-Flag_of_the_Soviet_Union.svg.png,PMP floating bridge,destroyed,https://postimg.cc/PPCrNt2t,9,220,87,39,91,3,2022-10-04T21:08:09Z
Engineering Vehicles And Equipment,Russia,https://upload.wikimedia.org/wikipedia/commons/thumb/a/a9/Flag_of_the_Soviet_Union.svg/23px-Flag_of_the_Soviet_Union.svg.png,PMP floating bridge,destroyed,https://i.postimg.cc/y8h2z56N/2022-09-26-PMP-floating-bridge.jpg,9,220,87,39,91,3,2022-10-04T21:08:09Z
Engineering Vehicles And Equipment,Russia,https://upload.wikimedia.org/wikipedia/commons/thumb/a/a9/Flag_of_the_Soviet_Union.svg/23px-Flag_of_the_Soviet_Union.svg.png,PMP floating bridge,destroyed,https://i.postimg.cc/vZBj90Sv/2022-10-01-Kam-AZ-PMP.jpg,9,220,87,39,91,3,2022-10-04T21:08:09Z
Engineering Vehicles And Equipment,Russia,https://upload.wikimedia.org/wikipedia/commons/thumb/a/a9/Flag_of_the_Soviet_Union.svg/23px-Flag_of_the_Soviet_Union.svg.png,PMP floating bridge,damaged,https://postimg.cc/mtdZGRwb,9,220,87,39,91,3,2022-10-04T21:08:09Z
Engineering Vehicles And Equipment,Russia,https://upload.wikimedia.org/wikipedia/en/thumb/f/f3/Flag_of_Russia.svg/23px-Flag_of_Russia.svg.png,PP-2005 floating bridge,destroyed,https://i.postimg.cc/nc4DjtyY/f43.png,24,220,87,39,91,3,2022-10-04T21:08:09Z
Engineering Vehicles And Equipment,Russia,https://upload.wikimedia.org/wikipedia/en/thumb/f/f3/Flag_of_Russia.svg/23px-Flag_of_Russia.svg.png,PP-2005 floating bridge,destroyed,https://i.postimg.cc/nrCPzsdX/68.jpg,24,220,87,39,91,3,2022-10-04T21:08:09Z
Engineering Vehicles And Equipment,Russia,https://upload.wikimedia.org/wikipedia/en/thumb/f/f3/Flag_of_Russia.svg/23px-Flag_of_Russia.svg.png,PP-2005 floating bridge,destroyed,https://i.postimg.cc/hPRrkJmV/p1.jpg,24,220,87,39,91,3,2022-10-04T21:08:09Z
Engineering Vehicles And Equipment,Russia,https://upload.wikimedia.org/wikipedia/en/thumb/f/f3/Flag_of_Russia.svg/23px-Flag_of_Russia.svg.png,PP-2005 floating bridge,destroyed,https://i.postimg.cc/05wnXGz8/p2.jpg,24,220,87,39,91,3,2022-10-04T21:08:09Z
Engineering Vehicles And Equipment,Russia,https://upload.wikimedia.org/wikipedia/en/thumb/f/f3/Flag_of_Russia.svg/23px-Flag_of_Russia.svg.png,PP-2005 floating bridge,destroyed,https://i.postimg.cc/ydhL2cnR/32d.png,24,220,87,39,91,3,2022-10-04T21:08:09Z
Engineering Vehicles And Equipment,Russia,https://upload.wikimedia.org/wikipedia/en/thumb/f/f3/Flag_of_Russia.svg/23px-Flag_of_Russia.svg.png,PP-2005 floating bridge,destroyed,https://postimg.cc/xcptSm9t,24,220,87,39,91,3,2022-10-04T21:08:09Z
Engineering Vehicles And Equipment,Russia,https://upload.wikimedia.org/wikipedia/en/thumb/f/f3/Flag_of_Russia.svg/23px-Flag_of_Russia.svg.png,PP-2005 floating bridge,destroyed,https://i.postimg.cc/RhsSCCsp/54g.jpg,24,220,87,39,91,3,2022-10-04T21:08:09Z
Engineering Vehicles And Equipment,Russia,https://upload.wikimedia.org/wikipedia/en/thumb/f/f3/Flag_of_Russia.svg/23px-Flag_of_Russia.svg.png,PP-2005 floating bridge,abandoned,https://i.postimg.cc/s2M12CLf/32d3.png,24,220,87,39,91,3,2022-10-04T21:08:09Z
Engineering Vehicles And Equipment,Russia,https://upload.wikimedia.org/wikipedia/en/thumb/f/f3/Flag_of_Russia.svg/23px-Flag_of_Russia.svg.png,PP-2005 floating bridge,abandoned,https://i.postimg.cc/59RWtr9r/da2.jpg,24,220,87,39,91,3,2022-10-04T21:08:09Z
Engineering Vehicles And Equipment,Russia,https://upload.wikimedia.org/wikipedia/en/thumb/f/f3/Flag_of_Russia.svg/23px-Flag_of_Russia.svg.png,PP-2005 floating bridge,abandoned,https://i.postimg.cc/9Q33dq7t/da1.jpg,24,220,87,39,91,3,2022-10-04T21:08:09Z
Engineering Vehicles And Equipment,Russia,https://upload.wikimedia.org/wikipedia/en/thumb/f/f3/Flag_of_Russia.svg/23px-Flag_of_Russia.svg.png,PP-2005 floating bridge,abandoned,https://i.postimg.cc/9Q33dq7t/da1.jpg,24,220,87,39,91,3,2022-10-04T21:08:09Z
Engineering Vehicles And Equipment,Russia,https://upload.wikimedia.org/wikipedia/en/thumb/f/f3/Flag_of_Russia.svg/23px-Flag_of_Russia.svg.png,PP-2005 floating bridge,abandoned,https://i.postimg.cc/WbxvqjmQ/g1.png,24,220,87,39,91,3,2022-10-04T21:08:09Z
Engineering Vehicles And Equipment,Russia,https://upload.wikimedia.org/wikipedia/en/thumb/f/f3/Flag_of_Russia.svg/23px-Flag_of_Russia.svg.png,PP-2005 floating bridge,abandoned,https://i.postimg.cc/V6M6jB13/32d3.png,24,220,87,39,91,3,2022-10-04T21:08:09Z
Engineering Vehicles And Equipment,Russia,https://upload.wikimedia.org/wikipedia/en/thumb/f/f3/Flag_of_Russia.svg/23px-Flag_of_Russia.svg.png,PP-2005 floating bridge,abandoned,https://i.postimg.cc/V6M6jB13/32d3.png,24,220,87,39,91,3,2022-10-04T21:08:09Z
Engineering Vehicles And Equipment,Russia,https://upload.wikimedia.org/wikipedia/en/thumb/f/f3/Flag_of_Russia.svg/23px-Flag_of_Russia.svg.png,PP-2005 floating bridge,abandoned,https://i.postimg.cc/FKCXJCg1/ggg56.jpg,24,220,87,39,91,3,2022-10-04T21:08:09Z
Engineering Vehicles And Equipment,Russia,https://upload.wikimedia.org/wikipedia/en/thumb/f/f3/Flag_of_Russia.svg/23px-Flag_of_Russia.svg.png,PP-2005 floating bridge,abandoned,https://i.postimg.cc/FKCXJCg1/ggg56.jpg,24,220,87,39,91,3,2022-10-04T21:08:09Z
Engineering Vehicles And Equipment,Russia,https://upload.wikimedia.org/wikipedia/en/thumb/f/f3/Flag_of_Russia.svg/23px-Flag_of_Russia.svg.png,PP-2005 floating bridge,abandoned,https://i.postimg.cc/FKCXJCg1/ggg56.jpg,24,220,87,39,91,3,2022-10-04T21:08:09Z
Engineering Vehicles And Equipment,Russia,https://upload.wikimedia.org/wikipedia/en/thumb/f/f3/Flag_of_Russia.svg/23px-Flag_of_Russia.svg.png,PP-2005 floating bridge,abandoned,https://i.postimg.cc/7LjDWQCd/55441.jpg,24,220,87,39,91,3,2022-10-04T21:08:09Z
Engineering Vehicles And Equipment,Russia,https://upload.wikimedia.org/wikipedia/en/thumb/f/f3/Flag_of_Russia.svg/23px-Flag_of_Russia.svg.png,PP-2005 floating bridge,abandoned,https://i.postimg.cc/VsShLBGs/ff2.jpg,24,220,87,39,91,3,2022-10-04T21:08:09Z
Engineering Vehicles And Equipment,Russia,https://upload.wikimedia.org/wikipedia/en/thumb/f/f3/Flag_of_Russia.svg/23px-Flag_of_Russia.svg.png,PP-2005 floating bridge,abandoned,https://i.postimg.cc/VsShLBGs/ff2.jpg,24,220,87,39,91,3,2022-10-04T21:08:09Z
Engineering Vehicles And Equipment,Russia,https://upload.wikimedia.org/wikipedia/en/thumb/f/f3/Flag_of_Russia.svg/23px-Flag_of_Russia.svg.png,PP-2005 floating bridge,abandoned,https://i.postimg.cc/VsShLBGs/ff2.jpg,24,220,87,39,91,3,2022-10-04T21:08:09Z
Engineering Vehicles And Equipment,Russia,https://upload.wikimedia.org/wikipedia/en/thumb/f/f3/Flag_of_Russia.svg/23px-Flag_of_Russia.svg.png,PP-2005 floating bridge,captured,https://i.postimg.cc/T2c1BPwc/73.png,24,220,87,39,91,3,2022-10-04T21:08:09Z
Engineering Vehicles And Equipment,Russia,https://upload.wikimedia.org/wikipedia/en/thumb/f/f3/Flag_of_Russia.svg/23px-Flag_of_Russia.svg.png,PP-2005 floating bridge,captured,https://postimg.cc/yJjkVD4D,24,220,87,39,91,3,2022-10-04T21:08:09Z
Engineering Vehicles And Equipment,Russia,https://upload.wikimedia.org/wikipedia/en/thumb/f/f3/Flag_of_Russia.svg/23px-Flag_of_Russia.svg.png,PP-2005 floating bridge,captured,https://i.postimg.cc/P55BWBXd/58.png,24,220,87,39,91,3,2022-10-04T21:08:09Z
Engineering Vehicles And Equipment,Russia,https://upload.wikimedia.org/wikipedia/en/thumb/f/f3/Flag_of_Russia.svg/23px-Flag_of_Russia.svg.png,Pontoon bridge,destroyed,https://postlmg.cc/pmLtNfk9,9,220,87,39,91,3,2022-10-04T21:08:09Z
Engineering Vehicles And Equipment,Russia,https://upload.wikimedia.org/wikipedia/en/thumb/f/f3/Flag_of_Russia.svg/23px-Flag_of_Russia.svg.png,Pontoon bridge,destroyed,https://i.postimg.cc/Rh0jw5gt/5990.png,9,220,87,39,91,3,2022-10-04T21:08:09Z
Engineering Vehicles And Equipment,Russia,https://upload.wikimedia.org/wikipedia/en/thumb/f/f3/Flag_of_Russia.svg/23px-Flag_of_Russia.svg.png,Pontoon bridge,destroyed,https://i.postimg.cc/VvjJCp8W/465.jpg,9,220,87,39,91,3,2022-10-04T21:08:09Z
Engineering Vehicles And Equipment,Russia,https://upload.wikimedia.org/wikipedia/en/thumb/f/f3/Flag_of_Russia.svg/23px-Flag_of_Russia.svg.png,Pontoon bridge,destroyed,https://i.postimg.cc/85FGLNRs/2d.png,9,220,87,39,91,3,2022-10-04T21:08:09Z
Engineering Vehicles And Equipment,Russia,https://upload.wikimedia.org/wikipedia/en/thumb/f/f3/Flag_of_Russia.svg/23px-Flag_of_Russia.svg.png,Pontoon bridge,destroyed,https://i.postimg.cc/HkVDJgWT/1047-pontoon-bridge.jpg,9,220,87,39,91,3,2022-10-04T21:08:09Z
Engineering Vehicles And Equipment,Russia,https://upload.wikimedia.org/wikipedia/en/thumb/f/f3/Flag_of_Russia.svg/23px-Flag_of_Russia.svg.png,Pontoon bridge,abandoned,https://i.postimg.cc/FHRc7y1Q/657.png,9,220,87,39,91,3,2022-10-04T21:08:09Z
Engineering Vehicles And Equipment,Russia,https://upload.wikimedia.org/wikipedia/en/thumb/f/f3/Flag_of_Russia.svg/23px-Flag_of_Russia.svg.png,Pontoon bridge,captured,https://i.postimg.cc/7ZQSBQz3/c1.jpg,9,220,87,39,91,3,2022-10-04T21:08:09Z
Engineering Vehicles And Equipment,Russia,https://upload.wikimedia.org/wikipedia/en/thumb/f/f3/Flag_of_Russia.svg/23px-Flag_of_Russia.svg.png,Pontoon bridge,captured,https://i.postimg.cc/bwvQ9jZY/c2.jpg,9,220,87,39,91,3,2022-10-04T21:08:09Z
Engineering Vehicles And Equipment,Russia,https://upload.wikimedia.org/wikipedia/en/thumb/f/f3/Flag_of_Russia.svg/23px-Flag_of_Russia.svg.png,Pontoon bridge,captured,https://i.postimg.cc/J4yMTsbF/3d5.png,9,220,87,39,91,3,2022-10-04T21:08:09Z
Engineering Vehicles And Equipment,Russia,https://upload.wikimedia.org/wikipedia/commons/thumb/a/a9/Flag_of_the_Soviet_Union.svg/23px-Flag_of_the_Soviet_Union.svg.png,BMK-130M/BMK-150 towing and motor boat,captured,https://postimg.cc/8JyXzynr,1,220,87,39,91,3,2022-10-04T21:08:09Z
Engineering Vehicles And Equipment,Russia,https://upload.wikimedia.org/wikipedia/commons/thumb/a/a9/Flag_of_the_Soviet_Union.svg/23px-Flag_of_the_Soviet_Union.svg.png,BMK-460 towing and motor boat,destroyed,https://i.postimg.cc/Y045LRwF/4311.png,10,220,87,39,91,3,2022-10-04T21:08:09Z
Engineering Vehicles And Equipment,Russia,https://upload.wikimedia.org/wikipedia/commons/thumb/a/a9/Flag_of_the_Soviet_Union.svg/23px-Flag_of_the_Soviet_Union.svg.png,BMK-460 towing and motor boat,destroyed,https://i.postimg.cc/SKBDfx9w/4f4.jpg,10,220,87,39,91,3,2022-10-04T21:08:09Z
Engineering Vehicles And Equipment,Russia,https://upload.wikimedia.org/wikipedia/commons/thumb/a/a9/Flag_of_the_Soviet_Union.svg/23px-Flag_of_the_Soviet_Union.svg.png,BMK-460 towing and motor boat,destroyed,https://i.postimg.cc/BbQHy0Hh/kamaaz.jpg,10,220,87,39,91,3,2022-10-04T21:08:09Z
Engineering Vehicles And Equipment,Russia,https://upload.wikimedia.org/wikipedia/commons/thumb/a/a9/Flag_of_the_Soviet_Union.svg/23px-Flag_of_the_Soviet_Union.svg.png,BMK-460 towing and motor boat,abandoned,https://i.postimg.cc/x1SSzyhr/6h5.png,10,220,87,39,91,3,2022-10-04T21:08:09Z
Engineering Vehicles And Equipment,Russia,https://upload.wikimedia.org/wikipedia/commons/thumb/a/a9/Flag_of_the_Soviet_Union.svg/23px-Flag_of_the_Soviet_Union.svg.png,BMK-460 towing and motor boat,abandoned,https://i.postimg.cc/dQhHKCYh/87j.png,10,220,87,39,91,3,2022-10-04T21:08:09Z
Engineering Vehicles And Equipment,Russia,https://upload.wikimedia.org/wikipedia/commons/thumb/a/a9/Flag_of_the_Soviet_Union.svg/23px-Flag_of_the_Soviet_Union.svg.png,BMK-460 towing and motor boat,abandoned,https://i.postimg.cc/6q81dyJS/4f70.png,10,220,87,39,91,3,2022-10-04T21:08:09Z
Engineering Vehicles And Equipment,Russia,https://upload.wikimedia.org/wikipedia/commons/thumb/a/a9/Flag_of_the_Soviet_Union.svg/23px-Flag_of_the_Soviet_Union.svg.png,BMK-460 towing and motor boat,abandoned,https://i.postimg.cc/hj9Ln38X/442.jpg,10,220,87,39,91,3,2022-10-04T21:08:09Z
Engineering Vehicles And Equipment,Russia,https://upload.wikimedia.org/wikipedia/commons/thumb/a/a9/Flag_of_the_Soviet_Union.svg/23px-Flag_of_the_Soviet_Union.svg.png,BMK-460 towing and motor boat,abandoned,https://i.postimg.cc/L4NSYhXX/554f.jpg,10,220,87,39,91,3,2022-10-04T21:08:09Z
Engineering Vehicles And Equipment,Russia,https://upload.wikimedia.org/wikipedia/commons/thumb/a/a9/Flag_of_the_Soviet_Union.svg/23px-Flag_of_the_Soviet_Union.svg.png,BMK-460 towing and motor boat,abandoned,https://i.postimg.cc/L4NSYhXX/554f.jpg,10,220,87,39,91,3,2022-10-04T21:08:09Z
Engineering Vehicles And Equipment,Russia,https://upload.wikimedia.org/wikipedia/commons/thumb/a/a9/Flag_of_the_Soviet_Union.svg/23px-Flag_of_the_Soviet_Union.svg.png,BMK-460 towing and motor boat,abandoned,https://i.postimg.cc/hPxWtr7P/INqk1cd-M-jpg-large.jpg,10,220,87,39,91,3,2022-10-04T21:08:09Z
Engineering Vehicles And Equipment,Russia,https://upload.wikimedia.org/wikipedia/commons/thumb/a/a9/Flag_of_the_Soviet_Union.svg/23px-Flag_of_the_Soviet_Union.svg.png,KrAZ-255B with excavator,destroyed,https://i.postimg.cc/JzMycVvC/2s.png,1,220,87,39,91,3,2022-10-04T21:08:09Z
Engineering Vehicles And Equipment,Russia,https://upload.wikimedia.org/wikipedia/en/thumb/f/f3/Flag_of_Russia.svg/23px-Flag_of_Russia.svg.png,KamAZ-5350 with EOV-3523 excavator,destroyed,https://i.postimg.cc/tTr6V12R/m99.jpg,7,220,87,39,91,3,2022-10-04T21:08:09Z
Engineering Vehicles And Equipment,Russia,https://upload.wikimedia.org/wikipedia/en/thumb/f/f3/Flag_of_Russia.svg/23px-Flag_of_Russia.svg.png,KamAZ-5350 with EOV-3523 excavator,destroyed,https://postimg.cc/F1SGt9BP,7,220,87,39,91,3,2022-10-04T21:08:09Z
Engineering Vehicles And Equipment,Russia,https://upload.wikimedia.org/wikipedia/en/thumb/f/f3/Flag_of_Russia.svg/23px-Flag_of_Russia.svg.png,KamAZ-5350 with EOV-3523 excavator,destroyed,https://i.postimg.cc/xd2cNGZx/1089-Kam-AZ-5350-with-EOV-3523-Excavator.jpg,7,220,87,39,91,3,2022-10-04T21:08:09Z
Engineering Vehicles And Equipment,Russia,https://upload.wikimedia.org/wikipedia/en/thumb/f/f3/Flag_of_Russia.svg/23px-Flag_of_Russia.svg.png,KamAZ-5350 with EOV-3523 excavator,captured,https://i.postimg.cc/bvhJB8xz/774.png,7,220,87,39,91,3,2022-10-04T21:08:09Z
Engineering Vehicles And Equipment,Russia,https://upload.wikimedia.org/wikipedia/en/thumb/f/f3/Flag_of_Russia.svg/23px-Flag_of_Russia.svg.png,KamAZ-5350 with EOV-3523 excavator,captured,https://i.postimg.cc/dQZQWvBp/Screenshot-8218.png,7,220,87,39,91,3,2022-10-04T21:08:09Z
Engineering Vehicles And Equipment,Russia,https://upload.wikimedia.org/wikipedia/en/thumb/f/f3/Flag_of_Russia.svg/23px-Flag_of_Russia.svg.png,KamAZ-5350 with EOV-3523 excavator,captured,https://i.postimg.cc/T30TyPdL/Screenshot-8219.png,7,220,87,39,91,3,2022-10-04T21:08:09Z
Engineering Vehicles And Equipment,Russia,https://upload.wikimedia.org/wikipedia/en/thumb/f/f3/Flag_of_Russia.svg/23px-Flag_of_Russia.svg.png,KamAZ-5350 with EOV-3523 excavator,captured,https://i.postimg.cc/1tZrSqJQ/41.png,7,220,87,39,91,3,2022-10-04T21:08:09Z
Engineering Vehicles And Equipment,Russia,https://upload.wikimedia.org/wikipedia/en/thumb/f/f3/Flag_of_Russia.svg/23px-Flag_of_Russia.svg.png,KamAZ-5350 with KS-45719-7M crane,destroyed,https://i.postimg.cc/m2PYCSvv/6y.jpg,6,220,87,39,91,3,2022-10-04T21:08:09Z
Engineering Vehicles And Equipment,Russia,https://upload.wikimedia.org/wikipedia/en/thumb/f/f3/Flag_of_Russia.svg/23px-Flag_of_Russia.svg.png,KamAZ-5350 with KS-45719-7M crane,destroyed,https://i.postimg.cc/YSsBvNM7/09.png,6,220,87,39,91,3,2022-10-04T21:08:09Z
Engineering Vehicles And Equipment,Russia,https://upload.wikimedia.org/wikipedia/en/thumb/f/f3/Flag_of_Russia.svg/23px-Flag_of_Russia.svg.png,KamAZ-5350 with KS-45719-7M crane,destroyed,https://i.postimg.cc/Nf94MY0K/431.jpg,6,220,87,39,91,3,2022-10-04T21:08:09Z
Engineering Vehicles And Equipment,Russia,https://upload.wikimedia.org/wikipedia/en/thumb/f/f3/Flag_of_Russia.svg/23px-Flag_of_Russia.svg.png,KamAZ-5350 with KS-45719-7M crane,damaged,https://i.postimg.cc/brrYjVdG/1015.jpg,6,220,87,39,91,3,2022-10-04T21:08:09Z
Engineering Vehicles And Equipment,Russia,https://upload.wikimedia.org/wikipedia/en/thumb/f/f3/Flag_of_Russia.svg/23px-Flag_of_Russia.svg.png,KamAZ-5350 with KS-45719-7M crane,captured,https://i.postimg.cc/9fxS9VtW/v3.jpg,6,220,87,39,91,3,2022-10-04T21:08:09Z
Engineering Vehicles And Equipment,Russia,https://upload.wikimedia.org/wikipedia/en/thumb/f/f3/Flag_of_Russia.svg/23px-Flag_of_Russia.svg.png,KamAZ-5350 with KS-45719-7M crane,captured,https://i.postimg.cc/QCJWDwSM/1003-Kam-AZ-5350-with-KS-45719-7-M-crane.jpg,6,220,87,39,91,3,2022-10-04T21:08:09Z
Engineering Vehicles And Equipment,Russia,https://upload.wikimedia.org/wikipedia/en/thumb/f/f3/Flag_of_Russia.svg/23px-Flag_of_Russia.svg.png,KamAZ-5350 with crane,destroyed,https://i.postimg.cc/zXtR3QK8/744.png,1,220,87,39,91,3,2022-10-04T21:08:09Z
Engineering Vehicles And Equipment,Russia,https://upload.wikimedia.org/wikipedia/en/thumb/f/f3/Flag_of_Russia.svg/23px-Flag_of_Russia.svg.png,Ural-4320 with KS-3574M3 or KS-3574M crane,destroyed,https://i.postimg.cc/W3Hvh6fz/3d11.png,4,220,87,39,91,3,2022-10-04T21:08:09Z
Engineering Vehicles And Equipment,Russia,https://upload.wikimedia.org/wikipedia/en/thumb/f/f3/Flag_of_Russia.svg/23px-Flag_of_Russia.svg.png,Ural-4320 with KS-3574M3 or KS-3574M crane,destroyed,https://postimg.cc/JHk4ZQPn,4,220,87,39,91,3,2022-10-04T21:08:09Z
Engineering Vehicles And Equipment,Russia,https://upload.wikimedia.org/wikipedia/en/thumb/f/f3/Flag_of_Russia.svg/23px-Flag_of_Russia.svg.png,Ural-4320 with KS-3574M3 or KS-3574M crane,destroyed,https://i.postimg.cc/d1m4Nhmp/1016-Ural-4320-with-KS-3574-M3-or-KS-3574-M-crane.jpg,4,220,87,39,91,3,2022-10-04T21:08:09Z
Engineering Vehicles And Equipment,Russia,https://upload.wikimedia.org/wikipedia/en/thumb/f/f3/Flag_of_Russia.svg/23px-Flag_of_Russia.svg.png,Ural-4320 with KS-3574M3 or KS-3574M crane,captured,https://i.postimg.cc/tJgS3W4d/8.png,4,220,87,39,91,3,2022-10-04T21:08:09Z
Engineering Vehicles And Equipment,Russia,https://upload.wikimedia.org/wikipedia/en/thumb/f/f3/Flag_of_Russia.svg/23px-Flag_of_Russia.svg.png,KamAZ KMV-10V boom crane truck,destroyed,https://i.postimg.cc/L5Xq6HWm/1090-Kam-AZ-KMV-10-V-Boom-Crane-Truck.jpg,2,220,87,39,91,3,2022-10-04T21:08:09Z
Engineering Vehicles And Equipment,Russia,https://upload.wikimedia.org/wikipedia/en/thumb/f/f3/Flag_of_Russia.svg/23px-Flag_of_Russia.svg.png,KamAZ KMV-10V boom crane truck,captured,https://twitter.com/UAWeapons/status/1569229430765289472,2,220,87,39,91,3,2022-10-04T21:08:09Z
Engineering Vehicles And Equipment,Russia,https://upload.wikimedia.org/wikipedia/en/thumb/f/f3/Flag_of_Russia.svg/23px-Flag_of_Russia.svg.png,Ural-4320 with excavator,destroyed,https://i.postimg.cc/c4yxc120/65.jpg,1,220,87,39,91,3,2022-10-04T21:08:09Z
Engineering Vehicles And Equipment,Russia,https://upload.wikimedia.org/wikipedia/en/thumb/f/f3/Flag_of_Russia.svg/23px-Flag_of_Russia.svg.png,ED2x30-T400-3RA mobile generator,damaged,https://i.postimg.cc/y8Y4TJHv/318.png,1,220,87,39,91,3,2022-10-04T21:08:09Z
Engineering Vehicles And Equipment,Russia,https://upload.wikimedia.org/wikipedia/en/thumb/f/f3/Flag_of_Russia.svg/23px-Flag_of_Russia.svg.png,Mobile generator for Podlet-K1 low-altitude S-band surveillance radar,destroyed,https://twitter.com/UAWeapons/status/1549523824521216002,1,220,87,39,91,3,2022-10-04T21:08:09Z
Engineering Vehicles And Equipment,Russia,https://upload.wikimedia.org/wikipedia/en/thumb/f/f3/Flag_of_Russia.svg/23px-Flag_of_Russia.svg.png,MTO-UB1 maintenance vehicle,destroyed,https://i.postimg.cc/ydXDmNrD/uuuuraal4320.jpg,1,220,87,39,91,3,2022-10-04T21:08:09Z
Engineering Vehicles And Equipment,Russia,https://upload.wikimedia.org/wikipedia/en/thumb/f/f3/Flag_of_Russia.svg/23px-Flag_of_Russia.svg.png,MTO-AT mobile workshop,destroyed,https://i.postimg.cc/nrQBMBh6/u5.png,2,220,87,39,91,3,2022-10-04T21:08:09Z
Engineering Vehicles And Equipment,Russia,https://upload.wikimedia.org/wikipedia/en/thumb/f/f3/Flag_of_Russia.svg/23px-Flag_of_Russia.svg.png,MTO-AT mobile workshop,captured,https://i.postimg.cc/sXNfYtmn/1009.jpg,2,220,87,39,91,3,2022-10-04T21:08:09Z
Engineering Vehicles And Equipment,Russia,https://upload.wikimedia.org/wikipedia/en/thumb/f/f3/Flag_of_Russia.svg/23px-Flag_of_Russia.svg.png,MTO-AG-3M,destroyed,https://i.postimg.cc/SNmqGPbJ/1079-MTO-AG-3-M.jpg,1,220,87,39,91,3,2022-10-04T21:08:09Z
Engineering Vehicles And Equipment,Russia,https://upload.wikimedia.org/wikipedia/en/thumb/f/f3/Flag_of_Russia.svg/23px-Flag_of_Russia.svg.png,ARS-14 decontamination and degassing vehicle,destroyed,https://postimg.cc/jWGDT456,1,220,87,39,91,3,2022-10-04T21:08:09Z
Engineering Vehicles And Equipment,Russia,https://upload.wikimedia.org/wikipedia/en/thumb/f/f3/Flag_of_Russia.svg/23px-Flag_of_Russia.svg.png,ARS-14 decontamination and degassing vehicle,captured,https://i.postimg.cc/nrM4vRvh/1007-ural-tanker-capt.jpg,1,220,87,39,91,3,2022-10-04T21:08:09Z
Engineering Vehicles And Equipment,Russia,https://upload.wikimedia.org/wikipedia/en/thumb/f/f3/Flag_of_Russia.svg/23px-Flag_of_Russia.svg.png,Uran-6 mine-clearing robotic system,destroyed,https://twitter.com/UAWeapons/status/1575454077823090688,1,220,87,39,91,3,2022-10-04T21:08:09Z
Self-Propelled Anti-Tank Missile Systems,Russia,https://upload.wikimedia.org/wikipedia/commons/thumb/a/a9/Flag_of_the_Soviet_Union.svg/23px-Flag_of_the_Soviet_Union.svg.png,9P148 Konkurs,destroyed,https://i.postimg.cc/43GZYGB5/438.jpg,3,26,9,5,12,NA,2022-10-04T21:08:09Z
Self-Propelled Anti-Tank Missile Systems,Russia,https://upload.wikimedia.org/wikipedia/commons/thumb/a/a9/Flag_of_the_Soviet_Union.svg/23px-Flag_of_the_Soviet_Union.svg.png,9P148 Konkurs,destroyed,https://twitter.com/UAWeapons/status/1527988430063316992,3,26,9,5,12,NA,2022-10-04T21:08:09Z
Self-Propelled Anti-Tank Missile Systems,Russia,https://upload.wikimedia.org/wikipedia/commons/thumb/a/a9/Flag_of_the_Soviet_Union.svg/23px-Flag_of_the_Soviet_Union.svg.png,9P148 Konkurs,damaged,https://i.postimg.cc/KYLvDyD2/1007-9-P148-Konkurs-dmg-capt.jpg,3,26,9,5,12,NA,2022-10-04T21:08:09Z
Self-Propelled Anti-Tank Missile Systems,Russia,https://upload.wikimedia.org/wikipedia/commons/thumb/a/a9/Flag_of_the_Soviet_Union.svg/23px-Flag_of_the_Soviet_Union.svg.png,9P149 Shturm-S,destroyed,https://i.postimg.cc/FKPZs7Ws/874.png,21,26,9,5,12,NA,2022-10-04T21:08:09Z
Self-Propelled Anti-Tank Missile Systems,Russia,https://upload.wikimedia.org/wikipedia/commons/thumb/a/a9/Flag_of_the_Soviet_Union.svg/23px-Flag_of_the_Soviet_Union.svg.png,9P149 Shturm-S,destroyed,https://i.postimg.cc/bJcwNx58/4431.jpg,21,26,9,5,12,NA,2022-10-04T21:08:09Z
Self-Propelled Anti-Tank Missile Systems,Russia,https://upload.wikimedia.org/wikipedia/commons/thumb/a/a9/Flag_of_the_Soviet_Union.svg/23px-Flag_of_the_Soviet_Union.svg.png,9P149 Shturm-S,destroyed,https://i.postimg.cc/NFK5gWWf/4766.jpg,21,26,9,5,12,NA,2022-10-04T21:08:09Z
Self-Propelled Anti-Tank Missile Systems,Russia,https://upload.wikimedia.org/wikipedia/commons/thumb/a/a9/Flag_of_the_Soviet_Union.svg/23px-Flag_of_the_Soviet_Union.svg.png,9P149 Shturm-S,destroyed,https://twitter.com/UAWeapons/status/1522928504937066497,21,26,9,5,12,NA,2022-10-04T21:08:09Z
Self-Propelled Anti-Tank Missile Systems,Russia,https://upload.wikimedia.org/wikipedia/commons/thumb/a/a9/Flag_of_the_Soviet_Union.svg/23px-Flag_of_the_Soviet_Union.svg.png,9P149 Shturm-S,destroyed,https://i.postimg.cc/Qt0c2KGH/88j.jpg,21,26,9,5,12,NA,2022-10-04T21:08:09Z
Self-Propelled Anti-Tank Missile Systems,Russia,https://upload.wikimedia.org/wikipedia/commons/thumb/a/a9/Flag_of_the_Soviet_Union.svg/23px-Flag_of_the_Soviet_Union.svg.png,9P149 Shturm-S,abandoned,https://i.postimg.cc/Qdw6LXPV/98u.png,21,26,9,5,12,NA,2022-10-04T21:08:09Z
Self-Propelled Anti-Tank Missile Systems,Russia,https://upload.wikimedia.org/wikipedia/commons/thumb/a/a9/Flag_of_the_Soviet_Union.svg/23px-Flag_of_the_Soviet_Union.svg.png,9P149 Shturm-S,abandoned,https://i.postimg.cc/8PNsyDd1/3f.jpg,21,26,9,5,12,NA,2022-10-04T21:08:09Z
Self-Propelled Anti-Tank Missile Systems,Russia,https://upload.wikimedia.org/wikipedia/commons/thumb/a/a9/Flag_of_the_Soviet_Union.svg/23px-Flag_of_the_Soviet_Union.svg.png,9P149 Shturm-S,abandoned,https://i.postimg.cc/QNk4QVWH/1f.png,21,26,9,5,12,NA,2022-10-04T21:08:09Z
Self-Propelled Anti-Tank Missile Systems,Russia,https://upload.wikimedia.org/wikipedia/commons/thumb/a/a9/Flag_of_the_Soviet_Union.svg/23px-Flag_of_the_Soviet_Union.svg.png,9P149 Shturm-S,abandoned,https://i.postimg.cc/3JJmTx8c/77666.jpg,21,26,9,5,12,NA,2022-10-04T21:08:09Z
Self-Propelled Anti-Tank Missile Systems,Russia,https://upload.wikimedia.org/wikipedia/commons/thumb/a/a9/Flag_of_the_Soviet_Union.svg/23px-Flag_of_the_Soviet_Union.svg.png,9P149 Shturm-S,abandoned,https://i.postimg.cc/3JJmTx8c/77666.jpg,21,26,9,5,12,NA,2022-10-04T21:08:09Z
Self-Propelled Anti-Tank Missile Systems,Russia,https://upload.wikimedia.org/wikipedia/commons/thumb/a/a9/Flag_of_the_Soviet_Union.svg/23px-Flag_of_the_Soviet_Union.svg.png,9P149 Shturm-S,captured,https://i.postimg.cc/NGyCzZHk/69.png,21,26,9,5,12,NA,2022-10-04T21:08:09Z
Self-Propelled Anti-Tank Missile Systems,Russia,https://upload.wikimedia.org/wikipedia/commons/thumb/a/a9/Flag_of_the_Soviet_Union.svg/23px-Flag_of_the_Soviet_Union.svg.png,9P149 Shturm-S,captured,https://i.postimg.cc/5N0Bfk9M/4gd.png,21,26,9,5,12,NA,2022-10-04T21:08:09Z
Self-Propelled Anti-Tank Missile Systems,Russia,https://upload.wikimedia.org/wikipedia/commons/thumb/a/a9/Flag_of_the_Soviet_Union.svg/23px-Flag_of_the_Soviet_Union.svg.png,9P149 Shturm-S,captured,https://i.postimg.cc/x1RP0Bm9/60.png,21,26,9,5,12,NA,2022-10-04T21:08:09Z
Self-Propelled Anti-Tank Missile Systems,Russia,https://upload.wikimedia.org/wikipedia/commons/thumb/a/a9/Flag_of_the_Soviet_Union.svg/23px-Flag_of_the_Soviet_Union.svg.png,9P149 Shturm-S,captured,https://i.postimg.cc/j58tKX6Z/36.jpg,21,26,9,5,12,NA,2022-10-04T21:08:09Z
Self-Propelled Anti-Tank Missile Systems,Russia,https://upload.wikimedia.org/wikipedia/commons/thumb/a/a9/Flag_of_the_Soviet_Union.svg/23px-Flag_of_the_Soviet_Union.svg.png,9P149 Shturm-S,captured,https://i.postimg.cc/gk7vsT8v/556.jpg,21,26,9,5,12,NA,2022-10-04T21:08:09Z
Self-Propelled Anti-Tank Missile Systems,Russia,https://upload.wikimedia.org/wikipedia/commons/thumb/a/a9/Flag_of_the_Soviet_Union.svg/23px-Flag_of_the_Soviet_Union.svg.png,9P149 Shturm-S,captured,https://i.postimg.cc/TYcXSg7R/h65.jpg,21,26,9,5,12,NA,2022-10-04T21:08:09Z
Self-Propelled Anti-Tank Missile Systems,Russia,https://upload.wikimedia.org/wikipedia/commons/thumb/a/a9/Flag_of_the_Soviet_Union.svg/23px-Flag_of_the_Soviet_Union.svg.png,9P149 Shturm-S,captured,https://i.postimg.cc/NF6wQHQk/h66.jpg,21,26,9,5,12,NA,2022-10-04T21:08:09Z
Self-Propelled Anti-Tank Missile Systems,Russia,https://upload.wikimedia.org/wikipedia/commons/thumb/a/a9/Flag_of_the_Soviet_Union.svg/23px-Flag_of_the_Soviet_Union.svg.png,9P149 Shturm-S,captured,https://i.postimg.cc/DyV9PVmv/h7.jpg,21,26,9,5,12,NA,2022-10-04T21:08:09Z
Self-Propelled Anti-Tank Missile Systems,Russia,https://upload.wikimedia.org/wikipedia/commons/thumb/a/a9/Flag_of_the_Soviet_Union.svg/23px-Flag_of_the_Soviet_Union.svg.png,9P149 Shturm-S,captured,https://i.postimg.cc/XqDwsNYC/1010.jpg,21,26,9,5,12,NA,2022-10-04T21:08:09Z
Self-Propelled Anti-Tank Missile Systems,Russia,https://upload.wikimedia.org/wikipedia/commons/thumb/a/a9/Flag_of_the_Soviet_Union.svg/23px-Flag_of_the_Soviet_Union.svg.png,9P149 Shturm-S,captured,https://i.postimg.cc/44YrQL44/1025-shrurm-s.jpg,21,26,9,5,12,NA,2022-10-04T21:08:09Z
Self-Propelled Anti-Tank Missile Systems,Russia,https://upload.wikimedia.org/wikipedia/commons/thumb/a/a9/Flag_of_the_Soviet_Union.svg/23px-Flag_of_the_Soviet_Union.svg.png,9P149 Shturm-S,captured,https://i.postimg.cc/7L4Q4KzW/1015-mtlb.jpg,21,26,9,5,12,NA,2022-10-04T21:08:09Z
Self-Propelled Anti-Tank Missile Systems,Russia,https://upload.wikimedia.org/wikipedia/commons/thumb/a/a9/Flag_of_the_Soviet_Union.svg/23px-Flag_of_the_Soviet_Union.svg.png,9P163M-1 Kornet-T,destroyed,https://i.postimg.cc/sfbm5Dp3/image.jpg,2,26,9,5,12,NA,2022-10-04T21:08:09Z
Self-Propelled Anti-Tank Missile Systems,Russia,https://upload.wikimedia.org/wikipedia/commons/thumb/a/a9/Flag_of_the_Soviet_Union.svg/23px-Flag_of_the_Soviet_Union.svg.png,9P163M-1 Kornet-T,destroyed,https://i.postimg.cc/LswcjT8T/h65.jpg,2,26,9,5,12,NA,2022-10-04T21:08:09Z
Heavy Mortars,Russia,https://upload.wikimedia.org/wikipedia/commons/thumb/a/a9/Flag_of_the_Soviet_Union.svg/23px-Flag_of_the_Soviet_Union.svg.png,120mm 2B11/2S12,destroyed,https://i.postimg.cc/C5Bc8jtt/3d.png,11,23,10,NA,13,NA,2022-10-04T21:08:09Z
Heavy Mortars,Russia,https://upload.wikimedia.org/wikipedia/commons/thumb/a/a9/Flag_of_the_Soviet_Union.svg/23px-Flag_of_the_Soviet_Union.svg.png,120mm 2B11/2S12,destroyed,https://i.postimg.cc/zf5MFNC0/6688.jpg,11,23,10,NA,13,NA,2022-10-04T21:08:09Z
Heavy Mortars,Russia,https://upload.wikimedia.org/wikipedia/commons/thumb/a/a9/Flag_of_the_Soviet_Union.svg/23px-Flag_of_the_Soviet_Union.svg.png,120mm 2B11/2S12,destroyed,https://i.postimg.cc/vmm1qg3V/763.jpg,11,23,10,NA,13,NA,2022-10-04T21:08:09Z
Heavy Mortars,Russia,https://upload.wikimedia.org/wikipedia/commons/thumb/a/a9/Flag_of_the_Soviet_Union.svg/23px-Flag_of_the_Soviet_Union.svg.png,120mm 2B11/2S12,destroyed,https://i.postimg.cc/1tLgRqCy/2-S12-Sani-destroyed.png,11,23,10,NA,13,NA,2022-10-04T21:08:09Z
Heavy Mortars,Russia,https://upload.wikimedia.org/wikipedia/commons/thumb/a/a9/Flag_of_the_Soviet_Union.svg/23px-Flag_of_the_Soviet_Union.svg.png,120mm 2B11/2S12,captured,https://i.postimg.cc/SKhJwYXP/4703.png,11,23,10,NA,13,NA,2022-10-04T21:08:09Z
Heavy Mortars,Russia,https://upload.wikimedia.org/wikipedia/commons/thumb/a/a9/Flag_of_the_Soviet_Union.svg/23px-Flag_of_the_Soviet_Union.svg.png,120mm 2B11/2S12,captured,https://i.postimg.cc/Xv95D8vY/579.png,11,23,10,NA,13,NA,2022-10-04T21:08:09Z
Heavy Mortars,Russia,https://upload.wikimedia.org/wikipedia/commons/thumb/a/a9/Flag_of_the_Soviet_Union.svg/23px-Flag_of_the_Soviet_Union.svg.png,120mm 2B11/2S12,captured,https://i.postimg.cc/mrwKqRw8/Screenshot-8952.png,11,23,10,NA,13,NA,2022-10-04T21:08:09Z
Heavy Mortars,Russia,https://upload.wikimedia.org/wikipedia/commons/thumb/a/a9/Flag_of_the_Soviet_Union.svg/23px-Flag_of_the_Soviet_Union.svg.png,120mm 2B11/2S12,captured,https://i.postimg.cc/SNc6Bh3F/524.png,11,23,10,NA,13,NA,2022-10-04T21:08:09Z
Heavy Mortars,Russia,https://upload.wikimedia.org/wikipedia/commons/thumb/a/a9/Flag_of_the_Soviet_Union.svg/23px-Flag_of_the_Soviet_Union.svg.png,120mm 2B11/2S12,captured,https://postlmg.cc/TKFDDmpP,11,23,10,NA,13,NA,2022-10-04T21:08:09Z
Heavy Mortars,Russia,https://upload.wikimedia.org/wikipedia/commons/thumb/a/a9/Flag_of_the_Soviet_Union.svg/23px-Flag_of_the_Soviet_Union.svg.png,120mm 2B11/2S12,captured,https://postlmg.cc/TKFDDmpP,11,23,10,NA,13,NA,2022-10-04T21:08:09Z
Heavy Mortars,Russia,https://upload.wikimedia.org/wikipedia/commons/thumb/a/a9/Flag_of_the_Soviet_Union.svg/23px-Flag_of_the_Soviet_Union.svg.png,120mm 2B11/2S12,captured,https://postlmg.cc/TKFDDmpP,11,23,10,NA,13,NA,2022-10-04T21:08:09Z
Heavy Mortars,Russia,https://upload.wikimedia.org/wikipedia/en/thumb/f/f3/Flag_of_Russia.svg/23px-Flag_of_Russia.svg.png,120mm 2B11/2S12A,destroyed,https://i.postimg.cc/Wzp2YBkD/d2.jpg,6,23,10,NA,13,NA,2022-10-04T21:08:09Z
Heavy Mortars,Russia,https://upload.wikimedia.org/wikipedia/en/thumb/f/f3/Flag_of_Russia.svg/23px-Flag_of_Russia.svg.png,120mm 2B11/2S12A,destroyed,https://i.postimg.cc/Wzp2YBkD/d2.jpg,6,23,10,NA,13,NA,2022-10-04T21:08:09Z
Heavy Mortars,Russia,https://upload.wikimedia.org/wikipedia/en/thumb/f/f3/Flag_of_Russia.svg/23px-Flag_of_Russia.svg.png,120mm 2B11/2S12A,destroyed,https://twitter.com/UAWeapons/status/1565383263954378752,6,23,10,NA,13,NA,2022-10-04T21:08:09Z
Heavy Mortars,Russia,https://upload.wikimedia.org/wikipedia/en/thumb/f/f3/Flag_of_Russia.svg/23px-Flag_of_Russia.svg.png,120mm 2B11/2S12A,captured,https://i.postimg.cc/x11CC0NR/550.png,6,23,10,NA,13,NA,2022-10-04T21:08:09Z
Heavy Mortars,Russia,https://upload.wikimedia.org/wikipedia/en/thumb/f/f3/Flag_of_Russia.svg/23px-Flag_of_Russia.svg.png,120mm 2B11/2S12A,captured,https://postimg.cc/BtXGBmDp,6,23,10,NA,13,NA,2022-10-04T21:08:09Z
Heavy Mortars,Russia,https://upload.wikimedia.org/wikipedia/en/thumb/f/f3/Flag_of_Russia.svg/23px-Flag_of_Russia.svg.png,120mm 2B11/2S12A,captured,https://i.postimg.cc/WzYZnHQ4/1016-2-S12-A-Sani-120mm-mortar-capt.jpg,6,23,10,NA,13,NA,2022-10-04T21:08:09Z
Heavy Mortars,Russia,https://upload.wikimedia.org/wikipedia/commons/thumb/a/a9/Flag_of_the_Soviet_Union.svg/23px-Flag_of_the_Soviet_Union.svg.png,2B9 Vasilek 82mm automatic gun mortar,destroyed,https://i.postimg.cc/wBtGg83R/1015-Ural-truck-2-B9-Vasilek-82mm-automatic-gun-mortar.jpg,4,23,10,NA,13,NA,2022-10-04T21:08:09Z
Heavy Mortars,Russia,https://upload.wikimedia.org/wikipedia/commons/thumb/a/a9/Flag_of_the_Soviet_Union.svg/23px-Flag_of_the_Soviet_Union.svg.png,2B9 Vasilek 82mm automatic gun mortar,captured,https://i.postimg.cc/fb3wwD8m/1011-2-B9-Vasilek.png,4,23,10,NA,13,NA,2022-10-04T21:08:09Z
Heavy Mortars,Russia,https://upload.wikimedia.org/wikipedia/commons/thumb/a/a9/Flag_of_the_Soviet_Union.svg/23px-Flag_of_the_Soviet_Union.svg.png,2B9 Vasilek 82mm automatic gun mortar,captured,https://i.postimg.cc/KYdmjwWV/1012-2-B9-Vasilek.png,4,23,10,NA,13,NA,2022-10-04T21:08:09Z
Heavy Mortars,Russia,https://upload.wikimedia.org/wikipedia/commons/thumb/a/a9/Flag_of_the_Soviet_Union.svg/23px-Flag_of_the_Soviet_Union.svg.png,2B9 Vasilek 82mm automatic gun mortar,captured,https://twitter.com/UAWeapons/status/1572585885274865665,4,23,10,NA,13,NA,2022-10-04T21:08:09Z
Heavy Mortars,Russia,https://upload.wikimedia.org/wikipedia/en/thumb/f/f3/Flag_of_Russia.svg/23px-Flag_of_Russia.svg.png,Unknown heavy mortar,destroyed,https://twitter.com/UAWeapons/status/1538167865471385602,2,23,10,NA,13,NA,2022-10-04T21:08:09Z
Heavy Mortars,Russia,https://upload.wikimedia.org/wikipedia/en/thumb/f/f3/Flag_of_Russia.svg/23px-Flag_of_Russia.svg.png,Unknown heavy mortar,destroyed,https://i.postimg.cc/50hM6yN9/1007-120mm-mortar.jpg,2,23,10,NA,13,NA,2022-10-04T21:08:09Z
Artillery Support Vehicles And Equipment,Russia,https://upload.wikimedia.org/wikipedia/commons/thumb/a/a9/Flag_of_the_Soviet_Union.svg/23px-Flag_of_the_Soviet_Union.svg.png,1V110 BM-21 Grad battery command vehicle,destroyed,https://i.postimg.cc/VLV92mk5/433.png,1,63,29,2,32,NA,2022-10-04T21:08:09Z
Artillery Support Vehicles And Equipment,Russia,https://upload.wikimedia.org/wikipedia/commons/thumb/a/a9/Flag_of_the_Soviet_Union.svg/23px-Flag_of_the_Soviet_Union.svg.png,1V13(M) battery fire control center,destroyed,https://i.postimg.cc/BnQf3bzx/d134.jpg,10,63,29,2,32,NA,2022-10-04T21:08:09Z
Artillery Support Vehicles And Equipment,Russia,https://upload.wikimedia.org/wikipedia/commons/thumb/a/a9/Flag_of_the_Soviet_Union.svg/23px-Flag_of_the_Soviet_Union.svg.png,1V13(M) battery fire control center,destroyed,https://i.postimg.cc/c4K0H35q/3211.png,10,63,29,2,32,NA,2022-10-04T21:08:09Z
Artillery Support Vehicles And Equipment,Russia,https://upload.wikimedia.org/wikipedia/commons/thumb/a/a9/Flag_of_the_Soviet_Union.svg/23px-Flag_of_the_Soviet_Union.svg.png,1V13(M) battery fire control center,destroyed,https://i.postimg.cc/132LjY94/3213.png,10,63,29,2,32,NA,2022-10-04T21:08:09Z
Artillery Support Vehicles And Equipment,Russia,https://upload.wikimedia.org/wikipedia/commons/thumb/a/a9/Flag_of_the_Soviet_Union.svg/23px-Flag_of_the_Soviet_Union.svg.png,1V13(M) battery fire control center,abandoned,https://i.postimg.cc/gc14s4Fb/a2.png,10,63,29,2,32,NA,2022-10-04T21:08:09Z
Artillery Support Vehicles And Equipment,Russia,https://upload.wikimedia.org/wikipedia/commons/thumb/a/a9/Flag_of_the_Soviet_Union.svg/23px-Flag_of_the_Soviet_Union.svg.png,1V13(M) battery fire control center,captured,https://i.postimg.cc/MG0ThV5C/335.png,10,63,29,2,32,NA,2022-10-04T21:08:09Z
Artillery Support Vehicles And Equipment,Russia,https://upload.wikimedia.org/wikipedia/commons/thumb/a/a9/Flag_of_the_Soviet_Union.svg/23px-Flag_of_the_Soviet_Union.svg.png,1V13(M) battery fire control center,captured,https://i.postimg.cc/zvT9vXFV/4ff.png,10,63,29,2,32,NA,2022-10-04T21:08:09Z
Artillery Support Vehicles And Equipment,Russia,https://upload.wikimedia.org/wikipedia/commons/thumb/a/a9/Flag_of_the_Soviet_Union.svg/23px-Flag_of_the_Soviet_Union.svg.png,1V13(M) battery fire control center,captured,https://i.postimg.cc/QdsVWrSW/4311.png,10,63,29,2,32,NA,2022-10-04T21:08:09Z
Artillery Support Vehicles And Equipment,Russia,https://upload.wikimedia.org/wikipedia/commons/thumb/a/a9/Flag_of_the_Soviet_Union.svg/23px-Flag_of_the_Soviet_Union.svg.png,1V13(M) battery fire control center,captured,https://i.postimg.cc/7684qCHZ/76j.png,10,63,29,2,32,NA,2022-10-04T21:08:09Z
Artillery Support Vehicles And Equipment,Russia,https://upload.wikimedia.org/wikipedia/commons/thumb/a/a9/Flag_of_the_Soviet_Union.svg/23px-Flag_of_the_Soviet_Union.svg.png,1V13(M) battery fire control center,captured,https://i.postimg.cc/CxNMsZpw/f4311.jpg,10,63,29,2,32,NA,2022-10-04T21:08:09Z
Artillery Support Vehicles And Equipment,Russia,https://upload.wikimedia.org/wikipedia/commons/thumb/a/a9/Flag_of_the_Soviet_Union.svg/23px-Flag_of_the_Soviet_Union.svg.png,1V13(M) battery fire control center,captured,https://postimg.cc/hJ81CDDV,10,63,29,2,32,NA,2022-10-04T21:08:09Z
Artillery Support Vehicles And Equipment,Russia,https://upload.wikimedia.org/wikipedia/commons/thumb/a/a9/Flag_of_the_Soviet_Union.svg/23px-Flag_of_the_Soviet_Union.svg.png,1V13(M) battery fire control center,captured,https://i.postimg.cc/jC0Hsf1B/1001-1v12.png,10,63,29,2,32,NA,2022-10-04T21:08:09Z
Artillery Support Vehicles And Equipment,Russia,https://upload.wikimedia.org/wikipedia/commons/thumb/a/a9/Flag_of_the_Soviet_Union.svg/23px-Flag_of_the_Soviet_Union.svg.png,1V14 battery command and forward observer vehicle,destroyed,https://i.postimg.cc/J4v1XMvj/1000.jpg,9,63,29,2,32,NA,2022-10-04T21:08:09Z
Artillery Support Vehicles And Equipment,Russia,https://upload.wikimedia.org/wikipedia/commons/thumb/a/a9/Flag_of_the_Soviet_Union.svg/23px-Flag_of_the_Soviet_Union.svg.png,1V14 battery command and forward observer vehicle,abandoned,https://i.postimg.cc/63JZBWDQ/b76.png,9,63,29,2,32,NA,2022-10-04T21:08:09Z
Artillery Support Vehicles And Equipment,Russia,https://upload.wikimedia.org/wikipedia/commons/thumb/a/a9/Flag_of_the_Soviet_Union.svg/23px-Flag_of_the_Soviet_Union.svg.png,1V14 battery command and forward observer vehicle,damaged,https://i.postimg.cc/sDTPR0kN/23.jpg,9,63,29,2,32,NA,2022-10-04T21:08:09Z
Artillery Support Vehicles And Equipment,Russia,https://upload.wikimedia.org/wikipedia/commons/thumb/a/a9/Flag_of_the_Soviet_Union.svg/23px-Flag_of_the_Soviet_Union.svg.png,1V14 battery command and forward observer vehicle,captured,https://i.postimg.cc/xjmrvypy/516.png,9,63,29,2,32,NA,2022-10-04T21:08:09Z
Artillery Support Vehicles And Equipment,Russia,https://upload.wikimedia.org/wikipedia/commons/thumb/a/a9/Flag_of_the_Soviet_Union.svg/23px-Flag_of_the_Soviet_Union.svg.png,1V14 battery command and forward observer vehicle,captured,https://i.postimg.cc/kgStdT9g/da.jpg,9,63,29,2,32,NA,2022-10-04T21:08:09Z
Artillery Support Vehicles And Equipment,Russia,https://upload.wikimedia.org/wikipedia/commons/thumb/a/a9/Flag_of_the_Soviet_Union.svg/23px-Flag_of_the_Soviet_Union.svg.png,1V14 battery command and forward observer vehicle,captured,https://i.postimg.cc/CxxL2f5y/31f.png,9,63,29,2,32,NA,2022-10-04T21:08:09Z
Artillery Support Vehicles And Equipment,Russia,https://upload.wikimedia.org/wikipedia/commons/thumb/a/a9/Flag_of_the_Soviet_Union.svg/23px-Flag_of_the_Soviet_Union.svg.png,1V14 battery command and forward observer vehicle,captured,https://postimg.cc/ZBZZ2kjm,9,63,29,2,32,NA,2022-10-04T21:08:09Z
Artillery Support Vehicles And Equipment,Russia,https://upload.wikimedia.org/wikipedia/commons/thumb/a/a9/Flag_of_the_Soviet_Union.svg/23px-Flag_of_the_Soviet_Union.svg.png,1V14 battery command and forward observer vehicle,captured,https://i.postimg.cc/Qx92WtWg/1028-1v14.jpg,9,63,29,2,32,NA,2022-10-04T21:08:09Z
Artillery Support Vehicles And Equipment,Russia,https://upload.wikimedia.org/wikipedia/commons/thumb/a/a9/Flag_of_the_Soviet_Union.svg/23px-Flag_of_the_Soviet_Union.svg.png,1V14 battery command and forward observer vehicle,captured,https://i.postimg.cc/Y0XdW5q3/2022-09-28-1-V14.jpg,9,63,29,2,32,NA,2022-10-04T21:08:09Z
Artillery Support Vehicles And Equipment,Russia,https://upload.wikimedia.org/wikipedia/commons/thumb/a/a9/Flag_of_the_Soviet_Union.svg/23px-Flag_of_the_Soviet_Union.svg.png,1V15M fire control and observation vehicle,destroyed,https://i.postimg.cc/6pHdsDmg/13.png,1,63,29,2,32,NA,2022-10-04T21:08:09Z
Artillery Support Vehicles And Equipment,Russia,https://upload.wikimedia.org/wikipedia/commons/thumb/a/a9/Flag_of_the_Soviet_Union.svg/23px-Flag_of_the_Soviet_Union.svg.png,1V119 artillery fire direction vehicle,destroyed,https://i.postimg.cc/xT3kGN3J/f48.png,7,63,29,2,32,NA,2022-10-04T21:08:09Z
Artillery Support Vehicles And Equipment,Russia,https://upload.wikimedia.org/wikipedia/commons/thumb/a/a9/Flag_of_the_Soviet_Union.svg/23px-Flag_of_the_Soviet_Union.svg.png,1V119 artillery fire direction vehicle,destroyed,https://i.postimg.cc/VvNbGBZ8/h6.jpg,7,63,29,2,32,NA,2022-10-04T21:08:09Z
Artillery Support Vehicles And Equipment,Russia,https://upload.wikimedia.org/wikipedia/commons/thumb/a/a9/Flag_of_the_Soviet_Union.svg/23px-Flag_of_the_Soviet_Union.svg.png,1V119 artillery fire direction vehicle,captured,https://i.postimg.cc/tgYSCmW7/g76.png,7,63,29,2,32,NA,2022-10-04T21:08:09Z
Artillery Support Vehicles And Equipment,Russia,https://upload.wikimedia.org/wikipedia/commons/thumb/a/a9/Flag_of_the_Soviet_Union.svg/23px-Flag_of_the_Soviet_Union.svg.png,1V119 artillery fire direction vehicle,captured,https://i.postimg.cc/J7kqnFJ0/ff2v.jpg,7,63,29,2,32,NA,2022-10-04T21:08:09Z
Artillery Support Vehicles And Equipment,Russia,https://upload.wikimedia.org/wikipedia/commons/thumb/a/a9/Flag_of_the_Soviet_Union.svg/23px-Flag_of_the_Soviet_Union.svg.png,1V119 artillery fire direction vehicle,captured,https://i.postimg.cc/25yxPDFB/d18.png,7,63,29,2,32,NA,2022-10-04T21:08:09Z
Artillery Support Vehicles And Equipment,Russia,https://upload.wikimedia.org/wikipedia/commons/thumb/a/a9/Flag_of_the_Soviet_Union.svg/23px-Flag_of_the_Soviet_Union.svg.png,1V119 artillery fire direction vehicle,captured,https://i.postimg.cc/jdkFKNbv/f1.png,7,63,29,2,32,NA,2022-10-04T21:08:09Z
Artillery Support Vehicles And Equipment,Russia,https://upload.wikimedia.org/wikipedia/commons/thumb/a/a9/Flag_of_the_Soviet_Union.svg/23px-Flag_of_the_Soviet_Union.svg.png,1V119 artillery fire direction vehicle,captured,https://i.postimg.cc/PfK9K2XV/652.png,7,63,29,2,32,NA,2022-10-04T21:08:09Z
Artillery Support Vehicles And Equipment,Russia,https://upload.wikimedia.org/wikipedia/en/thumb/f/f3/Flag_of_Russia.svg/23px-Flag_of_Russia.svg.png,1V1003 command and observation vehicle (for 1V198 artillery fire control system),captured,https://twitter.com/UAWeapons/status/1571945145846710274,1,63,29,2,32,NA,2022-10-04T21:08:09Z
Artillery Support Vehicles And Equipment,Russia,https://upload.wikimedia.org/wikipedia/commons/thumb/a/a9/Flag_of_the_Soviet_Union.svg/23px-Flag_of_the_Soviet_Union.svg.png,9T452 transporter-loader (for BM-27 'Uragan' MRL),destroyed,https://i.postimg.cc/QNzHJ4Yk/n2.png,24,63,29,2,32,NA,2022-10-04T21:08:09Z
Artillery Support Vehicles And Equipment,Russia,https://upload.wikimedia.org/wikipedia/commons/thumb/a/a9/Flag_of_the_Soviet_Union.svg/23px-Flag_of_the_Soviet_Union.svg.png,9T452 transporter-loader (for BM-27 'Uragan' MRL),destroyed,https://i.postimg.cc/Qdy34PjC/d34.jpg,24,63,29,2,32,NA,2022-10-04T21:08:09Z
Artillery Support Vehicles And Equipment,Russia,https://upload.wikimedia.org/wikipedia/commons/thumb/a/a9/Flag_of_the_Soviet_Union.svg/23px-Flag_of_the_Soviet_Union.svg.png,9T452 transporter-loader (for BM-27 'Uragan' MRL),destroyed,https://i.postimg.cc/PxqrrXw4/t4.jpg,24,63,29,2,32,NA,2022-10-04T21:08:09Z
Artillery Support Vehicles And Equipment,Russia,https://upload.wikimedia.org/wikipedia/commons/thumb/a/a9/Flag_of_the_Soviet_Union.svg/23px-Flag_of_the_Soviet_Union.svg.png,9T452 transporter-loader (for BM-27 'Uragan' MRL),destroyed,https://i.postimg.cc/L6g5180Q/t5.jpg,24,63,29,2,32,NA,2022-10-04T21:08:09Z
Artillery Support Vehicles And Equipment,Russia,https://upload.wikimedia.org/wikipedia/commons/thumb/a/a9/Flag_of_the_Soviet_Union.svg/23px-Flag_of_the_Soviet_Union.svg.png,9T452 transporter-loader (for BM-27 'Uragan' MRL),destroyed,https://i.postimg.cc/sX4BXjKH/t6.jpg,24,63,29,2,32,NA,2022-10-04T21:08:09Z
Artillery Support Vehicles And Equipment,Russia,https://upload.wikimedia.org/wikipedia/commons/thumb/a/a9/Flag_of_the_Soviet_Union.svg/23px-Flag_of_the_Soviet_Union.svg.png,9T452 transporter-loader (for BM-27 'Uragan' MRL),destroyed,https://i.postimg.cc/C5Mr6Bt6/p-SBgo-B4-B-jpg-large.jpg,24,63,29,2,32,NA,2022-10-04T21:08:09Z
Artillery Support Vehicles And Equipment,Russia,https://upload.wikimedia.org/wikipedia/commons/thumb/a/a9/Flag_of_the_Soviet_Union.svg/23px-Flag_of_the_Soviet_Union.svg.png,9T452 transporter-loader (for BM-27 'Uragan' MRL),destroyed,https://twitter.com/UAWeapons/status/1520042517382766592,24,63,29,2,32,NA,2022-10-04T21:08:09Z
Artillery Support Vehicles And Equipment,Russia,https://upload.wikimedia.org/wikipedia/commons/thumb/a/a9/Flag_of_the_Soviet_Union.svg/23px-Flag_of_the_Soviet_Union.svg.png,9T452 transporter-loader (for BM-27 'Uragan' MRL),destroyed,https://twitter.com/UAWeapons/status/1520042517382766592,24,63,29,2,32,NA,2022-10-04T21:08:09Z
Artillery Support Vehicles And Equipment,Russia,https://upload.wikimedia.org/wikipedia/commons/thumb/a/a9/Flag_of_the_Soviet_Union.svg/23px-Flag_of_the_Soviet_Union.svg.png,9T452 transporter-loader (for BM-27 'Uragan' MRL),destroyed,https://i.postimg.cc/zGJzBKWH/18.png,24,63,29,2,32,NA,2022-10-04T21:08:09Z
Artillery Support Vehicles And Equipment,Russia,https://upload.wikimedia.org/wikipedia/commons/thumb/a/a9/Flag_of_the_Soviet_Union.svg/23px-Flag_of_the_Soviet_Union.svg.png,9T452 transporter-loader (for BM-27 'Uragan' MRL),destroyed,https://i.postimg.cc/g2NY6jqS/41.png,24,63,29,2,32,NA,2022-10-04T21:08:09Z
Artillery Support Vehicles And Equipment,Russia,https://upload.wikimedia.org/wikipedia/commons/thumb/a/a9/Flag_of_the_Soviet_Union.svg/23px-Flag_of_the_Soviet_Union.svg.png,9T452 transporter-loader (for BM-27 'Uragan' MRL),destroyed,https://twitter.com/UAWeapons/status/1536421907679129600,24,63,29,2,32,NA,2022-10-04T21:08:09Z
Artillery Support Vehicles And Equipment,Russia,https://upload.wikimedia.org/wikipedia/commons/thumb/a/a9/Flag_of_the_Soviet_Union.svg/23px-Flag_of_the_Soviet_Union.svg.png,9T452 transporter-loader (for BM-27 'Uragan' MRL),destroyed,https://i.postimg.cc/xTTBw0gn/1020.jpg,24,63,29,2,32,NA,2022-10-04T21:08:09Z
Artillery Support Vehicles And Equipment,Russia,https://upload.wikimedia.org/wikipedia/commons/thumb/a/a9/Flag_of_the_Soviet_Union.svg/23px-Flag_of_the_Soviet_Union.svg.png,9T452 transporter-loader (for BM-27 'Uragan' MRL),destroyed,https://twitter.com/UAWeapons/status/1544042293442875392,24,63,29,2,32,NA,2022-10-04T21:08:09Z
Artillery Support Vehicles And Equipment,Russia,https://upload.wikimedia.org/wikipedia/commons/thumb/a/a9/Flag_of_the_Soviet_Union.svg/23px-Flag_of_the_Soviet_Union.svg.png,9T452 transporter-loader (for BM-27 'Uragan' MRL),destroyed,https://twitter.com/UAWeapons/status/1544042293442875392,24,63,29,2,32,NA,2022-10-04T21:08:09Z
Artillery Support Vehicles And Equipment,Russia,https://upload.wikimedia.org/wikipedia/commons/thumb/a/a9/Flag_of_the_Soviet_Union.svg/23px-Flag_of_the_Soviet_Union.svg.png,9T452 transporter-loader (for BM-27 'Uragan' MRL),destroyed,https://i.postimg.cc/2Smyg1Wg/1000.jpg,24,63,29,2,32,NA,2022-10-04T21:08:09Z
Artillery Support Vehicles And Equipment,Russia,https://upload.wikimedia.org/wikipedia/commons/thumb/a/a9/Flag_of_the_Soviet_Union.svg/23px-Flag_of_the_Soviet_Union.svg.png,9T452 transporter-loader (for BM-27 'Uragan' MRL),destroyed,https://i.postimg.cc/t45Jb9tJ/1001.jpg,24,63,29,2,32,NA,2022-10-04T21:08:09Z
Artillery Support Vehicles And Equipment,Russia,https://upload.wikimedia.org/wikipedia/commons/thumb/a/a9/Flag_of_the_Soviet_Union.svg/23px-Flag_of_the_Soviet_Union.svg.png,9T452 transporter-loader (for BM-27 'Uragan' MRL),destroyed,https://twitter.com/Blue_Sauron/status/1569356938714009603,24,63,29,2,32,NA,2022-10-04T21:08:09Z
Artillery Support Vehicles And Equipment,Russia,https://upload.wikimedia.org/wikipedia/commons/thumb/a/a9/Flag_of_the_Soviet_Union.svg/23px-Flag_of_the_Soviet_Union.svg.png,9T452 transporter-loader (for BM-27 'Uragan' MRL),captured,https://i.postimg.cc/YCyjYGwT/dd3.jpg,24,63,29,2,32,NA,2022-10-04T21:08:09Z
Artillery Support Vehicles And Equipment,Russia,https://upload.wikimedia.org/wikipedia/commons/thumb/a/a9/Flag_of_the_Soviet_Union.svg/23px-Flag_of_the_Soviet_Union.svg.png,9T452 transporter-loader (for BM-27 'Uragan' MRL),captured,https://i.postimg.cc/KvPYBTtf/76.jpg,24,63,29,2,32,NA,2022-10-04T21:08:09Z
Artillery Support Vehicles And Equipment,Russia,https://upload.wikimedia.org/wikipedia/commons/thumb/a/a9/Flag_of_the_Soviet_Union.svg/23px-Flag_of_the_Soviet_Union.svg.png,9T452 transporter-loader (for BM-27 'Uragan' MRL),captured,https://i.postimg.cc/CMrjXScX/78.png,24,63,29,2,32,NA,2022-10-04T21:08:09Z
Artillery Support Vehicles And Equipment,Russia,https://upload.wikimedia.org/wikipedia/commons/thumb/a/a9/Flag_of_the_Soviet_Union.svg/23px-Flag_of_the_Soviet_Union.svg.png,9T452 transporter-loader (for BM-27 'Uragan' MRL),captured,https://i.postimg.cc/Jh5998QP/5588.jpg,24,63,29,2,32,NA,2022-10-04T21:08:09Z
Artillery Support Vehicles And Equipment,Russia,https://upload.wikimedia.org/wikipedia/commons/thumb/a/a9/Flag_of_the_Soviet_Union.svg/23px-Flag_of_the_Soviet_Union.svg.png,9T452 transporter-loader (for BM-27 'Uragan' MRL),captured,https://i.postimg.cc/Nfvm2pYM/47h.jpg,24,63,29,2,32,NA,2022-10-04T21:08:09Z
Artillery Support Vehicles And Equipment,Russia,https://upload.wikimedia.org/wikipedia/commons/thumb/a/a9/Flag_of_the_Soviet_Union.svg/23px-Flag_of_the_Soviet_Union.svg.png,9T452 transporter-loader (for BM-27 'Uragan' MRL),captured,https://twitter.com/UAWeapons/status/1570032496397455361,24,63,29,2,32,NA,2022-10-04T21:08:09Z
Artillery Support Vehicles And Equipment,Russia,https://upload.wikimedia.org/wikipedia/commons/thumb/a/a9/Flag_of_the_Soviet_Union.svg/23px-Flag_of_the_Soviet_Union.svg.png,9T452 transporter-loader (for BM-27 'Uragan' MRL),captured,https://twitter.com/UAWeapons/status/1570032496397455361,24,63,29,2,32,NA,2022-10-04T21:08:09Z
Artillery Support Vehicles And Equipment,Russia,https://upload.wikimedia.org/wikipedia/commons/thumb/a/a9/Flag_of_the_Soviet_Union.svg/23px-Flag_of_the_Soviet_Union.svg.png,TZM-T reloader vehicle (for TOS-1A),destroyed,https://twitter.com/UAWeapons/status/1527564800041140226,8,63,29,2,32,NA,2022-10-04T21:08:09Z
Artillery Support Vehicles And Equipment,Russia,https://upload.wikimedia.org/wikipedia/commons/thumb/a/a9/Flag_of_the_Soviet_Union.svg/23px-Flag_of_the_Soviet_Union.svg.png,TZM-T reloader vehicle (for TOS-1A),destroyed,https://i.postimg.cc/8P2r4854/d35.png,8,63,29,2,32,NA,2022-10-04T21:08:09Z
Artillery Support Vehicles And Equipment,Russia,https://upload.wikimedia.org/wikipedia/commons/thumb/a/a9/Flag_of_the_Soviet_Union.svg/23px-Flag_of_the_Soviet_Union.svg.png,TZM-T reloader vehicle (for TOS-1A),destroyed,https://i.postimg.cc/3wM0txDr/4b.png,8,63,29,2,32,NA,2022-10-04T21:08:09Z
Artillery Support Vehicles And Equipment,Russia,https://upload.wikimedia.org/wikipedia/commons/thumb/a/a9/Flag_of_the_Soviet_Union.svg/23px-Flag_of_the_Soviet_Union.svg.png,TZM-T reloader vehicle (for TOS-1A),destroyed,https://i.postimg.cc/T20m5nwc/5422.png,8,63,29,2,32,NA,2022-10-04T21:08:09Z
Artillery Support Vehicles And Equipment,Russia,https://upload.wikimedia.org/wikipedia/commons/thumb/a/a9/Flag_of_the_Soviet_Union.svg/23px-Flag_of_the_Soviet_Union.svg.png,TZM-T reloader vehicle (for TOS-1A),captured,https://i.postimg.cc/BbJkL3hg/5f3.png,8,63,29,2,32,NA,2022-10-04T21:08:09Z
Artillery Support Vehicles And Equipment,Russia,https://upload.wikimedia.org/wikipedia/commons/thumb/a/a9/Flag_of_the_Soviet_Union.svg/23px-Flag_of_the_Soviet_Union.svg.png,TZM-T reloader vehicle (for TOS-1A),captured,https://i.postimg.cc/gjSZQCQQ/468.png,8,63,29,2,32,NA,2022-10-04T21:08:09Z
Artillery Support Vehicles And Equipment,Russia,https://upload.wikimedia.org/wikipedia/commons/thumb/a/a9/Flag_of_the_Soviet_Union.svg/23px-Flag_of_the_Soviet_Union.svg.png,TZM-T reloader vehicle (for TOS-1A),captured,https://i.postimg.cc/T1ZNX9Br/568.png,8,63,29,2,32,NA,2022-10-04T21:08:09Z
Artillery Support Vehicles And Equipment,Russia,https://upload.wikimedia.org/wikipedia/commons/thumb/a/a9/Flag_of_the_Soviet_Union.svg/23px-Flag_of_the_Soviet_Union.svg.png,TZM-T reloader vehicle (for TOS-1A),captured,https://i.postimg.cc/289VZp85/5788.png,8,63,29,2,32,NA,2022-10-04T21:08:09Z
Artillery Support Vehicles And Equipment,Russia,https://upload.wikimedia.org/wikipedia/commons/thumb/a/a9/Flag_of_the_Soviet_Union.svg/23px-Flag_of_the_Soviet_Union.svg.png,PRP-4A Argus artillery reconnaissance vehicle,captured,https://i.postimg.cc/D0zgxyKF/1005-PRP-4-A-Argus-artillery-reconnaissance-vehicle.jpg,1,63,29,2,32,NA,2022-10-04T21:08:09Z
Towed Artillery,Russia,https://upload.wikimedia.org/wikipedia/commons/thumb/a/a9/Flag_of_the_Soviet_Union.svg/23px-Flag_of_the_Soviet_Union.svg.png,100mm MT-12 anti-tank gun,destroyed,https://twitter.com/UAWeapons/status/1522214564380569605,5,101,34,5,56,6,2022-10-04T21:08:09Z
Towed Artillery,Russia,https://upload.wikimedia.org/wikipedia/commons/thumb/a/a9/Flag_of_the_Soviet_Union.svg/23px-Flag_of_the_Soviet_Union.svg.png,100mm MT-12 anti-tank gun,captured,https://i.postimg.cc/85pqC5hy/4y.png,5,101,34,5,56,6,2022-10-04T21:08:09Z
Towed Artillery,Russia,https://upload.wikimedia.org/wikipedia/commons/thumb/a/a9/Flag_of_the_Soviet_Union.svg/23px-Flag_of_the_Soviet_Union.svg.png,100mm MT-12 anti-tank gun,captured,https://i.postimg.cc/HLLcDxQ0/1003-mt-12-rapira.jpg,5,101,34,5,56,6,2022-10-04T21:08:09Z
Towed Artillery,Russia,https://upload.wikimedia.org/wikipedia/commons/thumb/a/a9/Flag_of_the_Soviet_Union.svg/23px-Flag_of_the_Soviet_Union.svg.png,100mm MT-12 anti-tank gun,captured,https://twitter.com/UAWeapons/status/1568338907950899203,5,101,34,5,56,6,2022-10-04T21:08:09Z
Towed Artillery,Russia,https://upload.wikimedia.org/wikipedia/commons/thumb/a/a9/Flag_of_the_Soviet_Union.svg/23px-Flag_of_the_Soviet_Union.svg.png,100mm MT-12 anti-tank gun,captured,https://twitter.com/UAWeapons/status/1568985785176571913,5,101,34,5,56,6,2022-10-04T21:08:09Z
Towed Artillery,Russia,https://upload.wikimedia.org/wikipedia/commons/thumb/a/a9/Flag_of_the_Soviet_Union.svg/23px-Flag_of_the_Soviet_Union.svg.png,120mm 2B16 Nona-K howitzer,destroyed,https://postimg.cc/qgLv3gdk,8,101,34,5,56,6,2022-10-04T21:08:09Z
Towed Artillery,Russia,https://upload.wikimedia.org/wikipedia/commons/thumb/a/a9/Flag_of_the_Soviet_Union.svg/23px-Flag_of_the_Soviet_Union.svg.png,120mm 2B16 Nona-K howitzer,abandoned,https://i.postimg.cc/5jcQqnzn/hhj.jpg,8,101,34,5,56,6,2022-10-04T21:08:09Z
Towed Artillery,Russia,https://upload.wikimedia.org/wikipedia/commons/thumb/a/a9/Flag_of_the_Soviet_Union.svg/23px-Flag_of_the_Soviet_Union.svg.png,120mm 2B16 Nona-K howitzer,abandoned,https://i.postimg.cc/sfM2Rn9R/f13.png,8,101,34,5,56,6,2022-10-04T21:08:09Z
Towed Artillery,Russia,https://upload.wikimedia.org/wikipedia/commons/thumb/a/a9/Flag_of_the_Soviet_Union.svg/23px-Flag_of_the_Soviet_Union.svg.png,120mm 2B16 Nona-K howitzer,damaged,https://i.postimg.cc/q79rzL7Q/478.png,8,101,34,5,56,6,2022-10-04T21:08:09Z
Towed Artillery,Russia,https://upload.wikimedia.org/wikipedia/commons/thumb/a/a9/Flag_of_the_Soviet_Union.svg/23px-Flag_of_the_Soviet_Union.svg.png,120mm 2B16 Nona-K howitzer,captured,https://i.postimg.cc/wx2TJysb/4f2.jpg,8,101,34,5,56,6,2022-10-04T21:08:09Z
Towed Artillery,Russia,https://upload.wikimedia.org/wikipedia/commons/thumb/a/a9/Flag_of_the_Soviet_Union.svg/23px-Flag_of_the_Soviet_Union.svg.png,120mm 2B16 Nona-K howitzer,captured,https://i.postimg.cc/QMJ8sWbG/n43.png,8,101,34,5,56,6,2022-10-04T21:08:09Z
Towed Artillery,Russia,https://upload.wikimedia.org/wikipedia/commons/thumb/a/a9/Flag_of_the_Soviet_Union.svg/23px-Flag_of_the_Soviet_Union.svg.png,120mm 2B16 Nona-K howitzer,captured,https://i.postimg.cc/d0khcfdf/776.jpg,8,101,34,5,56,6,2022-10-04T21:08:09Z
Towed Artillery,Russia,https://upload.wikimedia.org/wikipedia/commons/thumb/a/a9/Flag_of_the_Soviet_Union.svg/23px-Flag_of_the_Soviet_Union.svg.png,120mm 2B16 Nona-K howitzer,captured,https://twitter.com/UAWeapons/status/1554068137083117569,8,101,34,5,56,6,2022-10-04T21:08:09Z
Towed Artillery,Russia,https://upload.wikimedia.org/wikipedia/commons/thumb/a/a9/Flag_of_the_Soviet_Union.svg/23px-Flag_of_the_Soviet_Union.svg.png,122mm D-30 howitzer,destroyed,https://i.postimg.cc/3wSr3YWv/g66.png,30,101,34,5,56,6,2022-10-04T21:08:09Z
Towed Artillery,Russia,https://upload.wikimedia.org/wikipedia/commons/thumb/a/a9/Flag_of_the_Soviet_Union.svg/23px-Flag_of_the_Soviet_Union.svg.png,122mm D-30 howitzer,destroyed,https://postimg.cc/HcRgYnF5,30,101,34,5,56,6,2022-10-04T21:08:09Z
Towed Artillery,Russia,https://upload.wikimedia.org/wikipedia/commons/thumb/a/a9/Flag_of_the_Soviet_Union.svg/23px-Flag_of_the_Soviet_Union.svg.png,122mm D-30 howitzer,abandoned,https://i.postimg.cc/DwP0wn1y/Screenshot-8485.png,30,101,34,5,56,6,2022-10-04T21:08:09Z
Towed Artillery,Russia,https://upload.wikimedia.org/wikipedia/commons/thumb/a/a9/Flag_of_the_Soviet_Union.svg/23px-Flag_of_the_Soviet_Union.svg.png,122mm D-30 howitzer,abandoned,https://i.postimg.cc/XJ8bh0Y3/57.png,30,101,34,5,56,6,2022-10-04T21:08:09Z
Towed Artillery,Russia,https://upload.wikimedia.org/wikipedia/commons/thumb/a/a9/Flag_of_the_Soviet_Union.svg/23px-Flag_of_the_Soviet_Union.svg.png,122mm D-30 howitzer,captured,https://postimg.cc/hzvFw3c2,30,101,34,5,56,6,2022-10-04T21:08:09Z
Towed Artillery,Russia,https://upload.wikimedia.org/wikipedia/commons/thumb/a/a9/Flag_of_the_Soviet_Union.svg/23px-Flag_of_the_Soviet_Union.svg.png,122mm D-30 howitzer,captured,https://postimg.cc/hzvFw3c2,30,101,34,5,56,6,2022-10-04T21:08:09Z
Towed Artillery,Russia,https://upload.wikimedia.org/wikipedia/commons/thumb/a/a9/Flag_of_the_Soviet_Union.svg/23px-Flag_of_the_Soviet_Union.svg.png,122mm D-30 howitzer,captured,https://postimg.cc/hzvFw3c2,30,101,34,5,56,6,2022-10-04T21:08:09Z
Towed Artillery,Russia,https://upload.wikimedia.org/wikipedia/commons/thumb/a/a9/Flag_of_the_Soviet_Union.svg/23px-Flag_of_the_Soviet_Union.svg.png,122mm D-30 howitzer,captured,https://postimg.cc/hzvFw3c2,30,101,34,5,56,6,2022-10-04T21:08:09Z
Towed Artillery,Russia,https://upload.wikimedia.org/wikipedia/commons/thumb/a/a9/Flag_of_the_Soviet_Union.svg/23px-Flag_of_the_Soviet_Union.svg.png,122mm D-30 howitzer,captured,https://i.postimg.cc/DzQV61cq/dbb.png,30,101,34,5,56,6,2022-10-04T21:08:09Z
Towed Artillery,Russia,https://upload.wikimedia.org/wikipedia/commons/thumb/a/a9/Flag_of_the_Soviet_Union.svg/23px-Flag_of_the_Soviet_Union.svg.png,122mm D-30 howitzer,captured,https://i.postimg.cc/DzQV61cq/dbb.png,30,101,34,5,56,6,2022-10-04T21:08:09Z
Towed Artillery,Russia,https://upload.wikimedia.org/wikipedia/commons/thumb/a/a9/Flag_of_the_Soviet_Union.svg/23px-Flag_of_the_Soviet_Union.svg.png,122mm D-30 howitzer,captured,https://i.postimg.cc/DzQV61cq/dbb.png,30,101,34,5,56,6,2022-10-04T21:08:09Z
Towed Artillery,Russia,https://upload.wikimedia.org/wikipedia/commons/thumb/a/a9/Flag_of_the_Soviet_Union.svg/23px-Flag_of_the_Soviet_Union.svg.png,122mm D-30 howitzer,captured,https://i.postimg.cc/DzQV61cq/dbb.png,30,101,34,5,56,6,2022-10-04T21:08:09Z
Towed Artillery,Russia,https://upload.wikimedia.org/wikipedia/commons/thumb/a/a9/Flag_of_the_Soviet_Union.svg/23px-Flag_of_the_Soviet_Union.svg.png,122mm D-30 howitzer,captured,https://i.postimg.cc/DzQV61cq/dbb.png,30,101,34,5,56,6,2022-10-04T21:08:09Z
Towed Artillery,Russia,https://upload.wikimedia.org/wikipedia/commons/thumb/a/a9/Flag_of_the_Soviet_Union.svg/23px-Flag_of_the_Soviet_Union.svg.png,122mm D-30 howitzer,captured,https://i.postimg.cc/DzQV61cq/dbb.png,30,101,34,5,56,6,2022-10-04T21:08:09Z
Towed Artillery,Russia,https://upload.wikimedia.org/wikipedia/commons/thumb/a/a9/Flag_of_the_Soviet_Union.svg/23px-Flag_of_the_Soviet_Union.svg.png,122mm D-30 howitzer,captured,https://i.postimg.cc/DzQV61cq/dbb.png,30,101,34,5,56,6,2022-10-04T21:08:09Z
Towed Artillery,Russia,https://upload.wikimedia.org/wikipedia/commons/thumb/a/a9/Flag_of_the_Soviet_Union.svg/23px-Flag_of_the_Soviet_Union.svg.png,122mm D-30 howitzer,captured,https://i.postimg.cc/DzQV61cq/dbb.png,30,101,34,5,56,6,2022-10-04T21:08:09Z
Towed Artillery,Russia,https://upload.wikimedia.org/wikipedia/commons/thumb/a/a9/Flag_of_the_Soviet_Union.svg/23px-Flag_of_the_Soviet_Union.svg.png,122mm D-30 howitzer,captured,https://i.postimg.cc/DzQV61cq/dbb.png,30,101,34,5,56,6,2022-10-04T21:08:09Z
Towed Artillery,Russia,https://upload.wikimedia.org/wikipedia/commons/thumb/a/a9/Flag_of_the_Soviet_Union.svg/23px-Flag_of_the_Soviet_Union.svg.png,122mm D-30 howitzer,captured,https://i.postimg.cc/DzQV61cq/dbb.png,30,101,34,5,56,6,2022-10-04T21:08:09Z
Towed Artillery,Russia,https://upload.wikimedia.org/wikipedia/commons/thumb/a/a9/Flag_of_the_Soviet_Union.svg/23px-Flag_of_the_Soviet_Union.svg.png,122mm D-30 howitzer,captured,https://i.postimg.cc/DzQV61cq/dbb.png,30,101,34,5,56,6,2022-10-04T21:08:09Z
Towed Artillery,Russia,https://upload.wikimedia.org/wikipedia/commons/thumb/a/a9/Flag_of_the_Soviet_Union.svg/23px-Flag_of_the_Soviet_Union.svg.png,122mm D-30 howitzer,captured,https://i.postimg.cc/j2rw6ZJ8/4f0.png,30,101,34,5,56,6,2022-10-04T21:08:09Z
Towed Artillery,Russia,https://upload.wikimedia.org/wikipedia/commons/thumb/a/a9/Flag_of_the_Soviet_Union.svg/23px-Flag_of_the_Soviet_Union.svg.png,122mm D-30 howitzer,captured,https://i.postimg.cc/j2rw6ZJ8/4f0.png,30,101,34,5,56,6,2022-10-04T21:08:09Z
Towed Artillery,Russia,https://upload.wikimedia.org/wikipedia/commons/thumb/a/a9/Flag_of_the_Soviet_Union.svg/23px-Flag_of_the_Soviet_Union.svg.png,122mm D-30 howitzer,captured,https://i.postimg.cc/j2rw6ZJ8/4f0.png,30,101,34,5,56,6,2022-10-04T21:08:09Z
Towed Artillery,Russia,https://upload.wikimedia.org/wikipedia/commons/thumb/a/a9/Flag_of_the_Soviet_Union.svg/23px-Flag_of_the_Soviet_Union.svg.png,122mm D-30 howitzer,captured,https://i.postimg.cc/j2rw6ZJ8/4f0.png,30,101,34,5,56,6,2022-10-04T21:08:09Z
Towed Artillery,Russia,https://upload.wikimedia.org/wikipedia/commons/thumb/a/a9/Flag_of_the_Soviet_Union.svg/23px-Flag_of_the_Soviet_Union.svg.png,122mm D-30 howitzer,captured,https://i.postimg.cc/yND9cys5/5j.png,30,101,34,5,56,6,2022-10-04T21:08:09Z
Towed Artillery,Russia,https://upload.wikimedia.org/wikipedia/commons/thumb/a/a9/Flag_of_the_Soviet_Union.svg/23px-Flag_of_the_Soviet_Union.svg.png,122mm D-30 howitzer,captured,https://i.postimg.cc/tTCN00pb/776.png,30,101,34,5,56,6,2022-10-04T21:08:09Z
Towed Artillery,Russia,https://upload.wikimedia.org/wikipedia/commons/thumb/a/a9/Flag_of_the_Soviet_Union.svg/23px-Flag_of_the_Soviet_Union.svg.png,122mm D-30 howitzer,captured,https://i.postimg.cc/G9nprdqq/d25.png,30,101,34,5,56,6,2022-10-04T21:08:09Z
Towed Artillery,Russia,https://upload.wikimedia.org/wikipedia/commons/thumb/a/a9/Flag_of_the_Soviet_Union.svg/23px-Flag_of_the_Soviet_Union.svg.png,122mm D-30 howitzer,captured,https://i.postimg.cc/J4SbdYFW/555.jpg,30,101,34,5,56,6,2022-10-04T21:08:09Z
Towed Artillery,Russia,https://upload.wikimedia.org/wikipedia/commons/thumb/a/a9/Flag_of_the_Soviet_Union.svg/23px-Flag_of_the_Soviet_Union.svg.png,122mm D-30 howitzer,captured,https://i.postimg.cc/QtWtZFpF/j77.jpg,30,101,34,5,56,6,2022-10-04T21:08:09Z
Towed Artillery,Russia,https://upload.wikimedia.org/wikipedia/commons/thumb/a/a9/Flag_of_the_Soviet_Union.svg/23px-Flag_of_the_Soviet_Union.svg.png,122mm D-30 howitzer,captured,https://i.postimg.cc/fLHffrmc/31d.png,30,101,34,5,56,6,2022-10-04T21:08:09Z
Towed Artillery,Russia,https://upload.wikimedia.org/wikipedia/commons/thumb/a/a9/Flag_of_the_Soviet_Union.svg/23px-Flag_of_the_Soviet_Union.svg.png,122mm D-30 howitzer,damaged,https://i.postimg.cc/ZRrPVHSv/1169-d30.jpg,30,101,34,5,56,6,2022-10-04T21:08:09Z
Towed Artillery,Russia,https://upload.wikimedia.org/wikipedia/commons/thumb/a/a9/Flag_of_the_Soviet_Union.svg/23px-Flag_of_the_Soviet_Union.svg.png,152mm D-20 gun-howitzer,destroyed,https://i.postimg.cc/sxxtHy7x/38.png,3,101,34,5,56,6,2022-10-04T21:08:09Z
Towed Artillery,Russia,https://upload.wikimedia.org/wikipedia/commons/thumb/a/a9/Flag_of_the_Soviet_Union.svg/23px-Flag_of_the_Soviet_Union.svg.png,152mm D-20 gun-howitzer,damaged,https://i.postimg.cc/gj2R3Wt5/1018-D-20-destr.jpg,3,101,34,5,56,6,2022-10-04T21:08:09Z
Towed Artillery,Russia,https://upload.wikimedia.org/wikipedia/commons/thumb/a/a9/Flag_of_the_Soviet_Union.svg/23px-Flag_of_the_Soviet_Union.svg.png,152mm D-20 gun-howitzer,captured,https://twitter.com/UAWeapons/status/1570491371903131649,3,101,34,5,56,6,2022-10-04T21:08:09Z
Towed Artillery,Russia,https://upload.wikimedia.org/wikipedia/commons/thumb/a/a9/Flag_of_the_Soviet_Union.svg/23px-Flag_of_the_Soviet_Union.svg.png,152mm 2A65 Msta-B howitzer,destroyed,https://i.postimg.cc/prGV0k4f/Screenshot-8069.png,49,101,34,5,56,6,2022-10-04T21:08:09Z
Towed Artillery,Russia,https://upload.wikimedia.org/wikipedia/commons/thumb/a/a9/Flag_of_the_Soviet_Union.svg/23px-Flag_of_the_Soviet_Union.svg.png,152mm 2A65 Msta-B howitzer,destroyed,https://i.postimg.cc/05cN22jz/Screenshot-8075.png,49,101,34,5,56,6,2022-10-04T21:08:09Z
Towed Artillery,Russia,https://upload.wikimedia.org/wikipedia/commons/thumb/a/a9/Flag_of_the_Soviet_Union.svg/23px-Flag_of_the_Soviet_Union.svg.png,152mm 2A65 Msta-B howitzer,destroyed,https://i.postimg.cc/2Sv4t0Pb/b90.png,49,101,34,5,56,6,2022-10-04T21:08:09Z
Towed Artillery,Russia,https://upload.wikimedia.org/wikipedia/commons/thumb/a/a9/Flag_of_the_Soviet_Union.svg/23px-Flag_of_the_Soviet_Union.svg.png,152mm 2A65 Msta-B howitzer,destroyed,https://i.postimg.cc/KcLNcy8g/84.jpg,49,101,34,5,56,6,2022-10-04T21:08:09Z
Towed Artillery,Russia,https://upload.wikimedia.org/wikipedia/commons/thumb/a/a9/Flag_of_the_Soviet_Union.svg/23px-Flag_of_the_Soviet_Union.svg.png,152mm 2A65 Msta-B howitzer,destroyed,https://i.postimg.cc/KcLNcy8g/84.jpg,49,101,34,5,56,6,2022-10-04T21:08:09Z
Towed Artillery,Russia,https://upload.wikimedia.org/wikipedia/commons/thumb/a/a9/Flag_of_the_Soviet_Union.svg/23px-Flag_of_the_Soviet_Union.svg.png,152mm 2A65 Msta-B howitzer,destroyed,https://i.postimg.cc/KcLNcy8g/84.jpg,49,101,34,5,56,6,2022-10-04T21:08:09Z
Towed Artillery,Russia,https://upload.wikimedia.org/wikipedia/commons/thumb/a/a9/Flag_of_the_Soviet_Union.svg/23px-Flag_of_the_Soviet_Union.svg.png,152mm 2A65 Msta-B howitzer,destroyed,https://i.postimg.cc/KcLNcy8g/84.jpg,49,101,34,5,56,6,2022-10-04T21:08:09Z
Towed Artillery,Russia,https://upload.wikimedia.org/wikipedia/commons/thumb/a/a9/Flag_of_the_Soviet_Union.svg/23px-Flag_of_the_Soviet_Union.svg.png,152mm 2A65 Msta-B howitzer,destroyed,https://i.postimg.cc/3NHnkBVw/65h.jpg,49,101,34,5,56,6,2022-10-04T21:08:09Z
Towed Artillery,Russia,https://upload.wikimedia.org/wikipedia/commons/thumb/a/a9/Flag_of_the_Soviet_Union.svg/23px-Flag_of_the_Soviet_Union.svg.png,152mm 2A65 Msta-B howitzer,destroyed,https://i.postimg.cc/QCBzM1tb/31.png,49,101,34,5,56,6,2022-10-04T21:08:09Z
Towed Artillery,Russia,https://upload.wikimedia.org/wikipedia/commons/thumb/a/a9/Flag_of_the_Soviet_Union.svg/23px-Flag_of_the_Soviet_Union.svg.png,152mm 2A65 Msta-B howitzer,destroyed,https://twitter.com/UAWeapons/status/1520364599098462214,49,101,34,5,56,6,2022-10-04T21:08:09Z
Towed Artillery,Russia,https://upload.wikimedia.org/wikipedia/commons/thumb/a/a9/Flag_of_the_Soviet_Union.svg/23px-Flag_of_the_Soviet_Union.svg.png,152mm 2A65 Msta-B howitzer,destroyed,https://twitter.com/UAWeapons/status/1520364599098462214,49,101,34,5,56,6,2022-10-04T21:08:09Z
Towed Artillery,Russia,https://upload.wikimedia.org/wikipedia/commons/thumb/a/a9/Flag_of_the_Soviet_Union.svg/23px-Flag_of_the_Soviet_Union.svg.png,152mm 2A65 Msta-B howitzer,destroyed,https://i.postimg.cc/Znpnx6jR/988.jpg,49,101,34,5,56,6,2022-10-04T21:08:09Z
Towed Artillery,Russia,https://upload.wikimedia.org/wikipedia/commons/thumb/a/a9/Flag_of_the_Soviet_Union.svg/23px-Flag_of_the_Soviet_Union.svg.png,152mm 2A65 Msta-B howitzer,destroyed,https://twitter.com/UAWeapons/status/1535017098765914129,49,101,34,5,56,6,2022-10-04T21:08:09Z
Towed Artillery,Russia,https://upload.wikimedia.org/wikipedia/commons/thumb/a/a9/Flag_of_the_Soviet_Union.svg/23px-Flag_of_the_Soviet_Union.svg.png,152mm 2A65 Msta-B howitzer,destroyed,https://twitter.com/UAWeapons/status/1537523302951944195,49,101,34,5,56,6,2022-10-04T21:08:09Z
Towed Artillery,Russia,https://upload.wikimedia.org/wikipedia/commons/thumb/a/a9/Flag_of_the_Soviet_Union.svg/23px-Flag_of_the_Soviet_Union.svg.png,152mm 2A65 Msta-B howitzer,destroyed,https://twitter.com/UAWeapons/status/1540049725042425861,49,101,34,5,56,6,2022-10-04T21:08:09Z
Towed Artillery,Russia,https://upload.wikimedia.org/wikipedia/commons/thumb/a/a9/Flag_of_the_Soviet_Union.svg/23px-Flag_of_the_Soviet_Union.svg.png,152mm 2A65 Msta-B howitzer,destroyed,https://twitter.com/UAWeapons/status/1540049725042425861,49,101,34,5,56,6,2022-10-04T21:08:09Z
Towed Artillery,Russia,https://upload.wikimedia.org/wikipedia/commons/thumb/a/a9/Flag_of_the_Soviet_Union.svg/23px-Flag_of_the_Soviet_Union.svg.png,152mm 2A65 Msta-B howitzer,destroyed,https://twitter.com/UAWeapons/status/1562761884800991233,49,101,34,5,56,6,2022-10-04T21:08:09Z
Towed Artillery,Russia,https://upload.wikimedia.org/wikipedia/commons/thumb/a/a9/Flag_of_the_Soviet_Union.svg/23px-Flag_of_the_Soviet_Union.svg.png,152mm 2A65 Msta-B howitzer,destroyed,https://twitter.com/UAWeapons/status/1562761884800991233,49,101,34,5,56,6,2022-10-04T21:08:09Z
Towed Artillery,Russia,https://upload.wikimedia.org/wikipedia/commons/thumb/a/a9/Flag_of_the_Soviet_Union.svg/23px-Flag_of_the_Soviet_Union.svg.png,152mm 2A65 Msta-B howitzer,destroyed,https://twitter.com/UAWeapons/status/1566403272050720769,49,101,34,5,56,6,2022-10-04T21:08:09Z
Towed Artillery,Russia,https://upload.wikimedia.org/wikipedia/commons/thumb/a/a9/Flag_of_the_Soviet_Union.svg/23px-Flag_of_the_Soviet_Union.svg.png,152mm 2A65 Msta-B howitzer,destroyed,https://twitter.com/Blue_Sauron/status/1569280342531665922,49,101,34,5,56,6,2022-10-04T21:08:09Z
Towed Artillery,Russia,https://upload.wikimedia.org/wikipedia/commons/thumb/a/a9/Flag_of_the_Soviet_Union.svg/23px-Flag_of_the_Soviet_Union.svg.png,152mm 2A65 Msta-B howitzer,destroyed,https://i.postimg.cc/1zBM000d/1002-msta-b.jpg,49,101,34,5,56,6,2022-10-04T21:08:09Z
Towed Artillery,Russia,https://upload.wikimedia.org/wikipedia/commons/thumb/a/a9/Flag_of_the_Soviet_Union.svg/23px-Flag_of_the_Soviet_Union.svg.png,152mm 2A65 Msta-B howitzer,destroyed,https://twitter.com/UAWeapons/status/1574464545006854144,49,101,34,5,56,6,2022-10-04T21:08:09Z
Towed Artillery,Russia,https://upload.wikimedia.org/wikipedia/commons/thumb/a/a9/Flag_of_the_Soviet_Union.svg/23px-Flag_of_the_Soviet_Union.svg.png,152mm 2A65 Msta-B howitzer,destroyed,https://twitter.com/UAWeapons/status/1574464545006854144,49,101,34,5,56,6,2022-10-04T21:08:09Z
Towed Artillery,Russia,https://upload.wikimedia.org/wikipedia/commons/thumb/a/a9/Flag_of_the_Soviet_Union.svg/23px-Flag_of_the_Soviet_Union.svg.png,152mm 2A65 Msta-B howitzer,destroyed,https://twitter.com/UAWeapons/status/1574464545006854144,49,101,34,5,56,6,2022-10-04T21:08:09Z
Towed Artillery,Russia,https://upload.wikimedia.org/wikipedia/commons/thumb/a/a9/Flag_of_the_Soviet_Union.svg/23px-Flag_of_the_Soviet_Union.svg.png,152mm 2A65 Msta-B howitzer,damaged,https://i.postimg.cc/yYx8J43v/Screenshot-8073.png,49,101,34,5,56,6,2022-10-04T21:08:09Z
Towed Artillery,Russia,https://upload.wikimedia.org/wikipedia/commons/thumb/a/a9/Flag_of_the_Soviet_Union.svg/23px-Flag_of_the_Soviet_Union.svg.png,152mm 2A65 Msta-B howitzer,,https://postimg.cc/q6CYJkkd,49,101,34,5,56,6,2022-10-04T21:08:09Z
Towed Artillery,Russia,https://upload.wikimedia.org/wikipedia/commons/thumb/a/a9/Flag_of_the_Soviet_Union.svg/23px-Flag_of_the_Soviet_Union.svg.png,152mm 2A65 Msta-B howitzer,damaged,https://i.postimg.cc/Y9xbmgHf/6655.jpg,49,101,34,5,56,6,2022-10-04T21:08:09Z
Towed Artillery,Russia,https://upload.wikimedia.org/wikipedia/commons/thumb/a/a9/Flag_of_the_Soviet_Union.svg/23px-Flag_of_the_Soviet_Union.svg.png,152mm 2A65 Msta-B howitzer,damaged,https://i.postimg.cc/Y9xbmgHf/6655.jpg,49,101,34,5,56,6,2022-10-04T21:08:09Z
Towed Artillery,Russia,https://upload.wikimedia.org/wikipedia/commons/thumb/a/a9/Flag_of_the_Soviet_Union.svg/23px-Flag_of_the_Soviet_Union.svg.png,152mm 2A65 Msta-B howitzer,damaged,https://i.postimg.cc/QCTj6V1n/1003-1x-2-A65-Msta-B-damaged.jpg,49,101,34,5,56,6,2022-10-04T21:08:09Z
Towed Artillery,Russia,https://upload.wikimedia.org/wikipedia/commons/thumb/a/a9/Flag_of_the_Soviet_Union.svg/23px-Flag_of_the_Soviet_Union.svg.png,152mm 2A65 Msta-B howitzer,abandoned,https://i.postimg.cc/13CTS2R9/431f.png,49,101,34,5,56,6,2022-10-04T21:08:09Z
Towed Artillery,Russia,https://upload.wikimedia.org/wikipedia/commons/thumb/a/a9/Flag_of_the_Soviet_Union.svg/23px-Flag_of_the_Soviet_Union.svg.png,152mm 2A65 Msta-B howitzer,captured,https://i.postimg.cc/fyyLqsyT/45.png,49,101,34,5,56,6,2022-10-04T21:08:09Z
Towed Artillery,Russia,https://upload.wikimedia.org/wikipedia/commons/thumb/a/a9/Flag_of_the_Soviet_Union.svg/23px-Flag_of_the_Soviet_Union.svg.png,152mm 2A65 Msta-B howitzer,captured,https://i.postimg.cc/v8NzV8Dr/ml.jpg,49,101,34,5,56,6,2022-10-04T21:08:09Z
Towed Artillery,Russia,https://upload.wikimedia.org/wikipedia/commons/thumb/a/a9/Flag_of_the_Soviet_Union.svg/23px-Flag_of_the_Soviet_Union.svg.png,152mm 2A65 Msta-B howitzer,captured,https://i.postimg.cc/PxnRQvP2/57.png,49,101,34,5,56,6,2022-10-04T21:08:09Z
Towed Artillery,Russia,https://upload.wikimedia.org/wikipedia/commons/thumb/a/a9/Flag_of_the_Soviet_Union.svg/23px-Flag_of_the_Soviet_Union.svg.png,152mm 2A65 Msta-B howitzer,captured,https://i.postimg.cc/NGX2Bc6r/c1.jpg,49,101,34,5,56,6,2022-10-04T21:08:09Z
Towed Artillery,Russia,https://upload.wikimedia.org/wikipedia/commons/thumb/a/a9/Flag_of_the_Soviet_Union.svg/23px-Flag_of_the_Soviet_Union.svg.png,152mm 2A65 Msta-B howitzer,captured,https://i.postimg.cc/j5wwWVBm/c2.jpg,49,101,34,5,56,6,2022-10-04T21:08:09Z
Towed Artillery,Russia,https://upload.wikimedia.org/wikipedia/commons/thumb/a/a9/Flag_of_the_Soviet_Union.svg/23px-Flag_of_the_Soviet_Union.svg.png,152mm 2A65 Msta-B howitzer,captured,https://i.postimg.cc/J0Ncj6gb/b56.jpg,49,101,34,5,56,6,2022-10-04T21:08:09Z
Towed Artillery,Russia,https://upload.wikimedia.org/wikipedia/commons/thumb/a/a9/Flag_of_the_Soviet_Union.svg/23px-Flag_of_the_Soviet_Union.svg.png,152mm 2A65 Msta-B howitzer,captured,https://i.postimg.cc/NMzvD0kR/540.jpg,49,101,34,5,56,6,2022-10-04T21:08:09Z
Towed Artillery,Russia,https://upload.wikimedia.org/wikipedia/commons/thumb/a/a9/Flag_of_the_Soviet_Union.svg/23px-Flag_of_the_Soviet_Union.svg.png,152mm 2A65 Msta-B howitzer,captured,https://i.postimg.cc/MK5RVChf/76j.png,49,101,34,5,56,6,2022-10-04T21:08:09Z
Towed Artillery,Russia,https://upload.wikimedia.org/wikipedia/commons/thumb/a/a9/Flag_of_the_Soviet_Union.svg/23px-Flag_of_the_Soviet_Union.svg.png,152mm 2A65 Msta-B howitzer,captured,https://i.postimg.cc/hPHYt3Gw/67.png,49,101,34,5,56,6,2022-10-04T21:08:09Z
Towed Artillery,Russia,https://upload.wikimedia.org/wikipedia/commons/thumb/a/a9/Flag_of_the_Soviet_Union.svg/23px-Flag_of_the_Soviet_Union.svg.png,152mm 2A65 Msta-B howitzer,captured,https://postimg.cc/phhtFG0p,49,101,34,5,56,6,2022-10-04T21:08:09Z
Towed Artillery,Russia,https://upload.wikimedia.org/wikipedia/commons/thumb/a/a9/Flag_of_the_Soviet_Union.svg/23px-Flag_of_the_Soviet_Union.svg.png,152mm 2A65 Msta-B howitzer,damaged,https://i.postimg.cc/4338Nym4/1024-msta-b.jpg,49,101,34,5,56,6,2022-10-04T21:08:09Z
Towed Artillery,Russia,https://upload.wikimedia.org/wikipedia/commons/thumb/a/a9/Flag_of_the_Soviet_Union.svg/23px-Flag_of_the_Soviet_Union.svg.png,152mm 2A65 Msta-B howitzer,captured,https://twitter.com/UAWeapons/status/1568337843084206081,49,101,34,5,56,6,2022-10-04T21:08:09Z
Towed Artillery,Russia,https://upload.wikimedia.org/wikipedia/commons/thumb/a/a9/Flag_of_the_Soviet_Union.svg/23px-Flag_of_the_Soviet_Union.svg.png,152mm 2A65 Msta-B howitzer,captured,https://twitter.com/UAWeapons/status/1569407860018225156,49,101,34,5,56,6,2022-10-04T21:08:09Z
Towed Artillery,Russia,https://upload.wikimedia.org/wikipedia/commons/thumb/a/a9/Flag_of_the_Soviet_Union.svg/23px-Flag_of_the_Soviet_Union.svg.png,152mm 2A65 Msta-B howitzer,captured,https://twitter.com/UAWeapons/status/1569229430765289472,49,101,34,5,56,6,2022-10-04T21:08:09Z
Towed Artillery,Russia,https://upload.wikimedia.org/wikipedia/commons/thumb/a/a9/Flag_of_the_Soviet_Union.svg/23px-Flag_of_the_Soviet_Union.svg.png,152mm 2A65 Msta-B howitzer,captured,https://twitter.com/UAWeapons/status/1571505879068942338,49,101,34,5,56,6,2022-10-04T21:08:09Z
Towed Artillery,Russia,https://upload.wikimedia.org/wikipedia/commons/thumb/a/a9/Flag_of_the_Soviet_Union.svg/23px-Flag_of_the_Soviet_Union.svg.png,152mm 2A65 Msta-B howitzer,captured,https://twitter.com/UAWeapons/status/1573080312158076929,49,101,34,5,56,6,2022-10-04T21:08:09Z
Towed Artillery,Russia,https://upload.wikimedia.org/wikipedia/commons/thumb/a/a9/Flag_of_the_Soviet_Union.svg/23px-Flag_of_the_Soviet_Union.svg.png,152mm 2A65 Msta-B howitzer,captured,https://twitter.com/UAWeapons/status/1573080312158076929,49,101,34,5,56,6,2022-10-04T21:08:09Z
Towed Artillery,Russia,https://upload.wikimedia.org/wikipedia/commons/thumb/a/a9/Flag_of_the_Soviet_Union.svg/23px-Flag_of_the_Soviet_Union.svg.png,152mm 2A65 Msta-B howitzer,captured,https://twitter.com/UAWeapons/status/1574871051091189763,49,101,34,5,56,6,2022-10-04T21:08:09Z
Towed Artillery,Russia,https://upload.wikimedia.org/wikipedia/commons/thumb/a/a9/Flag_of_the_Soviet_Union.svg/23px-Flag_of_the_Soviet_Union.svg.png,152mm 2A65 Msta-B howitzer,captured,https://twitter.com/UAWeapons/status/1576529472823898112,49,101,34,5,56,6,2022-10-04T21:08:09Z
Towed Artillery,Russia,https://upload.wikimedia.org/wikipedia/commons/thumb/a/a9/Flag_of_the_Soviet_Union.svg/23px-Flag_of_the_Soviet_Union.svg.png,152mm 2A36 Giatsint-B,destroyed,https://i.postimg.cc/NFvjMfrz/1015-2-A36-Giatsint-B.jpg,2,101,34,5,56,6,2022-10-04T21:08:09Z
Towed Artillery,Russia,https://upload.wikimedia.org/wikipedia/commons/thumb/a/a9/Flag_of_the_Soviet_Union.svg/23px-Flag_of_the_Soviet_Union.svg.png,152mm 2A36 Giatsint-B,captured,https://twitter.com/UAWeapons/status/1572616448601735181,2,101,34,5,56,6,2022-10-04T21:08:09Z
Towed Artillery,Russia,https://upload.wikimedia.org/wikipedia/commons/thumb/a/a9/Flag_of_the_Soviet_Union.svg/23px-Flag_of_the_Soviet_Union.svg.png,Unknown towed artillery,destroyed,https://twitter.com/Blue_Sauron/status/1545642114486263808,4,101,34,5,56,6,2022-10-04T21:08:09Z
Towed Artillery,Russia,https://upload.wikimedia.org/wikipedia/commons/thumb/a/a9/Flag_of_the_Soviet_Union.svg/23px-Flag_of_the_Soviet_Union.svg.png,Unknown towed artillery,destroyed,https://twitter.com/Blue_Sauron/status/1546433071335063558,4,101,34,5,56,6,2022-10-04T21:08:09Z
Towed Artillery,Russia,https://upload.wikimedia.org/wikipedia/commons/thumb/a/a9/Flag_of_the_Soviet_Union.svg/23px-Flag_of_the_Soviet_Union.svg.png,Unknown towed artillery,destroyed,https://twitter.com/Blue_Sauron/status/1546433071335063558,4,101,34,5,56,6,2022-10-04T21:08:09Z
Towed Artillery,Russia,https://upload.wikimedia.org/wikipedia/commons/thumb/a/a9/Flag_of_the_Soviet_Union.svg/23px-Flag_of_the_Soviet_Union.svg.png,Unknown towed artillery,destroyed,https://i.postimg.cc/3w5D0yxC/1034-unkn-towed-arty.jpg,4,101,34,5,56,6,2022-10-04T21:08:09Z
Self-Propelled Artillery,Russia,https://upload.wikimedia.org/wikipedia/commons/thumb/a/a9/Flag_of_the_Soviet_Union.svg/23px-Flag_of_the_Soviet_Union.svg.png,120mm 2S9 Nona,destroyed,https://i.postimg.cc/Hs4Pk04p/443.png,13,218,107,13,92,6,2022-10-04T21:08:09Z
Self-Propelled Artillery,Russia,https://upload.wikimedia.org/wikipedia/commons/thumb/a/a9/Flag_of_the_Soviet_Union.svg/23px-Flag_of_the_Soviet_Union.svg.png,120mm 2S9 Nona,destroyed,https://i.postimg.cc/ncC7ghxb/431.png,13,218,107,13,92,6,2022-10-04T21:08:09Z
Self-Propelled Artillery,Russia,https://upload.wikimedia.org/wikipedia/commons/thumb/a/a9/Flag_of_the_Soviet_Union.svg/23px-Flag_of_the_Soviet_Union.svg.png,120mm 2S9 Nona,destroyed,https://i.postimg.cc/Mp83pkdp/7h5.jpg,13,218,107,13,92,6,2022-10-04T21:08:09Z
Self-Propelled Artillery,Russia,https://upload.wikimedia.org/wikipedia/commons/thumb/a/a9/Flag_of_the_Soviet_Union.svg/23px-Flag_of_the_Soviet_Union.svg.png,120mm 2S9 Nona,destroyed,https://i.postimg.cc/x1Wr1Md0/1047-120mm-2-S9-Nona.jpg,13,218,107,13,92,6,2022-10-04T21:08:09Z
Self-Propelled Artillery,Russia,https://upload.wikimedia.org/wikipedia/commons/thumb/a/a9/Flag_of_the_Soviet_Union.svg/23px-Flag_of_the_Soviet_Union.svg.png,120mm 2S9 Nona,destroyed,https://i.postimg.cc/DwWkhBnj/1048-120mm-2-S9-Nona.jpg,13,218,107,13,92,6,2022-10-04T21:08:09Z
Self-Propelled Artillery,Russia,https://upload.wikimedia.org/wikipedia/commons/thumb/a/a9/Flag_of_the_Soviet_Union.svg/23px-Flag_of_the_Soviet_Union.svg.png,120mm 2S9 Nona,destroyed,https://i.postimg.cc/nzbtDYpw/1073-120mm-2-S9-Nona.jpg,13,218,107,13,92,6,2022-10-04T21:08:09Z
Self-Propelled Artillery,Russia,https://upload.wikimedia.org/wikipedia/commons/thumb/a/a9/Flag_of_the_Soviet_Union.svg/23px-Flag_of_the_Soviet_Union.svg.png,120mm 2S9 Nona,destroyed,https://i.postimg.cc/3xcn04LV/1091-120mm-2-S9-Nona.jpg,13,218,107,13,92,6,2022-10-04T21:08:09Z
Self-Propelled Artillery,Russia,https://upload.wikimedia.org/wikipedia/commons/thumb/a/a9/Flag_of_the_Soviet_Union.svg/23px-Flag_of_the_Soviet_Union.svg.png,120mm 2S9 Nona,destroyed,https://i.postimg.cc/Cx1cKH4b/1092-120mm-2-S9-Nona.jpg,13,218,107,13,92,6,2022-10-04T21:08:09Z
Self-Propelled Artillery,Russia,https://upload.wikimedia.org/wikipedia/commons/thumb/a/a9/Flag_of_the_Soviet_Union.svg/23px-Flag_of_the_Soviet_Union.svg.png,120mm 2S9 Nona,abandoned,https://i.postimg.cc/KcgFMz7v/543.png,13,218,107,13,92,6,2022-10-04T21:08:09Z
Self-Propelled Artillery,Russia,https://upload.wikimedia.org/wikipedia/commons/thumb/a/a9/Flag_of_the_Soviet_Union.svg/23px-Flag_of_the_Soviet_Union.svg.png,120mm 2S9 Nona,captured,https://i.postimg.cc/bwPz8VWX/6522.jpg,13,218,107,13,92,6,2022-10-04T21:08:09Z
Self-Propelled Artillery,Russia,https://upload.wikimedia.org/wikipedia/commons/thumb/a/a9/Flag_of_the_Soviet_Union.svg/23px-Flag_of_the_Soviet_Union.svg.png,120mm 2S9 Nona,captured,https://i.postimg.cc/hvz00pQc/432u.png,13,218,107,13,92,6,2022-10-04T21:08:09Z
Self-Propelled Artillery,Russia,https://upload.wikimedia.org/wikipedia/commons/thumb/a/a9/Flag_of_the_Soviet_Union.svg/23px-Flag_of_the_Soviet_Union.svg.png,120mm 2S9 Nona,captured,https://i.postimg.cc/Nfx4tqpS/5580.png,13,218,107,13,92,6,2022-10-04T21:08:09Z
Self-Propelled Artillery,Russia,https://upload.wikimedia.org/wikipedia/commons/thumb/a/a9/Flag_of_the_Soviet_Union.svg/23px-Flag_of_the_Soviet_Union.svg.png,120mm 2S9 Nona,captured,https://i.postimg.cc/RhCMLMTS/t9.png,13,218,107,13,92,6,2022-10-04T21:08:09Z
Self-Propelled Artillery,Russia,https://upload.wikimedia.org/wikipedia/commons/thumb/a/a9/Flag_of_the_Soviet_Union.svg/23px-Flag_of_the_Soviet_Union.svg.png,120mm 2S23 Nona-SVK,captured,https://i.postimg.cc/Gtxd6gBr/4356.jpg,3,218,107,13,92,6,2022-10-04T21:08:09Z
Self-Propelled Artillery,Russia,https://upload.wikimedia.org/wikipedia/commons/thumb/a/a9/Flag_of_the_Soviet_Union.svg/23px-Flag_of_the_Soviet_Union.svg.png,120mm 2S23 Nona-SVK,captured,https://twitter.com/UAWeapons/status/1569292595997675523,3,218,107,13,92,6,2022-10-04T21:08:09Z
Self-Propelled Artillery,Russia,https://upload.wikimedia.org/wikipedia/commons/thumb/a/a9/Flag_of_the_Soviet_Union.svg/23px-Flag_of_the_Soviet_Union.svg.png,120mm 2S23 Nona-SVK,captured,https://i.postimg.cc/PxTZYLdC/487.png,3,218,107,13,92,6,2022-10-04T21:08:09Z
Self-Propelled Artillery,Russia,https://upload.wikimedia.org/wikipedia/commons/thumb/a/a9/Flag_of_the_Soviet_Union.svg/23px-Flag_of_the_Soviet_Union.svg.png,120mm 2S34 Khosta,captured,https://i.postimg.cc/NFwX6m7d/763.png,2,218,107,13,92,6,2022-10-04T21:08:09Z
Self-Propelled Artillery,Russia,https://upload.wikimedia.org/wikipedia/commons/thumb/a/a9/Flag_of_the_Soviet_Union.svg/23px-Flag_of_the_Soviet_Union.svg.png,120mm 2S34 Khosta,captured,https://i.postimg.cc/HsKs7RyT/26.png,2,218,107,13,92,6,2022-10-04T21:08:09Z
Self-Propelled Artillery,Russia,https://upload.wikimedia.org/wikipedia/commons/thumb/a/a9/Flag_of_the_Soviet_Union.svg/23px-Flag_of_the_Soviet_Union.svg.png,122mm 2S1 Gvozdika,destroyed,https://i.postimg.cc/TwswzQQW/f69.png,26,218,107,13,92,6,2022-10-04T21:08:09Z
Self-Propelled Artillery,Russia,https://upload.wikimedia.org/wikipedia/commons/thumb/a/a9/Flag_of_the_Soviet_Union.svg/23px-Flag_of_the_Soviet_Union.svg.png,122mm 2S1 Gvozdika,destroyed,https://i.postimg.cc/Gh4ZTmJD/47.png,26,218,107,13,92,6,2022-10-04T21:08:09Z
Self-Propelled Artillery,Russia,https://upload.wikimedia.org/wikipedia/commons/thumb/a/a9/Flag_of_the_Soviet_Union.svg/23px-Flag_of_the_Soviet_Union.svg.png,122mm 2S1 Gvozdika,destroyed,https://i.postimg.cc/NMN9JTWk/1093-2-S1-Gvozdika.jpg,26,218,107,13,92,6,2022-10-04T21:08:09Z
Self-Propelled Artillery,Russia,https://upload.wikimedia.org/wikipedia/commons/thumb/a/a9/Flag_of_the_Soviet_Union.svg/23px-Flag_of_the_Soviet_Union.svg.png,122mm 2S1 Gvozdika,destroyed,https://i.postimg.cc/Dz8Sfc6C/66.jpg,26,218,107,13,92,6,2022-10-04T21:08:09Z
Self-Propelled Artillery,Russia,https://upload.wikimedia.org/wikipedia/commons/thumb/a/a9/Flag_of_the_Soviet_Union.svg/23px-Flag_of_the_Soviet_Union.svg.png,122mm 2S1 Gvozdika,destroyed,https://twitter.com/UAWeapons/status/1521870197992398849,26,218,107,13,92,6,2022-10-04T21:08:09Z
Self-Propelled Artillery,Russia,https://upload.wikimedia.org/wikipedia/commons/thumb/a/a9/Flag_of_the_Soviet_Union.svg/23px-Flag_of_the_Soviet_Union.svg.png,122mm 2S1 Gvozdika,destroyed,https://i.postimg.cc/9FDM3ZCg/42.jpg,26,218,107,13,92,6,2022-10-04T21:08:09Z
Self-Propelled Artillery,Russia,https://upload.wikimedia.org/wikipedia/commons/thumb/a/a9/Flag_of_the_Soviet_Union.svg/23px-Flag_of_the_Soviet_Union.svg.png,122mm 2S1 Gvozdika,destroyed,https://i.postimg.cc/jqg5kZ0J/433.jpg,26,218,107,13,92,6,2022-10-04T21:08:09Z
Self-Propelled Artillery,Russia,https://upload.wikimedia.org/wikipedia/commons/thumb/a/a9/Flag_of_the_Soviet_Union.svg/23px-Flag_of_the_Soviet_Union.svg.png,122mm 2S1 Gvozdika,destroyed,https://i.postimg.cc/GpwmXrHP/4319.png,26,218,107,13,92,6,2022-10-04T21:08:09Z
Self-Propelled Artillery,Russia,https://upload.wikimedia.org/wikipedia/commons/thumb/a/a9/Flag_of_the_Soviet_Union.svg/23px-Flag_of_the_Soviet_Union.svg.png,122mm 2S1 Gvozdika,destroyed,https://i.postimg.cc/8k4m0kGB/8877.jpg,26,218,107,13,92,6,2022-10-04T21:08:09Z
Self-Propelled Artillery,Russia,https://upload.wikimedia.org/wikipedia/commons/thumb/a/a9/Flag_of_the_Soviet_Union.svg/23px-Flag_of_the_Soviet_Union.svg.png,122mm 2S1 Gvozdika,destroyed,https://i.postimg.cc/pXJ1p1kC/48j.png,26,218,107,13,92,6,2022-10-04T21:08:09Z
Self-Propelled Artillery,Russia,https://upload.wikimedia.org/wikipedia/commons/thumb/a/a9/Flag_of_the_Soviet_Union.svg/23px-Flag_of_the_Soviet_Union.svg.png,122mm 2S1 Gvozdika,destroyed,https://i.postimg.cc/pXJ1p1kC/48j.png,26,218,107,13,92,6,2022-10-04T21:08:09Z
Self-Propelled Artillery,Russia,https://upload.wikimedia.org/wikipedia/commons/thumb/a/a9/Flag_of_the_Soviet_Union.svg/23px-Flag_of_the_Soviet_Union.svg.png,122mm 2S1 Gvozdika,destroyed,https://i.postimg.cc/pXJ1p1kC/48j.png,26,218,107,13,92,6,2022-10-04T21:08:09Z
Self-Propelled Artillery,Russia,https://upload.wikimedia.org/wikipedia/commons/thumb/a/a9/Flag_of_the_Soviet_Union.svg/23px-Flag_of_the_Soviet_Union.svg.png,122mm 2S1 Gvozdika,destroyed,https://i.postimg.cc/pXJ1p1kC/48j.png,26,218,107,13,92,6,2022-10-04T21:08:09Z
Self-Propelled Artillery,Russia,https://upload.wikimedia.org/wikipedia/commons/thumb/a/a9/Flag_of_the_Soviet_Union.svg/23px-Flag_of_the_Soviet_Union.svg.png,122mm 2S1 Gvozdika,destroyed,https://twitter.com/Blue_Sauron/status/1549999631903457281,26,218,107,13,92,6,2022-10-04T21:08:09Z
Self-Propelled Artillery,Russia,https://upload.wikimedia.org/wikipedia/commons/thumb/a/a9/Flag_of_the_Soviet_Union.svg/23px-Flag_of_the_Soviet_Union.svg.png,122mm 2S1 Gvozdika,destroyed,https://twitter.com/Blue_Sauron/status/1549999631903457281,26,218,107,13,92,6,2022-10-04T21:08:09Z
Self-Propelled Artillery,Russia,https://upload.wikimedia.org/wikipedia/commons/thumb/a/a9/Flag_of_the_Soviet_Union.svg/23px-Flag_of_the_Soviet_Union.svg.png,122mm 2S1 Gvozdika,destroyed,https://twitter.com/Blue_Sauron/status/1549999631903457281,26,218,107,13,92,6,2022-10-04T21:08:09Z
Self-Propelled Artillery,Russia,https://upload.wikimedia.org/wikipedia/commons/thumb/a/a9/Flag_of_the_Soviet_Union.svg/23px-Flag_of_the_Soviet_Union.svg.png,122mm 2S1 Gvozdika,destroyed,https://i.postimg.cc/T1T0yZ29/1005-2s1-gvozdika.jpg,26,218,107,13,92,6,2022-10-04T21:08:09Z
Self-Propelled Artillery,Russia,https://upload.wikimedia.org/wikipedia/commons/thumb/a/a9/Flag_of_the_Soviet_Union.svg/23px-Flag_of_the_Soviet_Union.svg.png,122mm 2S1 Gvozdika,damaged,https://i.postimg.cc/5t3YHBgX/1005-2s1-gvozdika.jpg,26,218,107,13,92,6,2022-10-04T21:08:09Z
Self-Propelled Artillery,Russia,https://upload.wikimedia.org/wikipedia/commons/thumb/a/a9/Flag_of_the_Soviet_Union.svg/23px-Flag_of_the_Soviet_Union.svg.png,122mm 2S1 Gvozdika,abandoned,https://i.postimg.cc/pXrnFmJS/48j.png,26,218,107,13,92,6,2022-10-04T21:08:09Z
Self-Propelled Artillery,Russia,https://upload.wikimedia.org/wikipedia/commons/thumb/a/a9/Flag_of_the_Soviet_Union.svg/23px-Flag_of_the_Soviet_Union.svg.png,122mm 2S1 Gvozdika,abandoned,https://i.postimg.cc/pXrnFmJS/48j.png,26,218,107,13,92,6,2022-10-04T21:08:09Z
Self-Propelled Artillery,Russia,https://upload.wikimedia.org/wikipedia/commons/thumb/a/a9/Flag_of_the_Soviet_Union.svg/23px-Flag_of_the_Soviet_Union.svg.png,122mm 2S1 Gvozdika,abandoned,https://i.postimg.cc/qBYJLRq1/63.png,26,218,107,13,92,6,2022-10-04T21:08:09Z
Self-Propelled Artillery,Russia,https://upload.wikimedia.org/wikipedia/commons/thumb/a/a9/Flag_of_the_Soviet_Union.svg/23px-Flag_of_the_Soviet_Union.svg.png,122mm 2S1 Gvozdika,captured,https://i.postimg.cc/mrc8qtCb/3368.png,26,218,107,13,92,6,2022-10-04T21:08:09Z
Self-Propelled Artillery,Russia,https://upload.wikimedia.org/wikipedia/commons/thumb/a/a9/Flag_of_the_Soviet_Union.svg/23px-Flag_of_the_Soviet_Union.svg.png,122mm 2S1 Gvozdika,captured,https://i.postimg.cc/rm5DhJhH/580.png,26,218,107,13,92,6,2022-10-04T21:08:09Z
Self-Propelled Artillery,Russia,https://upload.wikimedia.org/wikipedia/commons/thumb/a/a9/Flag_of_the_Soviet_Union.svg/23px-Flag_of_the_Soviet_Union.svg.png,122mm 2S1 Gvozdika,captured,https://i.postimg.cc/pT8Fvzt5/332.jpg,26,218,107,13,92,6,2022-10-04T21:08:09Z
Self-Propelled Artillery,Russia,https://upload.wikimedia.org/wikipedia/commons/thumb/a/a9/Flag_of_the_Soviet_Union.svg/23px-Flag_of_the_Soviet_Union.svg.png,122mm 2S1 Gvozdika,captured,https://i.postimg.cc/Jn4NkvVd/ddd4.jpg,26,218,107,13,92,6,2022-10-04T21:08:09Z
Self-Propelled Artillery,Russia,https://upload.wikimedia.org/wikipedia/commons/thumb/a/a9/Flag_of_the_Soviet_Union.svg/23px-Flag_of_the_Soviet_Union.svg.png,122mm 2S1 Gvozdika,captured,https://twitter.com/UAWeapons/status/1570508008454778880,26,218,107,13,92,6,2022-10-04T21:08:09Z
Self-Propelled Artillery,Russia,https://upload.wikimedia.org/wikipedia/commons/thumb/a/a9/Flag_of_the_Soviet_Union.svg/23px-Flag_of_the_Soviet_Union.svg.png,152mm 2S3(M) Akatsiya,destroyed,https://i.postimg.cc/sxhcr26w/668.png,66,218,107,13,92,6,2022-10-04T21:08:09Z
Self-Propelled Artillery,Russia,https://upload.wikimedia.org/wikipedia/commons/thumb/a/a9/Flag_of_the_Soviet_Union.svg/23px-Flag_of_the_Soviet_Union.svg.png,152mm 2S3(M) Akatsiya,destroyed,https://i.postimg.cc/1RnbffKV/328.png,66,218,107,13,92,6,2022-10-04T21:08:09Z
Self-Propelled Artillery,Russia,https://upload.wikimedia.org/wikipedia/commons/thumb/a/a9/Flag_of_the_Soviet_Union.svg/23px-Flag_of_the_Soviet_Union.svg.png,152mm 2S3(M) Akatsiya,destroyed,https://i.postimg.cc/VLvwssLw/r4.jpg,66,218,107,13,92,6,2022-10-04T21:08:09Z
Self-Propelled Artillery,Russia,https://upload.wikimedia.org/wikipedia/commons/thumb/a/a9/Flag_of_the_Soviet_Union.svg/23px-Flag_of_the_Soviet_Union.svg.png,152mm 2S3(M) Akatsiya,destroyed,https://i.postimg.cc/j2120wR5/g7.png,66,218,107,13,92,6,2022-10-04T21:08:09Z
Self-Propelled Artillery,Russia,https://upload.wikimedia.org/wikipedia/commons/thumb/a/a9/Flag_of_the_Soviet_Union.svg/23px-Flag_of_the_Soviet_Union.svg.png,152mm 2S3(M) Akatsiya,destroyed,https://twitter.com/UAWeapons/status/1507829418361860110,66,218,107,13,92,6,2022-10-04T21:08:09Z
Self-Propelled Artillery,Russia,https://upload.wikimedia.org/wikipedia/commons/thumb/a/a9/Flag_of_the_Soviet_Union.svg/23px-Flag_of_the_Soviet_Union.svg.png,152mm 2S3(M) Akatsiya,destroyed,https://i.postimg.cc/SR913gH4/75.png,66,218,107,13,92,6,2022-10-04T21:08:09Z
Self-Propelled Artillery,Russia,https://upload.wikimedia.org/wikipedia/commons/thumb/a/a9/Flag_of_the_Soviet_Union.svg/23px-Flag_of_the_Soviet_Union.svg.png,152mm 2S3(M) Akatsiya,destroyed,https://i.postimg.cc/g0tgRKM8/d21.png,66,218,107,13,92,6,2022-10-04T21:08:09Z
Self-Propelled Artillery,Russia,https://upload.wikimedia.org/wikipedia/commons/thumb/a/a9/Flag_of_the_Soviet_Union.svg/23px-Flag_of_the_Soviet_Union.svg.png,152mm 2S3(M) Akatsiya,destroyed,https://i.postimg.cc/g0wV7WMx/65.jpg,66,218,107,13,92,6,2022-10-04T21:08:09Z
Self-Propelled Artillery,Russia,https://upload.wikimedia.org/wikipedia/commons/thumb/a/a9/Flag_of_the_Soviet_Union.svg/23px-Flag_of_the_Soviet_Union.svg.png,152mm 2S3(M) Akatsiya,destroyed,https://i.postimg.cc/zBPkwBRD/76.jpg,66,218,107,13,92,6,2022-10-04T21:08:09Z
Self-Propelled Artillery,Russia,https://upload.wikimedia.org/wikipedia/commons/thumb/a/a9/Flag_of_the_Soviet_Union.svg/23px-Flag_of_the_Soviet_Union.svg.png,152mm 2S3(M) Akatsiya,destroyed,https://i.postimg.cc/J4LT6ZRT/43f.jpg,66,218,107,13,92,6,2022-10-04T21:08:09Z
Self-Propelled Artillery,Russia,https://upload.wikimedia.org/wikipedia/commons/thumb/a/a9/Flag_of_the_Soviet_Union.svg/23px-Flag_of_the_Soviet_Union.svg.png,152mm 2S3(M) Akatsiya,destroyed,https://i.postimg.cc/kGJ2D7rP/470.png,66,218,107,13,92,6,2022-10-04T21:08:09Z
Self-Propelled Artillery,Russia,https://upload.wikimedia.org/wikipedia/commons/thumb/a/a9/Flag_of_the_Soviet_Union.svg/23px-Flag_of_the_Soviet_Union.svg.png,152mm 2S3(M) Akatsiya,destroyed,https://postimg.cc/4nBLj6tH,66,218,107,13,92,6,2022-10-04T21:08:09Z
Self-Propelled Artillery,Russia,https://upload.wikimedia.org/wikipedia/commons/thumb/a/a9/Flag_of_the_Soviet_Union.svg/23px-Flag_of_the_Soviet_Union.svg.png,152mm 2S3(M) Akatsiya,destroyed,https://i.postimg.cc/j5GhS4qC/32f.jpg,66,218,107,13,92,6,2022-10-04T21:08:09Z
Self-Propelled Artillery,Russia,https://upload.wikimedia.org/wikipedia/commons/thumb/a/a9/Flag_of_the_Soviet_Union.svg/23px-Flag_of_the_Soviet_Union.svg.png,152mm 2S3(M) Akatsiya,destroyed,https://i.postimg.cc/fynXfX78/4h.jpg,66,218,107,13,92,6,2022-10-04T21:08:09Z
Self-Propelled Artillery,Russia,https://upload.wikimedia.org/wikipedia/commons/thumb/a/a9/Flag_of_the_Soviet_Union.svg/23px-Flag_of_the_Soviet_Union.svg.png,152mm 2S3(M) Akatsiya,destroyed,https://twitter.com/UAWeapons/status/1522923005747372032,66,218,107,13,92,6,2022-10-04T21:08:09Z
Self-Propelled Artillery,Russia,https://upload.wikimedia.org/wikipedia/commons/thumb/a/a9/Flag_of_the_Soviet_Union.svg/23px-Flag_of_the_Soviet_Union.svg.png,152mm 2S3(M) Akatsiya,destroyed,https://twitter.com/UAWeapons/status/1522923005747372032,66,218,107,13,92,6,2022-10-04T21:08:09Z
Self-Propelled Artillery,Russia,https://upload.wikimedia.org/wikipedia/commons/thumb/a/a9/Flag_of_the_Soviet_Union.svg/23px-Flag_of_the_Soviet_Union.svg.png,152mm 2S3(M) Akatsiya,destroyed,https://i.postimg.cc/nLNcP5dC/5477.jpg,66,218,107,13,92,6,2022-10-04T21:08:09Z
Self-Propelled Artillery,Russia,https://upload.wikimedia.org/wikipedia/commons/thumb/a/a9/Flag_of_the_Soviet_Union.svg/23px-Flag_of_the_Soviet_Union.svg.png,152mm 2S3(M) Akatsiya,destroyed,https://i.postimg.cc/qMpMcMBw/767.png,66,218,107,13,92,6,2022-10-04T21:08:09Z
Self-Propelled Artillery,Russia,https://upload.wikimedia.org/wikipedia/commons/thumb/a/a9/Flag_of_the_Soviet_Union.svg/23px-Flag_of_the_Soviet_Union.svg.png,152mm 2S3(M) Akatsiya,destroyed,https://twitter.com/UAWeapons/status/1524474300874604545,66,218,107,13,92,6,2022-10-04T21:08:09Z
Self-Propelled Artillery,Russia,https://upload.wikimedia.org/wikipedia/commons/thumb/a/a9/Flag_of_the_Soviet_Union.svg/23px-Flag_of_the_Soviet_Union.svg.png,152mm 2S3(M) Akatsiya,destroyed,https://i.postimg.cc/KvZ0nmv8/h6.jpg,66,218,107,13,92,6,2022-10-04T21:08:09Z
Self-Propelled Artillery,Russia,https://upload.wikimedia.org/wikipedia/commons/thumb/a/a9/Flag_of_the_Soviet_Union.svg/23px-Flag_of_the_Soviet_Union.svg.png,152mm 2S3(M) Akatsiya,destroyed,https://i.postimg.cc/KvZ0nmv8/h6.jpg,66,218,107,13,92,6,2022-10-04T21:08:09Z
Self-Propelled Artillery,Russia,https://upload.wikimedia.org/wikipedia/commons/thumb/a/a9/Flag_of_the_Soviet_Union.svg/23px-Flag_of_the_Soviet_Union.svg.png,152mm 2S3(M) Akatsiya,destroyed,https://twitter.com/UAWeapons/status/1539706037921583105,66,218,107,13,92,6,2022-10-04T21:08:09Z
Self-Propelled Artillery,Russia,https://upload.wikimedia.org/wikipedia/commons/thumb/a/a9/Flag_of_the_Soviet_Union.svg/23px-Flag_of_the_Soviet_Union.svg.png,152mm 2S3(M) Akatsiya,destroyed,https://i.postimg.cc/L4t8XKXy/1007.jpg,66,218,107,13,92,6,2022-10-04T21:08:09Z
Self-Propelled Artillery,Russia,https://upload.wikimedia.org/wikipedia/commons/thumb/a/a9/Flag_of_the_Soviet_Union.svg/23px-Flag_of_the_Soviet_Union.svg.png,152mm 2S3(M) Akatsiya,destroyed,https://i.postimg.cc/5Np9BB8L/1008.jpg,66,218,107,13,92,6,2022-10-04T21:08:09Z
Self-Propelled Artillery,Russia,https://upload.wikimedia.org/wikipedia/commons/thumb/a/a9/Flag_of_the_Soviet_Union.svg/23px-Flag_of_the_Soviet_Union.svg.png,152mm 2S3(M) Akatsiya,destroyed,https://twitter.com/UAWeapons/status/1553708163895103491,66,218,107,13,92,6,2022-10-04T21:08:09Z
Self-Propelled Artillery,Russia,https://upload.wikimedia.org/wikipedia/commons/thumb/a/a9/Flag_of_the_Soviet_Union.svg/23px-Flag_of_the_Soviet_Union.svg.png,152mm 2S3(M) Akatsiya,destroyed,https://twitter.com/UAWeapons/status/1553708163895103491,66,218,107,13,92,6,2022-10-04T21:08:09Z
Self-Propelled Artillery,Russia,https://upload.wikimedia.org/wikipedia/commons/thumb/a/a9/Flag_of_the_Soviet_Union.svg/23px-Flag_of_the_Soviet_Union.svg.png,152mm 2S3(M) Akatsiya,destroyed,https://i.postimg.cc/VLykR9Yt/1000-2-S3-Akatsya.jpg,66,218,107,13,92,6,2022-10-04T21:08:09Z
Self-Propelled Artillery,Russia,https://upload.wikimedia.org/wikipedia/commons/thumb/a/a9/Flag_of_the_Soviet_Union.svg/23px-Flag_of_the_Soviet_Union.svg.png,152mm 2S3(M) Akatsiya,destroyed,https://postimg.cc/30C1Kmy0,66,218,107,13,92,6,2022-10-04T21:08:09Z
Self-Propelled Artillery,Russia,https://upload.wikimedia.org/wikipedia/commons/thumb/a/a9/Flag_of_the_Soviet_Union.svg/23px-Flag_of_the_Soviet_Union.svg.png,152mm 2S3(M) Akatsiya,destroyed,https://i.postimg.cc/qvytp55N/1094-2-S3-Akatsiya.jpg,66,218,107,13,92,6,2022-10-04T21:08:09Z
Self-Propelled Artillery,Russia,https://upload.wikimedia.org/wikipedia/commons/thumb/a/a9/Flag_of_the_Soviet_Union.svg/23px-Flag_of_the_Soviet_Union.svg.png,152mm 2S3(M) Akatsiya,destroyed,https://twitter.com/UAWeapons/status/1564984095591088129,66,218,107,13,92,6,2022-10-04T21:08:09Z
Self-Propelled Artillery,Russia,https://upload.wikimedia.org/wikipedia/commons/thumb/a/a9/Flag_of_the_Soviet_Union.svg/23px-Flag_of_the_Soviet_Union.svg.png,152mm 2S3(M) Akatsiya,destroyed,https://twitter.com/UAWeapons/status/1565372183244951552,66,218,107,13,92,6,2022-10-04T21:08:09Z
Self-Propelled Artillery,Russia,https://upload.wikimedia.org/wikipedia/commons/thumb/a/a9/Flag_of_the_Soviet_Union.svg/23px-Flag_of_the_Soviet_Union.svg.png,152mm 2S3(M) Akatsiya,destroyed,https://i.postimg.cc/yx2jLyPk/1028-2s3.jpg,66,218,107,13,92,6,2022-10-04T21:08:09Z
Self-Propelled Artillery,Russia,https://upload.wikimedia.org/wikipedia/commons/thumb/a/a9/Flag_of_the_Soviet_Union.svg/23px-Flag_of_the_Soviet_Union.svg.png,152mm 2S3(M) Akatsiya,destroyed,https://i.postimg.cc/Hkwzt57k/1029-2s3-2x.jpg,66,218,107,13,92,6,2022-10-04T21:08:09Z
Self-Propelled Artillery,Russia,https://upload.wikimedia.org/wikipedia/commons/thumb/a/a9/Flag_of_the_Soviet_Union.svg/23px-Flag_of_the_Soviet_Union.svg.png,152mm 2S3(M) Akatsiya,destroyed,https://i.postimg.cc/Hkwzt57k/1029-2s3-2x.jpg,66,218,107,13,92,6,2022-10-04T21:08:09Z
Self-Propelled Artillery,Russia,https://upload.wikimedia.org/wikipedia/commons/thumb/a/a9/Flag_of_the_Soviet_Union.svg/23px-Flag_of_the_Soviet_Union.svg.png,152mm 2S3(M) Akatsiya,destroyed,https://i.postimg.cc/R0vMXyWL/2-S3-Kharkiv-region.png,66,218,107,13,92,6,2022-10-04T21:08:09Z
Self-Propelled Artillery,Russia,https://upload.wikimedia.org/wikipedia/commons/thumb/a/a9/Flag_of_the_Soviet_Union.svg/23px-Flag_of_the_Soviet_Union.svg.png,152mm 2S3(M) Akatsiya,damaged,https://twitter.com/UAWeapons/status/1506371635754029059,66,218,107,13,92,6,2022-10-04T21:08:09Z
Self-Propelled Artillery,Russia,https://upload.wikimedia.org/wikipedia/commons/thumb/a/a9/Flag_of_the_Soviet_Union.svg/23px-Flag_of_the_Soviet_Union.svg.png,152mm 2S3(M) Akatsiya,damaged,https://twitter.com/UAWeapons/status/1569742426469720066,66,218,107,13,92,6,2022-10-04T21:08:09Z
Self-Propelled Artillery,Russia,https://upload.wikimedia.org/wikipedia/commons/thumb/a/a9/Flag_of_the_Soviet_Union.svg/23px-Flag_of_the_Soviet_Union.svg.png,152mm 2S3(M) Akatsiya,abandoned,https://i.postimg.cc/85D97Vs5/3v.png,66,218,107,13,92,6,2022-10-04T21:08:09Z
Self-Propelled Artillery,Russia,https://upload.wikimedia.org/wikipedia/commons/thumb/a/a9/Flag_of_the_Soviet_Union.svg/23px-Flag_of_the_Soviet_Union.svg.png,152mm 2S3(M) Akatsiya,abandoned,https://i.postimg.cc/zD2FmSBx/j76.png,66,218,107,13,92,6,2022-10-04T21:08:09Z
Self-Propelled Artillery,Russia,https://upload.wikimedia.org/wikipedia/commons/thumb/a/a9/Flag_of_the_Soviet_Union.svg/23px-Flag_of_the_Soviet_Union.svg.png,152mm 2S3(M) Akatsiya,captured,https://i.postimg.cc/mr6tkF1j/478.png,66,218,107,13,92,6,2022-10-04T21:08:09Z
Self-Propelled Artillery,Russia,https://upload.wikimedia.org/wikipedia/commons/thumb/a/a9/Flag_of_the_Soviet_Union.svg/23px-Flag_of_the_Soviet_Union.svg.png,152mm 2S3(M) Akatsiya,captured,https://i.postimg.cc/brZmC6g0/3ff.jpg,66,218,107,13,92,6,2022-10-04T21:08:09Z
Self-Propelled Artillery,Russia,https://upload.wikimedia.org/wikipedia/commons/thumb/a/a9/Flag_of_the_Soviet_Union.svg/23px-Flag_of_the_Soviet_Union.svg.png,152mm 2S3(M) Akatsiya,captured,https://i.postimg.cc/QC1Wqp3f/a11.jpg,66,218,107,13,92,6,2022-10-04T21:08:09Z
Self-Propelled Artillery,Russia,https://upload.wikimedia.org/wikipedia/commons/thumb/a/a9/Flag_of_the_Soviet_Union.svg/23px-Flag_of_the_Soviet_Union.svg.png,152mm 2S3(M) Akatsiya,captured,https://i.postimg.cc/ZRgtgX6V/357.png,66,218,107,13,92,6,2022-10-04T21:08:09Z
Self-Propelled Artillery,Russia,https://upload.wikimedia.org/wikipedia/commons/thumb/a/a9/Flag_of_the_Soviet_Union.svg/23px-Flag_of_the_Soviet_Union.svg.png,152mm 2S3(M) Akatsiya,captured,https://i.postimg.cc/qMHKvZsS/a13.jpg,66,218,107,13,92,6,2022-10-04T21:08:09Z
Self-Propelled Artillery,Russia,https://upload.wikimedia.org/wikipedia/commons/thumb/a/a9/Flag_of_the_Soviet_Union.svg/23px-Flag_of_the_Soviet_Union.svg.png,152mm 2S3(M) Akatsiya,captured,https://i.postimg.cc/mgskC4w1/656.jpg,66,218,107,13,92,6,2022-10-04T21:08:09Z
Self-Propelled Artillery,Russia,https://upload.wikimedia.org/wikipedia/commons/thumb/a/a9/Flag_of_the_Soviet_Union.svg/23px-Flag_of_the_Soviet_Union.svg.png,152mm 2S3(M) Akatsiya,captured,https://i.postimg.cc/s27VF9MQ/37.png,66,218,107,13,92,6,2022-10-04T21:08:09Z
Self-Propelled Artillery,Russia,https://upload.wikimedia.org/wikipedia/commons/thumb/a/a9/Flag_of_the_Soviet_Union.svg/23px-Flag_of_the_Soviet_Union.svg.png,152mm 2S3(M) Akatsiya,captured,https://i.postimg.cc/BQMW1NcT/g3d.png,66,218,107,13,92,6,2022-10-04T21:08:09Z
Self-Propelled Artillery,Russia,https://upload.wikimedia.org/wikipedia/commons/thumb/a/a9/Flag_of_the_Soviet_Union.svg/23px-Flag_of_the_Soviet_Union.svg.png,152mm 2S3(M) Akatsiya,captured,https://i.postimg.cc/BQMW1NcT/g3d.png,66,218,107,13,92,6,2022-10-04T21:08:09Z
Self-Propelled Artillery,Russia,https://upload.wikimedia.org/wikipedia/commons/thumb/a/a9/Flag_of_the_Soviet_Union.svg/23px-Flag_of_the_Soviet_Union.svg.png,152mm 2S3(M) Akatsiya,captured,https://i.postimg.cc/HxmZKjb7/1010.jpg,66,218,107,13,92,6,2022-10-04T21:08:09Z
Self-Propelled Artillery,Russia,https://upload.wikimedia.org/wikipedia/commons/thumb/a/a9/Flag_of_the_Soviet_Union.svg/23px-Flag_of_the_Soviet_Union.svg.png,152mm 2S3(M) Akatsiya,captured,https://i.postimg.cc/6p6CPGXJ/1005.jpg,66,218,107,13,92,6,2022-10-04T21:08:09Z
Self-Propelled Artillery,Russia,https://upload.wikimedia.org/wikipedia/commons/thumb/a/a9/Flag_of_the_Soviet_Union.svg/23px-Flag_of_the_Soviet_Union.svg.png,152mm 2S3(M) Akatsiya,captured,https://i.postimg.cc/LXzG8LHV/1007.jpg,66,218,107,13,92,6,2022-10-04T21:08:09Z
Self-Propelled Artillery,Russia,https://upload.wikimedia.org/wikipedia/commons/thumb/a/a9/Flag_of_the_Soviet_Union.svg/23px-Flag_of_the_Soviet_Union.svg.png,152mm 2S3(M) Akatsiya,captured,https://i.postimg.cc/Y9BBtK7d/470.png,66,218,107,13,92,6,2022-10-04T21:08:09Z
Self-Propelled Artillery,Russia,https://upload.wikimedia.org/wikipedia/commons/thumb/a/a9/Flag_of_the_Soviet_Union.svg/23px-Flag_of_the_Soviet_Union.svg.png,152mm 2S3(M) Akatsiya,captured,https://i.postimg.cc/8kr2TQRq/324.png,66,218,107,13,92,6,2022-10-04T21:08:09Z
Self-Propelled Artillery,Russia,https://upload.wikimedia.org/wikipedia/commons/thumb/a/a9/Flag_of_the_Soviet_Union.svg/23px-Flag_of_the_Soviet_Union.svg.png,152mm 2S3(M) Akatsiya,captured,https://i.postimg.cc/fL5dN7cf/1010-2s3.jpg,66,218,107,13,92,6,2022-10-04T21:08:09Z
Self-Propelled Artillery,Russia,https://upload.wikimedia.org/wikipedia/commons/thumb/a/a9/Flag_of_the_Soviet_Union.svg/23px-Flag_of_the_Soviet_Union.svg.png,152mm 2S3(M) Akatsiya,captured,https://i.postimg.cc/nrRJr8kh/1023-2s3-akatsiya.jpg,66,218,107,13,92,6,2022-10-04T21:08:09Z
Self-Propelled Artillery,Russia,https://upload.wikimedia.org/wikipedia/commons/thumb/a/a9/Flag_of_the_Soviet_Union.svg/23px-Flag_of_the_Soviet_Union.svg.png,152mm 2S3(M) Akatsiya,captured,https://i.postimg.cc/X780hggN/1019-2s3.jpg,66,218,107,13,92,6,2022-10-04T21:08:09Z
Self-Propelled Artillery,Russia,https://upload.wikimedia.org/wikipedia/commons/thumb/a/a9/Flag_of_the_Soviet_Union.svg/23px-Flag_of_the_Soviet_Union.svg.png,152mm 2S3(M) Akatsiya,captured,https://twitter.com/UAWeapons/status/1568901256038567938,66,218,107,13,92,6,2022-10-04T21:08:09Z
Self-Propelled Artillery,Russia,https://upload.wikimedia.org/wikipedia/commons/thumb/a/a9/Flag_of_the_Soviet_Union.svg/23px-Flag_of_the_Soviet_Union.svg.png,152mm 2S3(M) Akatsiya,captured,https://twitter.com/UAWeapons/status/1569229447093702657,66,218,107,13,92,6,2022-10-04T21:08:09Z
Self-Propelled Artillery,Russia,https://upload.wikimedia.org/wikipedia/commons/thumb/a/a9/Flag_of_the_Soviet_Union.svg/23px-Flag_of_the_Soviet_Union.svg.png,152mm 2S3(M) Akatsiya,captured,https://twitter.com/UAWeapons/status/1569427484025946113,66,218,107,13,92,6,2022-10-04T21:08:09Z
Self-Propelled Artillery,Russia,https://upload.wikimedia.org/wikipedia/commons/thumb/a/a9/Flag_of_the_Soviet_Union.svg/23px-Flag_of_the_Soviet_Union.svg.png,152mm 2S3(M) Akatsiya,captured,https://twitter.com/UAWeapons/status/1569639365655072770,66,218,107,13,92,6,2022-10-04T21:08:09Z
Self-Propelled Artillery,Russia,https://upload.wikimedia.org/wikipedia/commons/thumb/a/a9/Flag_of_the_Soviet_Union.svg/23px-Flag_of_the_Soviet_Union.svg.png,152mm 2S3(M) Akatsiya,captured,https://twitter.com/UAWeapons/status/1570420216957440001,66,218,107,13,92,6,2022-10-04T21:08:09Z
Self-Propelled Artillery,Russia,https://upload.wikimedia.org/wikipedia/commons/thumb/a/a9/Flag_of_the_Soviet_Union.svg/23px-Flag_of_the_Soviet_Union.svg.png,152mm 2S3(M) Akatsiya,captured,https://i.postimg.cc/595f9PS7/1006-2s3-akatsiya.jpg,66,218,107,13,92,6,2022-10-04T21:08:09Z
Self-Propelled Artillery,Russia,https://upload.wikimedia.org/wikipedia/commons/thumb/a/a9/Flag_of_the_Soviet_Union.svg/23px-Flag_of_the_Soviet_Union.svg.png,152mm 2S3(M) Akatsiya,captured,https://i.postimg.cc/596nHfVj/2022-09-11-2-S3.jpg,66,218,107,13,92,6,2022-10-04T21:08:09Z
Self-Propelled Artillery,Russia,https://upload.wikimedia.org/wikipedia/commons/thumb/a/a9/Flag_of_the_Soviet_Union.svg/23px-Flag_of_the_Soviet_Union.svg.png,152mm 2S3(M) Akatsiya,captured,https://postimg.cc/4nY4TPyy,66,218,107,13,92,6,2022-10-04T21:08:09Z
Self-Propelled Artillery,Russia,https://upload.wikimedia.org/wikipedia/commons/thumb/a/a9/Flag_of_the_Soviet_Union.svg/23px-Flag_of_the_Soviet_Union.svg.png,152mm 2S3(M) Akatsiya,captured,https://i.postimg.cc/NfDNdhyR/1002-2s3.jpg,66,218,107,13,92,6,2022-10-04T21:08:09Z
Self-Propelled Artillery,Russia,https://upload.wikimedia.org/wikipedia/commons/thumb/a/a9/Flag_of_the_Soviet_Union.svg/23px-Flag_of_the_Soviet_Union.svg.png,152mm 2S3(M) Akatsiya,captured,https://i.postimg.cc/0Qwqc9f4/2-S3-Izium.png,66,218,107,13,92,6,2022-10-04T21:08:09Z
Self-Propelled Artillery,Russia,https://upload.wikimedia.org/wikipedia/commons/thumb/a/a9/Flag_of_the_Soviet_Union.svg/23px-Flag_of_the_Soviet_Union.svg.png,152mm 2S5 Giatsint-S,destroyed,https://twitter.com/UAWeapons/status/1560269391962353664,7,218,107,13,92,6,2022-10-04T21:08:09Z
Self-Propelled Artillery,Russia,https://upload.wikimedia.org/wikipedia/commons/thumb/a/a9/Flag_of_the_Soviet_Union.svg/23px-Flag_of_the_Soviet_Union.svg.png,152mm 2S5 Giatsint-S,destroyed,https://twitter.com/Blue_Sauron/status/1575579082036690947,7,218,107,13,92,6,2022-10-04T21:08:09Z
Self-Propelled Artillery,Russia,https://upload.wikimedia.org/wikipedia/commons/thumb/a/a9/Flag_of_the_Soviet_Union.svg/23px-Flag_of_the_Soviet_Union.svg.png,152mm 2S5 Giatsint-S,captured,https://twitter.com/UAWeapons/status/1570130085017001985,7,218,107,13,92,6,2022-10-04T21:08:09Z
Self-Propelled Artillery,Russia,https://upload.wikimedia.org/wikipedia/commons/thumb/a/a9/Flag_of_the_Soviet_Union.svg/23px-Flag_of_the_Soviet_Union.svg.png,152mm 2S5 Giatsint-S,captured,https://twitter.com/UAWeapons/status/1570130067480801281,7,218,107,13,92,6,2022-10-04T21:08:09Z
Self-Propelled Artillery,Russia,https://upload.wikimedia.org/wikipedia/commons/thumb/a/a9/Flag_of_the_Soviet_Union.svg/23px-Flag_of_the_Soviet_Union.svg.png,152mm 2S5 Giatsint-S,captured,https://twitter.com/UAWeapons/status/1571185439502962688,7,218,107,13,92,6,2022-10-04T21:08:09Z
Self-Propelled Artillery,Russia,https://upload.wikimedia.org/wikipedia/commons/thumb/a/a9/Flag_of_the_Soviet_Union.svg/23px-Flag_of_the_Soviet_Union.svg.png,152mm 2S5 Giatsint-S,captured,https://twitter.com/UAWeapons/status/1571185439502962688,7,218,107,13,92,6,2022-10-04T21:08:09Z
Self-Propelled Artillery,Russia,https://upload.wikimedia.org/wikipedia/commons/thumb/a/a9/Flag_of_the_Soviet_Union.svg/23px-Flag_of_the_Soviet_Union.svg.png,152mm 2S5 Giatsint-S,captured,https://i.postimg.cc/X7Y4HBp7/1001-2s5.jpg,7,218,107,13,92,6,2022-10-04T21:08:09Z
Self-Propelled Artillery,Russia,https://upload.wikimedia.org/wikipedia/commons/thumb/a/a9/Flag_of_the_Soviet_Union.svg/23px-Flag_of_the_Soviet_Union.svg.png,152mm 2S19 Msta-S,destroyed,https://i.postimg.cc/pXqsWfDd/f68.png,76,218,107,13,92,6,2022-10-04T21:08:09Z
Self-Propelled Artillery,Russia,https://upload.wikimedia.org/wikipedia/commons/thumb/a/a9/Flag_of_the_Soviet_Union.svg/23px-Flag_of_the_Soviet_Union.svg.png,152mm 2S19 Msta-S,destroyed,https://i.postimg.cc/43R30CTS/350.png,76,218,107,13,92,6,2022-10-04T21:08:09Z
Self-Propelled Artillery,Russia,https://upload.wikimedia.org/wikipedia/commons/thumb/a/a9/Flag_of_the_Soviet_Union.svg/23px-Flag_of_the_Soviet_Union.svg.png,152mm 2S19 Msta-S,destroyed,https://i.postimg.cc/Nf5WZ40V/32da.png,76,218,107,13,92,6,2022-10-04T21:08:09Z
Self-Propelled Artillery,Russia,https://upload.wikimedia.org/wikipedia/commons/thumb/a/a9/Flag_of_the_Soviet_Union.svg/23px-Flag_of_the_Soviet_Union.svg.png,152mm 2S19 Msta-S,destroyed,https://i.postimg.cc/jdg79FvL/07.png,76,218,107,13,92,6,2022-10-04T21:08:09Z
Self-Propelled Artillery,Russia,https://upload.wikimedia.org/wikipedia/commons/thumb/a/a9/Flag_of_the_Soviet_Union.svg/23px-Flag_of_the_Soviet_Union.svg.png,152mm 2S19 Msta-S,destroyed,https://i.postimg.cc/vBFf6Knh/629.png,76,218,107,13,92,6,2022-10-04T21:08:09Z
Self-Propelled Artillery,Russia,https://upload.wikimedia.org/wikipedia/commons/thumb/a/a9/Flag_of_the_Soviet_Union.svg/23px-Flag_of_the_Soviet_Union.svg.png,152mm 2S19 Msta-S,destroyed,https://i.postimg.cc/YCbN5PHn/f2.jpg,76,218,107,13,92,6,2022-10-04T21:08:09Z
Self-Propelled Artillery,Russia,https://upload.wikimedia.org/wikipedia/commons/thumb/a/a9/Flag_of_the_Soviet_Union.svg/23px-Flag_of_the_Soviet_Union.svg.png,152mm 2S19 Msta-S,destroyed,https://i.postimg.cc/W126fvQq/f1.png,76,218,107,13,92,6,2022-10-04T21:08:09Z
Self-Propelled Artillery,Russia,https://upload.wikimedia.org/wikipedia/commons/thumb/a/a9/Flag_of_the_Soviet_Union.svg/23px-Flag_of_the_Soviet_Union.svg.png,152mm 2S19 Msta-S,destroyed,https://i.postimg.cc/Hnp6cgJk/3322.jpg,76,218,107,13,92,6,2022-10-04T21:08:09Z
Self-Propelled Artillery,Russia,https://upload.wikimedia.org/wikipedia/commons/thumb/a/a9/Flag_of_the_Soviet_Union.svg/23px-Flag_of_the_Soviet_Union.svg.png,152mm 2S19 Msta-S,destroyed,https://i.postimg.cc/26vMjnHY/57j.jpg,76,218,107,13,92,6,2022-10-04T21:08:09Z
Self-Propelled Artillery,Russia,https://upload.wikimedia.org/wikipedia/commons/thumb/a/a9/Flag_of_the_Soviet_Union.svg/23px-Flag_of_the_Soviet_Union.svg.png,152mm 2S19 Msta-S,destroyed,https://i.postimg.cc/9fjScx6X/m1.jpg,76,218,107,13,92,6,2022-10-04T21:08:09Z
Self-Propelled Artillery,Russia,https://upload.wikimedia.org/wikipedia/commons/thumb/a/a9/Flag_of_the_Soviet_Union.svg/23px-Flag_of_the_Soviet_Union.svg.png,152mm 2S19 Msta-S,destroyed,https://i.postimg.cc/y8Rt4qrr/m2.jpg,76,218,107,13,92,6,2022-10-04T21:08:09Z
Self-Propelled Artillery,Russia,https://upload.wikimedia.org/wikipedia/commons/thumb/a/a9/Flag_of_the_Soviet_Union.svg/23px-Flag_of_the_Soviet_Union.svg.png,152mm 2S19 Msta-S,destroyed,https://i.postimg.cc/xTtSFHyc/f3.png,76,218,107,13,92,6,2022-10-04T21:08:09Z
Self-Propelled Artillery,Russia,https://upload.wikimedia.org/wikipedia/commons/thumb/a/a9/Flag_of_the_Soviet_Union.svg/23px-Flag_of_the_Soviet_Union.svg.png,152mm 2S19 Msta-S,destroyed,https://i.postimg.cc/9MSdSQtx/567.jpg,76,218,107,13,92,6,2022-10-04T21:08:09Z
Self-Propelled Artillery,Russia,https://upload.wikimedia.org/wikipedia/commons/thumb/a/a9/Flag_of_the_Soviet_Union.svg/23px-Flag_of_the_Soviet_Union.svg.png,152mm 2S19 Msta-S,destroyed,https://i.postimg.cc/P5N125v3/4370.jpg,76,218,107,13,92,6,2022-10-04T21:08:09Z
Self-Propelled Artillery,Russia,https://upload.wikimedia.org/wikipedia/commons/thumb/a/a9/Flag_of_the_Soviet_Union.svg/23px-Flag_of_the_Soviet_Union.svg.png,152mm 2S19 Msta-S,destroyed,https://i.postimg.cc/q7xFXPBQ/57.jpg,76,218,107,13,92,6,2022-10-04T21:08:09Z
Self-Propelled Artillery,Russia,https://upload.wikimedia.org/wikipedia/commons/thumb/a/a9/Flag_of_the_Soviet_Union.svg/23px-Flag_of_the_Soviet_Union.svg.png,152mm 2S19 Msta-S,destroyed,https://i.postimg.cc/1zhRvmfp/t5.jpg,76,218,107,13,92,6,2022-10-04T21:08:09Z
Self-Propelled Artillery,Russia,https://upload.wikimedia.org/wikipedia/commons/thumb/a/a9/Flag_of_the_Soviet_Union.svg/23px-Flag_of_the_Soviet_Union.svg.png,152mm 2S19 Msta-S,destroyed,https://i.postimg.cc/cL847g4x/t6.jpg,76,218,107,13,92,6,2022-10-04T21:08:09Z
Self-Propelled Artillery,Russia,https://upload.wikimedia.org/wikipedia/commons/thumb/a/a9/Flag_of_the_Soviet_Union.svg/23px-Flag_of_the_Soviet_Union.svg.png,152mm 2S19 Msta-S,destroyed,https://i.postimg.cc/bvtk6kcm/t66.png,76,218,107,13,92,6,2022-10-04T21:08:09Z
Self-Propelled Artillery,Russia,https://upload.wikimedia.org/wikipedia/commons/thumb/a/a9/Flag_of_the_Soviet_Union.svg/23px-Flag_of_the_Soviet_Union.svg.png,152mm 2S19 Msta-S,destroyed,https://i.postimg.cc/7ZC2606q/t65.jpg,76,218,107,13,92,6,2022-10-04T21:08:09Z
Self-Propelled Artillery,Russia,https://upload.wikimedia.org/wikipedia/commons/thumb/a/a9/Flag_of_the_Soviet_Union.svg/23px-Flag_of_the_Soviet_Union.svg.png,152mm 2S19 Msta-S,destroyed,https://i.postimg.cc/XNQnDnWV/v2.png,76,218,107,13,92,6,2022-10-04T21:08:09Z
Self-Propelled Artillery,Russia,https://upload.wikimedia.org/wikipedia/commons/thumb/a/a9/Flag_of_the_Soviet_Union.svg/23px-Flag_of_the_Soviet_Union.svg.png,152mm 2S19 Msta-S,destroyed,https://i.postimg.cc/MZN4Fy8L/1000.jpg,76,218,107,13,92,6,2022-10-04T21:08:09Z
Self-Propelled Artillery,Russia,https://upload.wikimedia.org/wikipedia/commons/thumb/a/a9/Flag_of_the_Soviet_Union.svg/23px-Flag_of_the_Soviet_Union.svg.png,152mm 2S19 Msta-S,destroyed,https://i.postimg.cc/Hk7Dv1CZ/1004.jpg,76,218,107,13,92,6,2022-10-04T21:08:09Z
Self-Propelled Artillery,Russia,https://upload.wikimedia.org/wikipedia/commons/thumb/a/a9/Flag_of_the_Soviet_Union.svg/23px-Flag_of_the_Soviet_Union.svg.png,152mm 2S19 Msta-S,destroyed,https://twitter.com/UAWeapons/status/1549432659239206915,76,218,107,13,92,6,2022-10-04T21:08:09Z
Self-Propelled Artillery,Russia,https://upload.wikimedia.org/wikipedia/commons/thumb/a/a9/Flag_of_the_Soviet_Union.svg/23px-Flag_of_the_Soviet_Union.svg.png,152mm 2S19 Msta-S,destroyed,https://twitter.com/UAWeapons/status/1549432659239206915,76,218,107,13,92,6,2022-10-04T21:08:09Z
Self-Propelled Artillery,Russia,https://upload.wikimedia.org/wikipedia/commons/thumb/a/a9/Flag_of_the_Soviet_Union.svg/23px-Flag_of_the_Soviet_Union.svg.png,152mm 2S19 Msta-S,destroyed,https://twitter.com/UAWeapons/status/1549035451150790656,76,218,107,13,92,6,2022-10-04T21:08:09Z
Self-Propelled Artillery,Russia,https://upload.wikimedia.org/wikipedia/commons/thumb/a/a9/Flag_of_the_Soviet_Union.svg/23px-Flag_of_the_Soviet_Union.svg.png,152mm 2S19 Msta-S,destroyed,https://i.postimg.cc/rmR7XmTD/1049-152mm-2-S19-Msta-S.jpg,76,218,107,13,92,6,2022-10-04T21:08:09Z
Self-Propelled Artillery,Russia,https://upload.wikimedia.org/wikipedia/commons/thumb/a/a9/Flag_of_the_Soviet_Union.svg/23px-Flag_of_the_Soviet_Union.svg.png,152mm 2S19 Msta-S,destroyed,https://i.postimg.cc/K8TKNKZ6/431.png,76,218,107,13,92,6,2022-10-04T21:08:09Z
Self-Propelled Artillery,Russia,https://upload.wikimedia.org/wikipedia/commons/thumb/a/a9/Flag_of_the_Soviet_Union.svg/23px-Flag_of_the_Soviet_Union.svg.png,152mm 2S19 Msta-S,destroyed,https://i.postimg.cc/K8TKNKZ6/431.png,76,218,107,13,92,6,2022-10-04T21:08:09Z
Self-Propelled Artillery,Russia,https://upload.wikimedia.org/wikipedia/commons/thumb/a/a9/Flag_of_the_Soviet_Union.svg/23px-Flag_of_the_Soviet_Union.svg.png,152mm 2S19 Msta-S,destroyed,https://i.postimg.cc/9Q3w923m/1095-2-S19-Msta-S.jpg,76,218,107,13,92,6,2022-10-04T21:08:09Z
Self-Propelled Artillery,Russia,https://upload.wikimedia.org/wikipedia/commons/thumb/a/a9/Flag_of_the_Soviet_Union.svg/23px-Flag_of_the_Soviet_Union.svg.png,152mm 2S19 Msta-S,destroyed,https://i.postimg.cc/SQvMy8Dz/1096-2-S19-Msta-S.jpg,76,218,107,13,92,6,2022-10-04T21:08:09Z
Self-Propelled Artillery,Russia,https://upload.wikimedia.org/wikipedia/commons/thumb/a/a9/Flag_of_the_Soviet_Union.svg/23px-Flag_of_the_Soviet_Union.svg.png,152mm 2S19 Msta-S,destroyed,https://i.postimg.cc/pLCh68nX/1007-msta-s.jpg,76,218,107,13,92,6,2022-10-04T21:08:09Z
Self-Propelled Artillery,Russia,https://upload.wikimedia.org/wikipedia/commons/thumb/a/a9/Flag_of_the_Soviet_Union.svg/23px-Flag_of_the_Soviet_Union.svg.png,152mm 2S19 Msta-S,destroyed,https://i.postimg.cc/fb9tjf4n/1005-msta-s.jpg,76,218,107,13,92,6,2022-10-04T21:08:09Z
Self-Propelled Artillery,Russia,https://upload.wikimedia.org/wikipedia/commons/thumb/a/a9/Flag_of_the_Soviet_Union.svg/23px-Flag_of_the_Soviet_Union.svg.png,152mm 2S19 Msta-S,destroyed,https://twitter.com/UAWeapons/status/1570152375238950912,76,218,107,13,92,6,2022-10-04T21:08:09Z
Self-Propelled Artillery,Russia,https://upload.wikimedia.org/wikipedia/commons/thumb/a/a9/Flag_of_the_Soviet_Union.svg/23px-Flag_of_the_Soviet_Union.svg.png,152mm 2S19 Msta-S,destroyed,https://i.postimg.cc/ydCmnLfY/1012-msta-s.jpg,76,218,107,13,92,6,2022-10-04T21:08:09Z
Self-Propelled Artillery,Russia,https://upload.wikimedia.org/wikipedia/commons/thumb/a/a9/Flag_of_the_Soviet_Union.svg/23px-Flag_of_the_Soviet_Union.svg.png,152mm 2S19 Msta-S,destroyed,https://twitter.com/UAWeapons/status/1572576635492388864,76,218,107,13,92,6,2022-10-04T21:08:09Z
Self-Propelled Artillery,Russia,https://upload.wikimedia.org/wikipedia/commons/thumb/a/a9/Flag_of_the_Soviet_Union.svg/23px-Flag_of_the_Soviet_Union.svg.png,152mm 2S19 Msta-S,destroyed,https://i.postimg.cc/VkSYDc89/MSTA-S-Izium-area.png,76,218,107,13,92,6,2022-10-04T21:08:09Z
Self-Propelled Artillery,Russia,https://upload.wikimedia.org/wikipedia/commons/thumb/a/a9/Flag_of_the_Soviet_Union.svg/23px-Flag_of_the_Soviet_Union.svg.png,152mm 2S19 Msta-S,damaged,https://i.postimg.cc/jqZ7G0y7/1005-msta-s-damaged.jpg,76,218,107,13,92,6,2022-10-04T21:08:09Z
Self-Propelled Artillery,Russia,https://upload.wikimedia.org/wikipedia/commons/thumb/a/a9/Flag_of_the_Soviet_Union.svg/23px-Flag_of_the_Soviet_Union.svg.png,152mm 2S19 Msta-S,damaged,https://i.postimg.cc/ncrDxR1w/1006-msta-s-damaged.jpg,76,218,107,13,92,6,2022-10-04T21:08:09Z
Self-Propelled Artillery,Russia,https://upload.wikimedia.org/wikipedia/commons/thumb/a/a9/Flag_of_the_Soviet_Union.svg/23px-Flag_of_the_Soviet_Union.svg.png,152mm 2S19 Msta-S,abandoned,https://i.postimg.cc/Y08W5pnP/557723.png,76,218,107,13,92,6,2022-10-04T21:08:09Z
Self-Propelled Artillery,Russia,https://upload.wikimedia.org/wikipedia/commons/thumb/a/a9/Flag_of_the_Soviet_Union.svg/23px-Flag_of_the_Soviet_Union.svg.png,152mm 2S19 Msta-S,abandoned,https://i.postimg.cc/3NSNyzNR/ff3.jpg,76,218,107,13,92,6,2022-10-04T21:08:09Z
Self-Propelled Artillery,Russia,https://upload.wikimedia.org/wikipedia/commons/thumb/a/a9/Flag_of_the_Soviet_Union.svg/23px-Flag_of_the_Soviet_Union.svg.png,152mm 2S19 Msta-S,abandoned,https://i.postimg.cc/VvcXHJpv/d27.png,76,218,107,13,92,6,2022-10-04T21:08:09Z
Self-Propelled Artillery,Russia,https://upload.wikimedia.org/wikipedia/commons/thumb/a/a9/Flag_of_the_Soviet_Union.svg/23px-Flag_of_the_Soviet_Union.svg.png,152mm 2S19 Msta-S,abandoned,https://i.postimg.cc/NFFhC8rz/3350.jpg,76,218,107,13,92,6,2022-10-04T21:08:09Z
Self-Propelled Artillery,Russia,https://upload.wikimedia.org/wikipedia/commons/thumb/a/a9/Flag_of_the_Soviet_Union.svg/23px-Flag_of_the_Soviet_Union.svg.png,152mm 2S19 Msta-S,abandoned,https://i.postimg.cc/mk7nKMHw/489.png,76,218,107,13,92,6,2022-10-04T21:08:09Z
Self-Propelled Artillery,Russia,https://upload.wikimedia.org/wikipedia/commons/thumb/a/a9/Flag_of_the_Soviet_Union.svg/23px-Flag_of_the_Soviet_Union.svg.png,152mm 2S19 Msta-S,captured,https://i.postimg.cc/TwVtf4qx/5490.png,76,218,107,13,92,6,2022-10-04T21:08:09Z
Self-Propelled Artillery,Russia,https://upload.wikimedia.org/wikipedia/commons/thumb/a/a9/Flag_of_the_Soviet_Union.svg/23px-Flag_of_the_Soviet_Union.svg.png,152mm 2S19 Msta-S,captured,https://i.postimg.cc/J0QbTYf7/6h.jpg,76,218,107,13,92,6,2022-10-04T21:08:09Z
Self-Propelled Artillery,Russia,https://upload.wikimedia.org/wikipedia/commons/thumb/a/a9/Flag_of_the_Soviet_Union.svg/23px-Flag_of_the_Soviet_Union.svg.png,152mm 2S19 Msta-S,captured,https://i.postimg.cc/PqdwjNvQ/4441.png,76,218,107,13,92,6,2022-10-04T21:08:09Z
Self-Propelled Artillery,Russia,https://upload.wikimedia.org/wikipedia/commons/thumb/a/a9/Flag_of_the_Soviet_Union.svg/23px-Flag_of_the_Soviet_Union.svg.png,152mm 2S19 Msta-S,captured,https://i.postimg.cc/ZKHmyGgk/2s5.png,76,218,107,13,92,6,2022-10-04T21:08:09Z
Self-Propelled Artillery,Russia,https://upload.wikimedia.org/wikipedia/commons/thumb/a/a9/Flag_of_the_Soviet_Union.svg/23px-Flag_of_the_Soviet_Union.svg.png,152mm 2S19 Msta-S,captured,https://i.postimg.cc/4xzGdvw2/16.png,76,218,107,13,92,6,2022-10-04T21:08:09Z
Self-Propelled Artillery,Russia,https://upload.wikimedia.org/wikipedia/commons/thumb/a/a9/Flag_of_the_Soviet_Union.svg/23px-Flag_of_the_Soviet_Union.svg.png,152mm 2S19 Msta-S,captured,https://i.postimg.cc/W1rbF9Xq/h76.jpg,76,218,107,13,92,6,2022-10-04T21:08:09Z
Self-Propelled Artillery,Russia,https://upload.wikimedia.org/wikipedia/commons/thumb/a/a9/Flag_of_the_Soviet_Union.svg/23px-Flag_of_the_Soviet_Union.svg.png,152mm 2S19 Msta-S,captured,https://i.postimg.cc/6QXqszSK/32d.png,76,218,107,13,92,6,2022-10-04T21:08:09Z
Self-Propelled Artillery,Russia,https://upload.wikimedia.org/wikipedia/commons/thumb/a/a9/Flag_of_the_Soviet_Union.svg/23px-Flag_of_the_Soviet_Union.svg.png,152mm 2S19 Msta-S,captured,https://i.postimg.cc/76N0kB0z/s1.jpg,76,218,107,13,92,6,2022-10-04T21:08:09Z
Self-Propelled Artillery,Russia,https://upload.wikimedia.org/wikipedia/commons/thumb/a/a9/Flag_of_the_Soviet_Union.svg/23px-Flag_of_the_Soviet_Union.svg.png,152mm 2S19 Msta-S,captured,https://i.postimg.cc/k5Bj14kH/76.jpg,76,218,107,13,92,6,2022-10-04T21:08:09Z
Self-Propelled Artillery,Russia,https://upload.wikimedia.org/wikipedia/commons/thumb/a/a9/Flag_of_the_Soviet_Union.svg/23px-Flag_of_the_Soviet_Union.svg.png,152mm 2S19 Msta-S,captured,https://i.postimg.cc/zBbygxv0/998.jpg,76,218,107,13,92,6,2022-10-04T21:08:09Z
Self-Propelled Artillery,Russia,https://upload.wikimedia.org/wikipedia/commons/thumb/a/a9/Flag_of_the_Soviet_Union.svg/23px-Flag_of_the_Soviet_Union.svg.png,152mm 2S19 Msta-S,captured,https://i.postimg.cc/mDtZZJjS/687.png,76,218,107,13,92,6,2022-10-04T21:08:09Z
Self-Propelled Artillery,Russia,https://upload.wikimedia.org/wikipedia/commons/thumb/a/a9/Flag_of_the_Soviet_Union.svg/23px-Flag_of_the_Soviet_Union.svg.png,152mm 2S19 Msta-S,captured,https://i.postimg.cc/MpTXKnr8/57799.jpg,76,218,107,13,92,6,2022-10-04T21:08:09Z
Self-Propelled Artillery,Russia,https://upload.wikimedia.org/wikipedia/commons/thumb/a/a9/Flag_of_the_Soviet_Union.svg/23px-Flag_of_the_Soviet_Union.svg.png,152mm 2S19 Msta-S,captured,https://i.postimg.cc/GmjR3x8R/3g.jpg,76,218,107,13,92,6,2022-10-04T21:08:09Z
Self-Propelled Artillery,Russia,https://upload.wikimedia.org/wikipedia/commons/thumb/a/a9/Flag_of_the_Soviet_Union.svg/23px-Flag_of_the_Soviet_Union.svg.png,152mm 2S19 Msta-S,captured,https://i.postimg.cc/DfS7qsFb/ff2.jpg,76,218,107,13,92,6,2022-10-04T21:08:09Z
Self-Propelled Artillery,Russia,https://upload.wikimedia.org/wikipedia/commons/thumb/a/a9/Flag_of_the_Soviet_Union.svg/23px-Flag_of_the_Soviet_Union.svg.png,152mm 2S19 Msta-S,captured,https://i.postimg.cc/hjsf9tb9/66hf.png,76,218,107,13,92,6,2022-10-04T21:08:09Z
Self-Propelled Artillery,Russia,https://upload.wikimedia.org/wikipedia/commons/thumb/a/a9/Flag_of_the_Soviet_Union.svg/23px-Flag_of_the_Soviet_Union.svg.png,152mm 2S19 Msta-S,captured,https://i.postimg.cc/vZPG0D9W/5f.png,76,218,107,13,92,6,2022-10-04T21:08:09Z
Self-Propelled Artillery,Russia,https://upload.wikimedia.org/wikipedia/commons/thumb/a/a9/Flag_of_the_Soviet_Union.svg/23px-Flag_of_the_Soviet_Union.svg.png,152mm 2S19 Msta-S,captured,https://i.postimg.cc/wv0gDZCF/d332.png,76,218,107,13,92,6,2022-10-04T21:08:09Z
Self-Propelled Artillery,Russia,https://upload.wikimedia.org/wikipedia/commons/thumb/a/a9/Flag_of_the_Soviet_Union.svg/23px-Flag_of_the_Soviet_Union.svg.png,152mm 2S19 Msta-S,captured,https://postimg.cc/Mvk7GZHm,76,218,107,13,92,6,2022-10-04T21:08:09Z
Self-Propelled Artillery,Russia,https://upload.wikimedia.org/wikipedia/commons/thumb/a/a9/Flag_of_the_Soviet_Union.svg/23px-Flag_of_the_Soviet_Union.svg.png,152mm 2S19 Msta-S,captured,https://i.postimg.cc/2Sk1L977/66534.jpg,76,218,107,13,92,6,2022-10-04T21:08:09Z
Self-Propelled Artillery,Russia,https://upload.wikimedia.org/wikipedia/commons/thumb/a/a9/Flag_of_the_Soviet_Union.svg/23px-Flag_of_the_Soviet_Union.svg.png,152mm 2S19 Msta-S,captured,https://i.postimg.cc/x8ZVc6HH/887.png,76,218,107,13,92,6,2022-10-04T21:08:09Z
Self-Propelled Artillery,Russia,https://upload.wikimedia.org/wikipedia/commons/thumb/a/a9/Flag_of_the_Soviet_Union.svg/23px-Flag_of_the_Soviet_Union.svg.png,152mm 2S19 Msta-S,captured,https://i.postimg.cc/sghCGWxB/65.png,76,218,107,13,92,6,2022-10-04T21:08:09Z
Self-Propelled Artillery,Russia,https://upload.wikimedia.org/wikipedia/commons/thumb/a/a9/Flag_of_the_Soviet_Union.svg/23px-Flag_of_the_Soviet_Union.svg.png,152mm 2S19 Msta-S,captured,https://i.postimg.cc/C5XkV6Vs/544.png,76,218,107,13,92,6,2022-10-04T21:08:09Z
Self-Propelled Artillery,Russia,https://upload.wikimedia.org/wikipedia/commons/thumb/a/a9/Flag_of_the_Soviet_Union.svg/23px-Flag_of_the_Soviet_Union.svg.png,152mm 2S19 Msta-S,captured,https://i.postimg.cc/7ZtrPYcp/1020-msta-s.jpg,76,218,107,13,92,6,2022-10-04T21:08:09Z
Self-Propelled Artillery,Russia,https://upload.wikimedia.org/wikipedia/commons/thumb/a/a9/Flag_of_the_Soviet_Union.svg/23px-Flag_of_the_Soviet_Union.svg.png,152mm 2S19 Msta-S,captured,https://twitter.com/UAWeapons/status/1569229469990227970,76,218,107,13,92,6,2022-10-04T21:08:09Z
Self-Propelled Artillery,Russia,https://upload.wikimedia.org/wikipedia/commons/thumb/a/a9/Flag_of_the_Soviet_Union.svg/23px-Flag_of_the_Soviet_Union.svg.png,152mm 2S19 Msta-S,captured,https://twitter.com/UAWeapons/status/1569229469990227970,76,218,107,13,92,6,2022-10-04T21:08:09Z
Self-Propelled Artillery,Russia,https://upload.wikimedia.org/wikipedia/commons/thumb/a/a9/Flag_of_the_Soviet_Union.svg/23px-Flag_of_the_Soviet_Union.svg.png,152mm 2S19 Msta-S,captured,https://postimg.cc/HJFBNZXC,76,218,107,13,92,6,2022-10-04T21:08:09Z
Self-Propelled Artillery,Russia,https://upload.wikimedia.org/wikipedia/commons/thumb/a/a9/Flag_of_the_Soviet_Union.svg/23px-Flag_of_the_Soviet_Union.svg.png,152mm 2S19 Msta-S,captured,https://twitter.com/UAWeapons/status/1569424767517597702,76,218,107,13,92,6,2022-10-04T21:08:09Z
Self-Propelled Artillery,Russia,https://upload.wikimedia.org/wikipedia/commons/thumb/a/a9/Flag_of_the_Soviet_Union.svg/23px-Flag_of_the_Soviet_Union.svg.png,152mm 2S19 Msta-S,captured,https://twitter.com/UAWeapons/status/1569639365655072770,76,218,107,13,92,6,2022-10-04T21:08:09Z
Self-Propelled Artillery,Russia,https://upload.wikimedia.org/wikipedia/commons/thumb/a/a9/Flag_of_the_Soviet_Union.svg/23px-Flag_of_the_Soviet_Union.svg.png,152mm 2S19 Msta-S,captured,https://twitter.com/UAWeapons/status/1569962727392813057,76,218,107,13,92,6,2022-10-04T21:08:09Z
Self-Propelled Artillery,Russia,https://upload.wikimedia.org/wikipedia/commons/thumb/a/a9/Flag_of_the_Soviet_Union.svg/23px-Flag_of_the_Soviet_Union.svg.png,152mm 2S19 Msta-S,captured,https://i.postimg.cc/MK00cndM/k8.png,76,218,107,13,92,6,2022-10-04T21:08:09Z
Self-Propelled Artillery,Russia,https://upload.wikimedia.org/wikipedia/commons/thumb/a/a9/Flag_of_the_Soviet_Union.svg/23px-Flag_of_the_Soviet_Union.svg.png,152mm 2S19 Msta-S,captured,https://twitter.com/UAWeapons/status/1572507658879631360,76,218,107,13,92,6,2022-10-04T21:08:09Z
Self-Propelled Artillery,Russia,https://upload.wikimedia.org/wikipedia/commons/thumb/a/a9/Flag_of_the_Soviet_Union.svg/23px-Flag_of_the_Soviet_Union.svg.png,152mm 2S19 Msta-S,abandoned,https://i.postimg.cc/g07hV40m/5547.png,76,218,107,13,92,6,2022-10-04T21:08:09Z
Self-Propelled Artillery,Russia,https://upload.wikimedia.org/wikipedia/commons/thumb/a/a9/Flag_of_the_Soviet_Union.svg/23px-Flag_of_the_Soviet_Union.svg.png,152mm 2S19 Msta-S,abandoned,https://i.postimg.cc/g07hV40m/5547.png,76,218,107,13,92,6,2022-10-04T21:08:09Z
Self-Propelled Artillery,Russia,https://upload.wikimedia.org/wikipedia/commons/thumb/a/a9/Flag_of_the_Soviet_Union.svg/23px-Flag_of_the_Soviet_Union.svg.png,152mm 2S33 Msta-SM2,captured,https://i.postimg.cc/654NRtxk/583.png,12,218,107,13,92,6,2022-10-04T21:08:09Z
Self-Propelled Artillery,Russia,https://upload.wikimedia.org/wikipedia/commons/thumb/a/a9/Flag_of_the_Soviet_Union.svg/23px-Flag_of_the_Soviet_Union.svg.png,152mm 2S33 Msta-SM2,captured,https://i.postimg.cc/YSD5yMc0/369.png,12,218,107,13,92,6,2022-10-04T21:08:09Z
Self-Propelled Artillery,Russia,https://upload.wikimedia.org/wikipedia/commons/thumb/a/a9/Flag_of_the_Soviet_Union.svg/23px-Flag_of_the_Soviet_Union.svg.png,152mm 2S33 Msta-SM2,captured,https://i.postimg.cc/kGL6NWBJ/35.png,12,218,107,13,92,6,2022-10-04T21:08:09Z
Self-Propelled Artillery,Russia,https://upload.wikimedia.org/wikipedia/commons/thumb/a/a9/Flag_of_the_Soviet_Union.svg/23px-Flag_of_the_Soviet_Union.svg.png,152mm 2S33 Msta-SM2,captured,https://twitter.com/UAWeapons/status/1567980932199505920,12,218,107,13,92,6,2022-10-04T21:08:09Z
Self-Propelled Artillery,Russia,https://upload.wikimedia.org/wikipedia/commons/thumb/a/a9/Flag_of_the_Soviet_Union.svg/23px-Flag_of_the_Soviet_Union.svg.png,152mm 2S33 Msta-SM2,captured,https://twitter.com/UAWeapons/status/1567980932199505920,12,218,107,13,92,6,2022-10-04T21:08:09Z
Self-Propelled Artillery,Russia,https://upload.wikimedia.org/wikipedia/commons/thumb/a/a9/Flag_of_the_Soviet_Union.svg/23px-Flag_of_the_Soviet_Union.svg.png,152mm 2S33 Msta-SM2,captured,https://i.postimg.cc/K88yyg9P/1021-msta-sm2.jpg,12,218,107,13,92,6,2022-10-04T21:08:09Z
Self-Propelled Artillery,Russia,https://upload.wikimedia.org/wikipedia/commons/thumb/a/a9/Flag_of_the_Soviet_Union.svg/23px-Flag_of_the_Soviet_Union.svg.png,152mm 2S33 Msta-SM2,captured,https://twitter.com/UAWeapons/status/1568899257771384832,12,218,107,13,92,6,2022-10-04T21:08:09Z
Self-Propelled Artillery,Russia,https://upload.wikimedia.org/wikipedia/commons/thumb/a/a9/Flag_of_the_Soviet_Union.svg/23px-Flag_of_the_Soviet_Union.svg.png,152mm 2S33 Msta-SM2,captured,https://twitter.com/UAWeapons/status/1571545765138382852,12,218,107,13,92,6,2022-10-04T21:08:09Z
Self-Propelled Artillery,Russia,https://upload.wikimedia.org/wikipedia/commons/thumb/a/a9/Flag_of_the_Soviet_Union.svg/23px-Flag_of_the_Soviet_Union.svg.png,152mm 2S33 Msta-SM2,captured,https://twitter.com/UAWeapons/status/1568901256038567938,12,218,107,13,92,6,2022-10-04T21:08:09Z
Self-Propelled Artillery,Russia,https://upload.wikimedia.org/wikipedia/commons/thumb/a/a9/Flag_of_the_Soviet_Union.svg/23px-Flag_of_the_Soviet_Union.svg.png,152mm 2S33 Msta-SM2,captured,https://twitter.com/UAWeapons/status/1574853608344064000,12,218,107,13,92,6,2022-10-04T21:08:09Z
Self-Propelled Artillery,Russia,https://upload.wikimedia.org/wikipedia/commons/thumb/a/a9/Flag_of_the_Soviet_Union.svg/23px-Flag_of_the_Soviet_Union.svg.png,152mm 2S33 Msta-SM2,captured,https://i.postimg.cc/HWwF34nD/1021-msta-sm2.jpg,12,218,107,13,92,6,2022-10-04T21:08:09Z
Self-Propelled Artillery,Russia,https://upload.wikimedia.org/wikipedia/commons/thumb/a/a9/Flag_of_the_Soviet_Union.svg/23px-Flag_of_the_Soviet_Union.svg.png,152mm 2S33 Msta-SM2,captured,https://i.postimg.cc/QNkX76Bg/MSTA-SM2-Kharkiv-region.png,12,218,107,13,92,6,2022-10-04T21:08:09Z
Self-Propelled Artillery,Russia,https://upload.wikimedia.org/wikipedia/commons/thumb/a/a9/Flag_of_the_Soviet_Union.svg/23px-Flag_of_the_Soviet_Union.svg.png,203mm 2S7M Malka,destroyed,https://twitter.com/UAWeapons/status/1548035888025722880,3,218,107,13,92,6,2022-10-04T21:08:09Z
Self-Propelled Artillery,Russia,https://upload.wikimedia.org/wikipedia/commons/thumb/a/a9/Flag_of_the_Soviet_Union.svg/23px-Flag_of_the_Soviet_Union.svg.png,203mm 2S7M Malka,damaged,https://i.postimg.cc/kXvxwvLv/1008.jpg,3,218,107,13,92,6,2022-10-04T21:08:09Z
Self-Propelled Artillery,Russia,https://upload.wikimedia.org/wikipedia/commons/thumb/a/a9/Flag_of_the_Soviet_Union.svg/23px-Flag_of_the_Soviet_Union.svg.png,203mm 2S7M Malka,captured,https://i.postimg.cc/QtVFhxDL/1001-2s7-malka.jpg,3,218,107,13,92,6,2022-10-04T21:08:09Z
Self-Propelled Artillery,Russia,https://upload.wikimedia.org/wikipedia/commons/thumb/a/a9/Flag_of_the_Soviet_Union.svg/23px-Flag_of_the_Soviet_Union.svg.png,240mm 2S4 Tyulpan,destroyed,https://twitter.com/UAWeapons/status/1528046054150754307,1,218,107,13,92,6,2022-10-04T21:08:09Z
Self-Propelled Artillery,Russia,https://upload.wikimedia.org/wikipedia/commons/thumb/a/a9/Flag_of_the_Soviet_Union.svg/23px-Flag_of_the_Soviet_Union.svg.png,Unknown SPG,destroyed,https://twitter.com/UAWeapons/status/1541387063408427009,9,218,107,13,92,6,2022-10-04T21:08:09Z
Self-Propelled Artillery,Russia,https://upload.wikimedia.org/wikipedia/commons/thumb/a/a9/Flag_of_the_Soviet_Union.svg/23px-Flag_of_the_Soviet_Union.svg.png,Unknown SPG,destroyed,https://twitter.com/UAWeapons/status/1542969635850575873,9,218,107,13,92,6,2022-10-04T21:08:09Z
Self-Propelled Artillery,Russia,https://upload.wikimedia.org/wikipedia/commons/thumb/a/a9/Flag_of_the_Soviet_Union.svg/23px-Flag_of_the_Soviet_Union.svg.png,Unknown SPG,destroyed,https://twitter.com/Blue_Sauron/status/1546082260952272896,9,218,107,13,92,6,2022-10-04T21:08:09Z
Self-Propelled Artillery,Russia,https://upload.wikimedia.org/wikipedia/commons/thumb/a/a9/Flag_of_the_Soviet_Union.svg/23px-Flag_of_the_Soviet_Union.svg.png,Unknown SPG,destroyed,https://i.postimg.cc/fL6mmfBC/1004-unkn-spg.jpg,9,218,107,13,92,6,2022-10-04T21:08:09Z
Self-Propelled Artillery,Russia,https://upload.wikimedia.org/wikipedia/commons/thumb/a/a9/Flag_of_the_Soviet_Union.svg/23px-Flag_of_the_Soviet_Union.svg.png,Unknown SPG,destroyed,https://twitter.com/UAWeapons/status/1562127670330155008,9,218,107,13,92,6,2022-10-04T21:08:09Z
Self-Propelled Artillery,Russia,https://upload.wikimedia.org/wikipedia/commons/thumb/a/a9/Flag_of_the_Soviet_Union.svg/23px-Flag_of_the_Soviet_Union.svg.png,Unknown SPG,destroyed,https://twitter.com/RALee85/status/1564401130095919105,9,218,107,13,92,6,2022-10-04T21:08:09Z
Self-Propelled Artillery,Russia,https://upload.wikimedia.org/wikipedia/commons/thumb/a/a9/Flag_of_the_Soviet_Union.svg/23px-Flag_of_the_Soviet_Union.svg.png,Unknown SPG,destroyed,https://i.postimg.cc/tT7DqT7g/1002-unkn-spg.jpg,9,218,107,13,92,6,2022-10-04T21:08:09Z
Self-Propelled Artillery,Russia,https://upload.wikimedia.org/wikipedia/commons/thumb/a/a9/Flag_of_the_Soviet_Union.svg/23px-Flag_of_the_Soviet_Union.svg.png,Unknown SPG,damaged,https://twitter.com/UAWeapons/status/1507012290536566788,9,218,107,13,92,6,2022-10-04T21:08:09Z
Self-Propelled Artillery,Russia,https://upload.wikimedia.org/wikipedia/commons/thumb/a/a9/Flag_of_the_Soviet_Union.svg/23px-Flag_of_the_Soviet_Union.svg.png,Unknown SPG,damaged,https://i.postimg.cc/brmSsT57/1001-unkn-spg.jpg,9,218,107,13,92,6,2022-10-04T21:08:09Z
Multiple Rocket Launchers,Russia,https://upload.wikimedia.org/wikipedia/commons/thumb/a/a9/Flag_of_the_Soviet_Union.svg/23px-Flag_of_the_Soviet_Union.svg.png,122mm BM-21 Grad,destroyed,https://i.postimg.cc/8c0jfFn1/b6.png,79,118,68,2,44,4,2022-10-04T21:08:09Z
Multiple Rocket Launchers,Russia,https://upload.wikimedia.org/wikipedia/commons/thumb/a/a9/Flag_of_the_Soviet_Union.svg/23px-Flag_of_the_Soviet_Union.svg.png,122mm BM-21 Grad,destroyed,https://i.postimg.cc/x16gjzR1/442.png,79,118,68,2,44,4,2022-10-04T21:08:09Z
Multiple Rocket Launchers,Russia,https://upload.wikimedia.org/wikipedia/commons/thumb/a/a9/Flag_of_the_Soviet_Union.svg/23px-Flag_of_the_Soviet_Union.svg.png,122mm BM-21 Grad,destroyed,https://i.postimg.cc/zvbmmfzD/888.png,79,118,68,2,44,4,2022-10-04T21:08:09Z
Multiple Rocket Launchers,Russia,https://upload.wikimedia.org/wikipedia/commons/thumb/a/a9/Flag_of_the_Soviet_Union.svg/23px-Flag_of_the_Soviet_Union.svg.png,122mm BM-21 Grad,destroyed,https://i.postimg.cc/L6z7w58H/331.png,79,118,68,2,44,4,2022-10-04T21:08:09Z
Multiple Rocket Launchers,Russia,https://upload.wikimedia.org/wikipedia/commons/thumb/a/a9/Flag_of_the_Soviet_Union.svg/23px-Flag_of_the_Soviet_Union.svg.png,122mm BM-21 Grad,destroyed,https://i.postimg.cc/wjWsfG3Z/1097-grad.png,79,118,68,2,44,4,2022-10-04T21:08:09Z
Multiple Rocket Launchers,Russia,https://upload.wikimedia.org/wikipedia/commons/thumb/a/a9/Flag_of_the_Soviet_Union.svg/23px-Flag_of_the_Soviet_Union.svg.png,122mm BM-21 Grad,destroyed,https://i.postimg.cc/hP1dTGYh/f1fl.png,79,118,68,2,44,4,2022-10-04T21:08:09Z
Multiple Rocket Launchers,Russia,https://upload.wikimedia.org/wikipedia/commons/thumb/a/a9/Flag_of_the_Soviet_Union.svg/23px-Flag_of_the_Soviet_Union.svg.png,122mm BM-21 Grad,destroyed,https://twitter.com/RALee85/status/1536227546878074881,79,118,68,2,44,4,2022-10-04T21:08:09Z
Multiple Rocket Launchers,Russia,https://upload.wikimedia.org/wikipedia/commons/thumb/a/a9/Flag_of_the_Soviet_Union.svg/23px-Flag_of_the_Soviet_Union.svg.png,122mm BM-21 Grad,destroyed,https://twitter.com/RALee85/status/1536227546878074881,79,118,68,2,44,4,2022-10-04T21:08:09Z
Multiple Rocket Launchers,Russia,https://upload.wikimedia.org/wikipedia/commons/thumb/a/a9/Flag_of_the_Soviet_Union.svg/23px-Flag_of_the_Soviet_Union.svg.png,122mm BM-21 Grad,destroyed,https://twitter.com/RALee85/status/1536227546878074881,79,118,68,2,44,4,2022-10-04T21:08:09Z
Multiple Rocket Launchers,Russia,https://upload.wikimedia.org/wikipedia/commons/thumb/a/a9/Flag_of_the_Soviet_Union.svg/23px-Flag_of_the_Soviet_Union.svg.png,122mm BM-21 Grad,destroyed,https://i.postimg.cc/854y7YpN/5422.png,79,118,68,2,44,4,2022-10-04T21:08:09Z
Multiple Rocket Launchers,Russia,https://upload.wikimedia.org/wikipedia/commons/thumb/a/a9/Flag_of_the_Soviet_Union.svg/23px-Flag_of_the_Soviet_Union.svg.png,122mm BM-21 Grad,destroyed,https://i.postimg.cc/KjBRqtbQ/f43.jpg,79,118,68,2,44,4,2022-10-04T21:08:09Z
Multiple Rocket Launchers,Russia,https://upload.wikimedia.org/wikipedia/commons/thumb/a/a9/Flag_of_the_Soviet_Union.svg/23px-Flag_of_the_Soviet_Union.svg.png,122mm BM-21 Grad,destroyed,https://i.postimg.cc/RZNw48Dh/79.jpg,79,118,68,2,44,4,2022-10-04T21:08:09Z
Multiple Rocket Launchers,Russia,https://upload.wikimedia.org/wikipedia/commons/thumb/a/a9/Flag_of_the_Soviet_Union.svg/23px-Flag_of_the_Soviet_Union.svg.png,122mm BM-21 Grad,destroyed,https://twitter.com/UAWeapons/status/1513475137940574210,79,118,68,2,44,4,2022-10-04T21:08:09Z
Multiple Rocket Launchers,Russia,https://upload.wikimedia.org/wikipedia/commons/thumb/a/a9/Flag_of_the_Soviet_Union.svg/23px-Flag_of_the_Soviet_Union.svg.png,122mm BM-21 Grad,destroyed,https://i.postimg.cc/5NkhbyGD/67.png,79,118,68,2,44,4,2022-10-04T21:08:09Z
Multiple Rocket Launchers,Russia,https://upload.wikimedia.org/wikipedia/commons/thumb/a/a9/Flag_of_the_Soviet_Union.svg/23px-Flag_of_the_Soviet_Union.svg.png,122mm BM-21 Grad,destroyed,https://i.postimg.cc/5NkhbyGD/67.png,79,118,68,2,44,4,2022-10-04T21:08:09Z
Multiple Rocket Launchers,Russia,https://upload.wikimedia.org/wikipedia/commons/thumb/a/a9/Flag_of_the_Soviet_Union.svg/23px-Flag_of_the_Soviet_Union.svg.png,122mm BM-21 Grad,destroyed,https://i.postimg.cc/1ztmWPsG/547.jpg,79,118,68,2,44,4,2022-10-04T21:08:09Z
Multiple Rocket Launchers,Russia,https://upload.wikimedia.org/wikipedia/commons/thumb/a/a9/Flag_of_the_Soviet_Union.svg/23px-Flag_of_the_Soviet_Union.svg.png,122mm BM-21 Grad,destroyed,https://twitter.com/UAWeapons/status/1534498437911158786,79,118,68,2,44,4,2022-10-04T21:08:09Z
Multiple Rocket Launchers,Russia,https://upload.wikimedia.org/wikipedia/commons/thumb/a/a9/Flag_of_the_Soviet_Union.svg/23px-Flag_of_the_Soviet_Union.svg.png,122mm BM-21 Grad,destroyed,https://twitter.com/UAWeapons/status/1534591070805409792,79,118,68,2,44,4,2022-10-04T21:08:09Z
Multiple Rocket Launchers,Russia,https://upload.wikimedia.org/wikipedia/commons/thumb/a/a9/Flag_of_the_Soviet_Union.svg/23px-Flag_of_the_Soviet_Union.svg.png,122mm BM-21 Grad,destroyed,https://twitter.com/UAWeapons/status/1538098093375295489,79,118,68,2,44,4,2022-10-04T21:08:09Z
Multiple Rocket Launchers,Russia,https://upload.wikimedia.org/wikipedia/commons/thumb/a/a9/Flag_of_the_Soviet_Union.svg/23px-Flag_of_the_Soviet_Union.svg.png,122mm BM-21 Grad,destroyed,https://twitter.com/UAWeapons/status/1538098093375295489,79,118,68,2,44,4,2022-10-04T21:08:09Z
Multiple Rocket Launchers,Russia,https://upload.wikimedia.org/wikipedia/commons/thumb/a/a9/Flag_of_the_Soviet_Union.svg/23px-Flag_of_the_Soviet_Union.svg.png,122mm BM-21 Grad,destroyed,https://twitter.com/UAWeapons/status/1538098093375295489,79,118,68,2,44,4,2022-10-04T21:08:09Z
Multiple Rocket Launchers,Russia,https://upload.wikimedia.org/wikipedia/commons/thumb/a/a9/Flag_of_the_Soviet_Union.svg/23px-Flag_of_the_Soviet_Union.svg.png,122mm BM-21 Grad,destroyed,https://twitter.com/UAWeapons/status/1538098093375295489,79,118,68,2,44,4,2022-10-04T21:08:09Z
Multiple Rocket Launchers,Russia,https://upload.wikimedia.org/wikipedia/commons/thumb/a/a9/Flag_of_the_Soviet_Union.svg/23px-Flag_of_the_Soviet_Union.svg.png,122mm BM-21 Grad,destroyed,https://twitter.com/UAWeapons/status/1535286866379157504,79,118,68,2,44,4,2022-10-04T21:08:09Z
Multiple Rocket Launchers,Russia,https://upload.wikimedia.org/wikipedia/commons/thumb/a/a9/Flag_of_the_Soviet_Union.svg/23px-Flag_of_the_Soviet_Union.svg.png,122mm BM-21 Grad,destroyed,https://twitter.com/UAWeapons/status/1535286866379157504,79,118,68,2,44,4,2022-10-04T21:08:09Z
Multiple Rocket Launchers,Russia,https://upload.wikimedia.org/wikipedia/commons/thumb/a/a9/Flag_of_the_Soviet_Union.svg/23px-Flag_of_the_Soviet_Union.svg.png,122mm BM-21 Grad,destroyed,https://twitter.com/UAWeapons/status/1535286866379157504,79,118,68,2,44,4,2022-10-04T21:08:09Z
Multiple Rocket Launchers,Russia,https://upload.wikimedia.org/wikipedia/commons/thumb/a/a9/Flag_of_the_Soviet_Union.svg/23px-Flag_of_the_Soviet_Union.svg.png,122mm BM-21 Grad,destroyed,https://twitter.com/UAWeapons/status/1535286866379157504,79,118,68,2,44,4,2022-10-04T21:08:09Z
Multiple Rocket Launchers,Russia,https://upload.wikimedia.org/wikipedia/commons/thumb/a/a9/Flag_of_the_Soviet_Union.svg/23px-Flag_of_the_Soviet_Union.svg.png,122mm BM-21 Grad,destroyed,https://twitter.com/UAWeapons/status/1535286866379157504,79,118,68,2,44,4,2022-10-04T21:08:09Z
Multiple Rocket Launchers,Russia,https://upload.wikimedia.org/wikipedia/commons/thumb/a/a9/Flag_of_the_Soviet_Union.svg/23px-Flag_of_the_Soviet_Union.svg.png,122mm BM-21 Grad,destroyed,https://twitter.com/UAWeapons/status/1535286866379157504,79,118,68,2,44,4,2022-10-04T21:08:09Z
Multiple Rocket Launchers,Russia,https://upload.wikimedia.org/wikipedia/commons/thumb/a/a9/Flag_of_the_Soviet_Union.svg/23px-Flag_of_the_Soviet_Union.svg.png,122mm BM-21 Grad,destroyed,https://twitter.com/UAWeapons/status/1542892786348851200,79,118,68,2,44,4,2022-10-04T21:08:09Z
Multiple Rocket Launchers,Russia,https://upload.wikimedia.org/wikipedia/commons/thumb/a/a9/Flag_of_the_Soviet_Union.svg/23px-Flag_of_the_Soviet_Union.svg.png,122mm BM-21 Grad,destroyed,https://twitter.com/UAWeapons/status/1542892786348851200,79,118,68,2,44,4,2022-10-04T21:08:09Z
Multiple Rocket Launchers,Russia,https://upload.wikimedia.org/wikipedia/commons/thumb/a/a9/Flag_of_the_Soviet_Union.svg/23px-Flag_of_the_Soviet_Union.svg.png,122mm BM-21 Grad,destroyed,https://i.postimg.cc/FKnHxtc6/1002.jpg,79,118,68,2,44,4,2022-10-04T21:08:09Z
Multiple Rocket Launchers,Russia,https://upload.wikimedia.org/wikipedia/commons/thumb/a/a9/Flag_of_the_Soviet_Union.svg/23px-Flag_of_the_Soviet_Union.svg.png,122mm BM-21 Grad,destroyed,https://twitter.com/UAWeapons/status/1556343599868137473,79,118,68,2,44,4,2022-10-04T21:08:09Z
Multiple Rocket Launchers,Russia,https://upload.wikimedia.org/wikipedia/commons/thumb/a/a9/Flag_of_the_Soviet_Union.svg/23px-Flag_of_the_Soviet_Union.svg.png,122mm BM-21 Grad,destroyed,https://postimg.cc/XpyBXMF7,79,118,68,2,44,4,2022-10-04T21:08:09Z
Multiple Rocket Launchers,Russia,https://upload.wikimedia.org/wikipedia/commons/thumb/a/a9/Flag_of_the_Soviet_Union.svg/23px-Flag_of_the_Soviet_Union.svg.png,122mm BM-21 Grad,destroyed,https://i.postimg.cc/nr1Wrst0/439.png,79,118,68,2,44,4,2022-10-04T21:08:09Z
Multiple Rocket Launchers,Russia,https://upload.wikimedia.org/wikipedia/commons/thumb/a/a9/Flag_of_the_Soviet_Union.svg/23px-Flag_of_the_Soviet_Union.svg.png,122mm BM-21 Grad,destroyed,https://i.postimg.cc/kGHcy5Hv/31.png,79,118,68,2,44,4,2022-10-04T21:08:09Z
Multiple Rocket Launchers,Russia,https://upload.wikimedia.org/wikipedia/commons/thumb/a/a9/Flag_of_the_Soviet_Union.svg/23px-Flag_of_the_Soviet_Union.svg.png,122mm BM-21 Grad,destroyed,https://i.postimg.cc/FK4nY3Hv/1033-bm21.jpg,79,118,68,2,44,4,2022-10-04T21:08:09Z
Multiple Rocket Launchers,Russia,https://upload.wikimedia.org/wikipedia/commons/thumb/a/a9/Flag_of_the_Soviet_Union.svg/23px-Flag_of_the_Soviet_Union.svg.png,122mm BM-21 Grad,destroyed,https://twitter.com/UAWeapons/status/1569292595997675523,79,118,68,2,44,4,2022-10-04T21:08:09Z
Multiple Rocket Launchers,Russia,https://upload.wikimedia.org/wikipedia/commons/thumb/a/a9/Flag_of_the_Soviet_Union.svg/23px-Flag_of_the_Soviet_Union.svg.png,122mm BM-21 Grad,destroyed,https://i.postimg.cc/pdDKDq61/1016-bm21.jpg,79,118,68,2,44,4,2022-10-04T21:08:09Z
Multiple Rocket Launchers,Russia,https://upload.wikimedia.org/wikipedia/commons/thumb/a/a9/Flag_of_the_Soviet_Union.svg/23px-Flag_of_the_Soviet_Union.svg.png,122mm BM-21 Grad,destroyed,https://i.postimg.cc/65qMWWjg/1018-bm21-destr.jpg,79,118,68,2,44,4,2022-10-04T21:08:09Z
Multiple Rocket Launchers,Russia,https://upload.wikimedia.org/wikipedia/commons/thumb/a/a9/Flag_of_the_Soviet_Union.svg/23px-Flag_of_the_Soviet_Union.svg.png,122mm BM-21 Grad,destroyed,https://i.postimg.cc/d3DJ4ZGX/1017-bm21-destr.jpg,79,118,68,2,44,4,2022-10-04T21:08:09Z
Multiple Rocket Launchers,Russia,https://upload.wikimedia.org/wikipedia/commons/thumb/a/a9/Flag_of_the_Soviet_Union.svg/23px-Flag_of_the_Soviet_Union.svg.png,122mm BM-21 Grad,damaged,https://twitter.com/UAWeapons/status/1550508867930529794,79,118,68,2,44,4,2022-10-04T21:08:09Z
Multiple Rocket Launchers,Russia,https://upload.wikimedia.org/wikipedia/commons/thumb/a/a9/Flag_of_the_Soviet_Union.svg/23px-Flag_of_the_Soviet_Union.svg.png,122mm BM-21 Grad,damaged,https://twitter.com/UAWeapons/status/1575041804738523137,79,118,68,2,44,4,2022-10-04T21:08:09Z
Multiple Rocket Launchers,Russia,https://upload.wikimedia.org/wikipedia/commons/thumb/a/a9/Flag_of_the_Soviet_Union.svg/23px-Flag_of_the_Soviet_Union.svg.png,122mm BM-21 Grad,damaged,https://twitter.com/UAWeapons/status/1575041804738523137,79,118,68,2,44,4,2022-10-04T21:08:09Z
Multiple Rocket Launchers,Russia,https://upload.wikimedia.org/wikipedia/commons/thumb/a/a9/Flag_of_the_Soviet_Union.svg/23px-Flag_of_the_Soviet_Union.svg.png,122mm BM-21 Grad,damaged,https://twitter.com/UAWeapons/status/1575041804738523137,79,118,68,2,44,4,2022-10-04T21:08:09Z
Multiple Rocket Launchers,Russia,https://upload.wikimedia.org/wikipedia/commons/thumb/a/a9/Flag_of_the_Soviet_Union.svg/23px-Flag_of_the_Soviet_Union.svg.png,122mm BM-21 Grad,abandoned,https://i.postimg.cc/KvMqQ1rx/65g.png,79,118,68,2,44,4,2022-10-04T21:08:09Z
Multiple Rocket Launchers,Russia,https://upload.wikimedia.org/wikipedia/commons/thumb/a/a9/Flag_of_the_Soviet_Union.svg/23px-Flag_of_the_Soviet_Union.svg.png,122mm BM-21 Grad,abandoned,https://i.postimg.cc/T3WhvbLL/v54.png,79,118,68,2,44,4,2022-10-04T21:08:09Z
Multiple Rocket Launchers,Russia,https://upload.wikimedia.org/wikipedia/commons/thumb/a/a9/Flag_of_the_Soviet_Union.svg/23px-Flag_of_the_Soviet_Union.svg.png,122mm BM-21 Grad,captured,https://i.postimg.cc/mDQLZTrw/4388.png,79,118,68,2,44,4,2022-10-04T21:08:09Z
Multiple Rocket Launchers,Russia,https://upload.wikimedia.org/wikipedia/commons/thumb/a/a9/Flag_of_the_Soviet_Union.svg/23px-Flag_of_the_Soviet_Union.svg.png,122mm BM-21 Grad,damaged,https://i.postimg.cc/QtHX5cSf/332.png,79,118,68,2,44,4,2022-10-04T21:08:09Z
Multiple Rocket Launchers,Russia,https://upload.wikimedia.org/wikipedia/commons/thumb/a/a9/Flag_of_the_Soviet_Union.svg/23px-Flag_of_the_Soviet_Union.svg.png,122mm BM-21 Grad,damaged,https://i.postimg.cc/RZnpMSc8/43f6.png,79,118,68,2,44,4,2022-10-04T21:08:09Z
Multiple Rocket Launchers,Russia,https://upload.wikimedia.org/wikipedia/commons/thumb/a/a9/Flag_of_the_Soviet_Union.svg/23px-Flag_of_the_Soviet_Union.svg.png,122mm BM-21 Grad,captured,https://i.postimg.cc/BvrV7rWP/v66.png,79,118,68,2,44,4,2022-10-04T21:08:09Z
Multiple Rocket Launchers,Russia,https://upload.wikimedia.org/wikipedia/commons/thumb/a/a9/Flag_of_the_Soviet_Union.svg/23px-Flag_of_the_Soviet_Union.svg.png,122mm BM-21 Grad,captured,https://i.postimg.cc/Dz8rx8Cw/54220.jpg,79,118,68,2,44,4,2022-10-04T21:08:09Z
Multiple Rocket Launchers,Russia,https://upload.wikimedia.org/wikipedia/commons/thumb/a/a9/Flag_of_the_Soviet_Union.svg/23px-Flag_of_the_Soviet_Union.svg.png,122mm BM-21 Grad,captured,https://i.postimg.cc/k5p0db8M/4311.png,79,118,68,2,44,4,2022-10-04T21:08:09Z
Multiple Rocket Launchers,Russia,https://upload.wikimedia.org/wikipedia/commons/thumb/a/a9/Flag_of_the_Soviet_Union.svg/23px-Flag_of_the_Soviet_Union.svg.png,122mm BM-21 Grad,captured,https://i.postimg.cc/3wSwNDzN/470.png,79,118,68,2,44,4,2022-10-04T21:08:09Z
Multiple Rocket Launchers,Russia,https://upload.wikimedia.org/wikipedia/commons/thumb/a/a9/Flag_of_the_Soviet_Union.svg/23px-Flag_of_the_Soviet_Union.svg.png,122mm BM-21 Grad,captured,https://i.postimg.cc/zvRv9XtB/368.png,79,118,68,2,44,4,2022-10-04T21:08:09Z
Multiple Rocket Launchers,Russia,https://upload.wikimedia.org/wikipedia/commons/thumb/a/a9/Flag_of_the_Soviet_Union.svg/23px-Flag_of_the_Soviet_Union.svg.png,122mm BM-21 Grad,captured,https://i.postimg.cc/JhgWzBJv/3565.png,79,118,68,2,44,4,2022-10-04T21:08:09Z
Multiple Rocket Launchers,Russia,https://upload.wikimedia.org/wikipedia/commons/thumb/a/a9/Flag_of_the_Soviet_Union.svg/23px-Flag_of_the_Soviet_Union.svg.png,122mm BM-21 Grad,captured,https://i.postimg.cc/y8bc88x5/4f21.png,79,118,68,2,44,4,2022-10-04T21:08:09Z
Multiple Rocket Launchers,Russia,https://upload.wikimedia.org/wikipedia/commons/thumb/a/a9/Flag_of_the_Soviet_Union.svg/23px-Flag_of_the_Soviet_Union.svg.png,122mm BM-21 Grad,captured,https://i.postimg.cc/9M5wW3yK/grad.png,79,118,68,2,44,4,2022-10-04T21:08:09Z
Multiple Rocket Launchers,Russia,https://upload.wikimedia.org/wikipedia/commons/thumb/a/a9/Flag_of_the_Soviet_Union.svg/23px-Flag_of_the_Soviet_Union.svg.png,122mm BM-21 Grad,captured,https://i.postimg.cc/j2NTBKXc/545.jpg,79,118,68,2,44,4,2022-10-04T21:08:09Z
Multiple Rocket Launchers,Russia,https://upload.wikimedia.org/wikipedia/commons/thumb/a/a9/Flag_of_the_Soviet_Union.svg/23px-Flag_of_the_Soviet_Union.svg.png,122mm BM-21 Grad,captured,https://i.postimg.cc/SK2rDG8h/4f5.jpg,79,118,68,2,44,4,2022-10-04T21:08:09Z
Multiple Rocket Launchers,Russia,https://upload.wikimedia.org/wikipedia/commons/thumb/a/a9/Flag_of_the_Soviet_Union.svg/23px-Flag_of_the_Soviet_Union.svg.png,122mm BM-21 Grad,captured,https://i.postimg.cc/sf9Dtyzs/77k.jpg,79,118,68,2,44,4,2022-10-04T21:08:09Z
Multiple Rocket Launchers,Russia,https://upload.wikimedia.org/wikipedia/commons/thumb/a/a9/Flag_of_the_Soviet_Union.svg/23px-Flag_of_the_Soviet_Union.svg.png,122mm BM-21 Grad,captured,https://i.postimg.cc/hjY0fnQ1/998.jpg,79,118,68,2,44,4,2022-10-04T21:08:09Z
Multiple Rocket Launchers,Russia,https://upload.wikimedia.org/wikipedia/commons/thumb/a/a9/Flag_of_the_Soviet_Union.svg/23px-Flag_of_the_Soviet_Union.svg.png,122mm BM-21 Grad,captured,https://i.postimg.cc/Hsm90YNz/76k.jpg,79,118,68,2,44,4,2022-10-04T21:08:09Z
Multiple Rocket Launchers,Russia,https://upload.wikimedia.org/wikipedia/commons/thumb/a/a9/Flag_of_the_Soviet_Union.svg/23px-Flag_of_the_Soviet_Union.svg.png,122mm BM-21 Grad,captured,https://i.postimg.cc/DZ0Q5pHc/6652.png,79,118,68,2,44,4,2022-10-04T21:08:09Z
Multiple Rocket Launchers,Russia,https://upload.wikimedia.org/wikipedia/commons/thumb/a/a9/Flag_of_the_Soviet_Union.svg/23px-Flag_of_the_Soviet_Union.svg.png,122mm BM-21 Grad,captured,https://i.postimg.cc/DZ0Q5pHc/6652.png,79,118,68,2,44,4,2022-10-04T21:08:09Z
Multiple Rocket Launchers,Russia,https://upload.wikimedia.org/wikipedia/commons/thumb/a/a9/Flag_of_the_Soviet_Union.svg/23px-Flag_of_the_Soviet_Union.svg.png,122mm BM-21 Grad,captured,https://i.postimg.cc/xCF0twG5/b6.png,79,118,68,2,44,4,2022-10-04T21:08:09Z
Multiple Rocket Launchers,Russia,https://upload.wikimedia.org/wikipedia/commons/thumb/a/a9/Flag_of_the_Soviet_Union.svg/23px-Flag_of_the_Soviet_Union.svg.png,122mm BM-21 Grad,captured,https://i.postimg.cc/ZR7VdSvP/1027-bm21.jpg,79,118,68,2,44,4,2022-10-04T21:08:09Z
Multiple Rocket Launchers,Russia,https://upload.wikimedia.org/wikipedia/commons/thumb/a/a9/Flag_of_the_Soviet_Union.svg/23px-Flag_of_the_Soviet_Union.svg.png,122mm BM-21 Grad,damaged,https://i.postimg.cc/43SsyRyt/1000-bm21.jpg,79,118,68,2,44,4,2022-10-04T21:08:09Z
Multiple Rocket Launchers,Russia,https://upload.wikimedia.org/wikipedia/commons/thumb/a/a9/Flag_of_the_Soviet_Union.svg/23px-Flag_of_the_Soviet_Union.svg.png,122mm BM-21 Grad,damaged,https://i.postimg.cc/FKBjwrRR/1015-bm21-grad.jpg,79,118,68,2,44,4,2022-10-04T21:08:09Z
Multiple Rocket Launchers,Russia,https://upload.wikimedia.org/wikipedia/commons/thumb/a/a9/Flag_of_the_Soviet_Union.svg/23px-Flag_of_the_Soviet_Union.svg.png,122mm BM-21 Grad,captured,https://twitter.com/UAWeapons/status/1568224082503802881,79,118,68,2,44,4,2022-10-04T21:08:09Z
Multiple Rocket Launchers,Russia,https://upload.wikimedia.org/wikipedia/commons/thumb/a/a9/Flag_of_the_Soviet_Union.svg/23px-Flag_of_the_Soviet_Union.svg.png,122mm BM-21 Grad,captured,https://i.postimg.cc/jqDdtNLQ/1009-bm21.jpg,79,118,68,2,44,4,2022-10-04T21:08:09Z
Multiple Rocket Launchers,Russia,https://upload.wikimedia.org/wikipedia/commons/thumb/a/a9/Flag_of_the_Soviet_Union.svg/23px-Flag_of_the_Soviet_Union.svg.png,122mm BM-21 Grad,captured,https://i.postimg.cc/nrjWgnVB/1011-bm21.jpg,79,118,68,2,44,4,2022-10-04T21:08:09Z
Multiple Rocket Launchers,Russia,https://upload.wikimedia.org/wikipedia/commons/thumb/a/a9/Flag_of_the_Soviet_Union.svg/23px-Flag_of_the_Soviet_Union.svg.png,122mm BM-21 Grad,captured,https://i.postimg.cc/Y0tKKV9b/1012-bm21.jpg,79,118,68,2,44,4,2022-10-04T21:08:09Z
Multiple Rocket Launchers,Russia,https://upload.wikimedia.org/wikipedia/commons/thumb/a/a9/Flag_of_the_Soviet_Union.svg/23px-Flag_of_the_Soviet_Union.svg.png,122mm BM-21 Grad,captured,https://twitter.com/UAWeapons/status/1569410346791706630,79,118,68,2,44,4,2022-10-04T21:08:09Z
Multiple Rocket Launchers,Russia,https://upload.wikimedia.org/wikipedia/commons/thumb/a/a9/Flag_of_the_Soviet_Union.svg/23px-Flag_of_the_Soviet_Union.svg.png,122mm BM-21 Grad,captured,https://postimg.cc/YjW1DDbW,79,118,68,2,44,4,2022-10-04T21:08:09Z
Multiple Rocket Launchers,Russia,https://upload.wikimedia.org/wikipedia/commons/thumb/a/a9/Flag_of_the_Soviet_Union.svg/23px-Flag_of_the_Soviet_Union.svg.png,122mm BM-21 Grad,captured,https://twitter.com/UAWeapons/status/1569347140035518466,79,118,68,2,44,4,2022-10-04T21:08:09Z
Multiple Rocket Launchers,Russia,https://upload.wikimedia.org/wikipedia/commons/thumb/a/a9/Flag_of_the_Soviet_Union.svg/23px-Flag_of_the_Soviet_Union.svg.png,122mm BM-21 Grad,captured,https://twitter.com/UAWeapons/status/1569347140035518466,79,118,68,2,44,4,2022-10-04T21:08:09Z
Multiple Rocket Launchers,Russia,https://upload.wikimedia.org/wikipedia/commons/thumb/a/a9/Flag_of_the_Soviet_Union.svg/23px-Flag_of_the_Soviet_Union.svg.png,122mm BM-21 Grad,captured,https://twitter.com/UAWeapons/status/1570137029349883904,79,118,68,2,44,4,2022-10-04T21:08:09Z
Multiple Rocket Launchers,Russia,https://upload.wikimedia.org/wikipedia/commons/thumb/a/a9/Flag_of_the_Soviet_Union.svg/23px-Flag_of_the_Soviet_Union.svg.png,122mm BM-21 Grad,captured,https://i.postimg.cc/PJBtqvym/1018-bm21.jpg,79,118,68,2,44,4,2022-10-04T21:08:09Z
Multiple Rocket Launchers,Russia,https://upload.wikimedia.org/wikipedia/commons/thumb/a/a9/Flag_of_the_Soviet_Union.svg/23px-Flag_of_the_Soviet_Union.svg.png,122mm BM-21 Grad,damaged,https://i.postimg.cc/R0wcBGnP/1012-bm21-capt.jpg,79,118,68,2,44,4,2022-10-04T21:08:09Z
Multiple Rocket Launchers,Russia,https://upload.wikimedia.org/wikipedia/commons/thumb/a/a9/Flag_of_the_Soviet_Union.svg/23px-Flag_of_the_Soviet_Union.svg.png,220mm BM-27 Uragan,destroyed,https://i.postimg.cc/Lsr4xKW8/d43.png,23,118,68,2,44,4,2022-10-04T21:08:09Z
Multiple Rocket Launchers,Russia,https://upload.wikimedia.org/wikipedia/commons/thumb/a/a9/Flag_of_the_Soviet_Union.svg/23px-Flag_of_the_Soviet_Union.svg.png,220mm BM-27 Uragan,destroyed,https://i.postimg.cc/X7n4pd2j/d33.jpg,23,118,68,2,44,4,2022-10-04T21:08:09Z
Multiple Rocket Launchers,Russia,https://upload.wikimedia.org/wikipedia/commons/thumb/a/a9/Flag_of_the_Soviet_Union.svg/23px-Flag_of_the_Soviet_Union.svg.png,220mm BM-27 Uragan,destroyed,https://i.postimg.cc/TYzJc0TZ/547.jpg,23,118,68,2,44,4,2022-10-04T21:08:09Z
Multiple Rocket Launchers,Russia,https://upload.wikimedia.org/wikipedia/commons/thumb/a/a9/Flag_of_the_Soviet_Union.svg/23px-Flag_of_the_Soviet_Union.svg.png,220mm BM-27 Uragan,destroyed,https://i.postimg.cc/y6psW8sR/666.jpg,23,118,68,2,44,4,2022-10-04T21:08:09Z
Multiple Rocket Launchers,Russia,https://upload.wikimedia.org/wikipedia/commons/thumb/a/a9/Flag_of_the_Soviet_Union.svg/23px-Flag_of_the_Soviet_Union.svg.png,220mm BM-27 Uragan,destroyed,https://twitter.com/UAWeapons/status/1520042517382766592,23,118,68,2,44,4,2022-10-04T21:08:09Z
Multiple Rocket Launchers,Russia,https://upload.wikimedia.org/wikipedia/commons/thumb/a/a9/Flag_of_the_Soviet_Union.svg/23px-Flag_of_the_Soviet_Union.svg.png,220mm BM-27 Uragan,destroyed,https://twitter.com/UAWeapons/status/1520042517382766592,23,118,68,2,44,4,2022-10-04T21:08:09Z
Multiple Rocket Launchers,Russia,https://upload.wikimedia.org/wikipedia/commons/thumb/a/a9/Flag_of_the_Soviet_Union.svg/23px-Flag_of_the_Soviet_Union.svg.png,220mm BM-27 Uragan,destroyed,https://twitter.com/UAWeapons/status/1520042517382766592,23,118,68,2,44,4,2022-10-04T21:08:09Z
Multiple Rocket Launchers,Russia,https://upload.wikimedia.org/wikipedia/commons/thumb/a/a9/Flag_of_the_Soviet_Union.svg/23px-Flag_of_the_Soviet_Union.svg.png,220mm BM-27 Uragan,destroyed,https://twitter.com/UAWeapons/status/1536421907679129600,23,118,68,2,44,4,2022-10-04T21:08:09Z
Multiple Rocket Launchers,Russia,https://upload.wikimedia.org/wikipedia/commons/thumb/a/a9/Flag_of_the_Soviet_Union.svg/23px-Flag_of_the_Soviet_Union.svg.png,220mm BM-27 Uragan,destroyed,https://twitter.com/UAWeapons/status/1536421907679129600,23,118,68,2,44,4,2022-10-04T21:08:09Z
Multiple Rocket Launchers,Russia,https://upload.wikimedia.org/wikipedia/commons/thumb/a/a9/Flag_of_the_Soviet_Union.svg/23px-Flag_of_the_Soviet_Union.svg.png,220mm BM-27 Uragan,destroyed,https://i.postimg.cc/RZ8dNxg6/1503-bm27-10.jpg,23,118,68,2,44,4,2022-10-04T21:08:09Z
Multiple Rocket Launchers,Russia,https://upload.wikimedia.org/wikipedia/commons/thumb/a/a9/Flag_of_the_Soviet_Union.svg/23px-Flag_of_the_Soviet_Union.svg.png,220mm BM-27 Uragan,destroyed,https://i.postimg.cc/02kc4f6Q/1500-bm27.jpg,23,118,68,2,44,4,2022-10-04T21:08:09Z
Multiple Rocket Launchers,Russia,https://upload.wikimedia.org/wikipedia/commons/thumb/a/a9/Flag_of_the_Soviet_Union.svg/23px-Flag_of_the_Soviet_Union.svg.png,220mm BM-27 Uragan,destroyed,https://twitter.com/UAWeapons/status/1544042293442875392,23,118,68,2,44,4,2022-10-04T21:08:09Z
Multiple Rocket Launchers,Russia,https://upload.wikimedia.org/wikipedia/commons/thumb/a/a9/Flag_of_the_Soviet_Union.svg/23px-Flag_of_the_Soviet_Union.svg.png,220mm BM-27 Uragan,destroyed,https://twitter.com/UAWeapons/status/1544042293442875392,23,118,68,2,44,4,2022-10-04T21:08:09Z
Multiple Rocket Launchers,Russia,https://upload.wikimedia.org/wikipedia/commons/thumb/a/a9/Flag_of_the_Soviet_Union.svg/23px-Flag_of_the_Soviet_Union.svg.png,220mm BM-27 Uragan,destroyed,https://twitter.com/UAWeapons/status/1547272287501574144,23,118,68,2,44,4,2022-10-04T21:08:09Z
Multiple Rocket Launchers,Russia,https://upload.wikimedia.org/wikipedia/commons/thumb/a/a9/Flag_of_the_Soviet_Union.svg/23px-Flag_of_the_Soviet_Union.svg.png,220mm BM-27 Uragan,destroyed,https://i.postimg.cc/J7NYy6Nq/1027.jpg,23,118,68,2,44,4,2022-10-04T21:08:09Z
Multiple Rocket Launchers,Russia,https://upload.wikimedia.org/wikipedia/commons/thumb/a/a9/Flag_of_the_Soviet_Union.svg/23px-Flag_of_the_Soviet_Union.svg.png,220mm BM-27 Uragan,destroyed,https://i.postimg.cc/zGyV3M9z/1.png,23,118,68,2,44,4,2022-10-04T21:08:09Z
Multiple Rocket Launchers,Russia,https://upload.wikimedia.org/wikipedia/commons/thumb/a/a9/Flag_of_the_Soviet_Union.svg/23px-Flag_of_the_Soviet_Union.svg.png,220mm BM-27 Uragan,destroyed,https://i.postimg.cc/jSrgynrd/976.png,23,118,68,2,44,4,2022-10-04T21:08:09Z
Multiple Rocket Launchers,Russia,https://upload.wikimedia.org/wikipedia/commons/thumb/a/a9/Flag_of_the_Soviet_Union.svg/23px-Flag_of_the_Soviet_Union.svg.png,220mm BM-27 Uragan,destroyed,https://twitter.com/UAWeapons/status/1558384123902828544,23,118,68,2,44,4,2022-10-04T21:08:09Z
Multiple Rocket Launchers,Russia,https://upload.wikimedia.org/wikipedia/commons/thumb/a/a9/Flag_of_the_Soviet_Union.svg/23px-Flag_of_the_Soviet_Union.svg.png,220mm BM-27 Uragan,destroyed,https://i.postimg.cc/pTFcphjf/1000-bm27-uragan.jpg,23,118,68,2,44,4,2022-10-04T21:08:09Z
Multiple Rocket Launchers,Russia,https://upload.wikimedia.org/wikipedia/commons/thumb/a/a9/Flag_of_the_Soviet_Union.svg/23px-Flag_of_the_Soviet_Union.svg.png,220mm BM-27 Uragan,destroyed,https://i.postimg.cc/MTzcdTLY/1168-BM-27.jpg,23,118,68,2,44,4,2022-10-04T21:08:09Z
Multiple Rocket Launchers,Russia,https://upload.wikimedia.org/wikipedia/commons/thumb/a/a9/Flag_of_the_Soviet_Union.svg/23px-Flag_of_the_Soviet_Union.svg.png,220mm BM-27 Uragan,destroyed,https://twitter.com/UAWeapons/status/1575041804738523137,23,118,68,2,44,4,2022-10-04T21:08:09Z
Multiple Rocket Launchers,Russia,https://upload.wikimedia.org/wikipedia/commons/thumb/a/a9/Flag_of_the_Soviet_Union.svg/23px-Flag_of_the_Soviet_Union.svg.png,220mm BM-27 Uragan,captured,https://i.postimg.cc/5yfjXY31/77690.png,23,118,68,2,44,4,2022-10-04T21:08:09Z
Multiple Rocket Launchers,Russia,https://upload.wikimedia.org/wikipedia/commons/thumb/a/a9/Flag_of_the_Soviet_Union.svg/23px-Flag_of_the_Soviet_Union.svg.png,220mm BM-27 Uragan,captured,https://i.postimg.cc/Kvw2qHzv/1003-bm27-capt.png,23,118,68,2,44,4,2022-10-04T21:08:09Z
Multiple Rocket Launchers,Russia,https://upload.wikimedia.org/wikipedia/commons/thumb/a/a9/Flag_of_the_Soviet_Union.svg/23px-Flag_of_the_Soviet_Union.svg.png,122mm 2B17 Tornado-G,destroyed,https://i.postimg.cc/fbsfnMYf/bb3.jpg,9,118,68,2,44,4,2022-10-04T21:08:09Z
Multiple Rocket Launchers,Russia,https://upload.wikimedia.org/wikipedia/commons/thumb/a/a9/Flag_of_the_Soviet_Union.svg/23px-Flag_of_the_Soviet_Union.svg.png,122mm 2B17 Tornado-G,destroyed,https://i.postimg.cc/y85J3WwK/234.jpg,9,118,68,2,44,4,2022-10-04T21:08:09Z
Multiple Rocket Launchers,Russia,https://upload.wikimedia.org/wikipedia/commons/thumb/a/a9/Flag_of_the_Soviet_Union.svg/23px-Flag_of_the_Soviet_Union.svg.png,122mm 2B17 Tornado-G,destroyed,https://i.postimg.cc/QCX5wrz5/54.jpg,9,118,68,2,44,4,2022-10-04T21:08:09Z
Multiple Rocket Launchers,Russia,https://upload.wikimedia.org/wikipedia/commons/thumb/a/a9/Flag_of_the_Soviet_Union.svg/23px-Flag_of_the_Soviet_Union.svg.png,122mm 2B17 Tornado-G,destroyed,https://i.postimg.cc/brqkfSBj/4311.png,9,118,68,2,44,4,2022-10-04T21:08:09Z
Multiple Rocket Launchers,Russia,https://upload.wikimedia.org/wikipedia/commons/thumb/a/a9/Flag_of_the_Soviet_Union.svg/23px-Flag_of_the_Soviet_Union.svg.png,122mm 2B17 Tornado-G,captured,https://i.postimg.cc/HxCqbSVV/38.png,9,118,68,2,44,4,2022-10-04T21:08:09Z
Multiple Rocket Launchers,Russia,https://upload.wikimedia.org/wikipedia/commons/thumb/a/a9/Flag_of_the_Soviet_Union.svg/23px-Flag_of_the_Soviet_Union.svg.png,122mm 2B17 Tornado-G,captured,https://i.postimg.cc/nhS7s5SG/76.jpg,9,118,68,2,44,4,2022-10-04T21:08:09Z
Multiple Rocket Launchers,Russia,https://upload.wikimedia.org/wikipedia/commons/thumb/a/a9/Flag_of_the_Soviet_Union.svg/23px-Flag_of_the_Soviet_Union.svg.png,122mm 2B17 Tornado-G,captured,https://i.postimg.cc/GpHTZxy2/1098-grad.png,9,118,68,2,44,4,2022-10-04T21:08:09Z
Multiple Rocket Launchers,Russia,https://upload.wikimedia.org/wikipedia/commons/thumb/a/a9/Flag_of_the_Soviet_Union.svg/23px-Flag_of_the_Soviet_Union.svg.png,122mm 2B17 Tornado-G,captured,https://twitter.com/UAWeapons/status/1568899249688952833,9,118,68,2,44,4,2022-10-04T21:08:09Z
Multiple Rocket Launchers,Russia,https://upload.wikimedia.org/wikipedia/commons/thumb/a/a9/Flag_of_the_Soviet_Union.svg/23px-Flag_of_the_Soviet_Union.svg.png,122mm 2B17 Tornado-G,captured,https://twitter.com/UAWeapons/status/1569347140035518466,9,118,68,2,44,4,2022-10-04T21:08:09Z
Multiple Rocket Launchers,Russia,https://upload.wikimedia.org/wikipedia/commons/thumb/a/a9/Flag_of_the_Soviet_Union.svg/23px-Flag_of_the_Soviet_Union.svg.png,220mm TOS-1A,destroyed,https://twitter.com/UAWeapons/status/1569229459240230914,5,118,68,2,44,4,2022-10-04T21:08:09Z
Multiple Rocket Launchers,Russia,https://upload.wikimedia.org/wikipedia/commons/thumb/a/a9/Flag_of_the_Soviet_Union.svg/23px-Flag_of_the_Soviet_Union.svg.png,220mm TOS-1A,damaged,NA,5,118,68,2,44,4,2022-10-04T21:08:09Z
Multiple Rocket Launchers,Russia,https://upload.wikimedia.org/wikipedia/commons/thumb/a/a9/Flag_of_the_Soviet_Union.svg/23px-Flag_of_the_Soviet_Union.svg.png,220mm TOS-1A,damaged,https://i.postimg.cc/C5BcPB1R/54f.png,5,118,68,2,44,4,2022-10-04T21:08:09Z
Multiple Rocket Launchers,Russia,https://upload.wikimedia.org/wikipedia/commons/thumb/a/a9/Flag_of_the_Soviet_Union.svg/23px-Flag_of_the_Soviet_Union.svg.png,220mm TOS-1A,captured,https://i.postimg.cc/dtj7Fs6v/5g5.png,5,118,68,2,44,4,2022-10-04T21:08:09Z
Multiple Rocket Launchers,Russia,https://upload.wikimedia.org/wikipedia/commons/thumb/a/a9/Flag_of_the_Soviet_Union.svg/23px-Flag_of_the_Soviet_Union.svg.png,220mm TOS-1A,captured,https://i.postimg.cc/8kFRhmxQ/872.png,5,118,68,2,44,4,2022-10-04T21:08:09Z
Multiple Rocket Launchers,Russia,https://upload.wikimedia.org/wikipedia/commons/thumb/a/a9/Flag_of_the_Soviet_Union.svg/23px-Flag_of_the_Soviet_Union.svg.png,Unknown MRL,destroyed,https://twitter.com/UAWeapons/status/1533131912423800832,2,118,68,2,44,4,2022-10-04T21:08:09Z
Multiple Rocket Launchers,Russia,https://upload.wikimedia.org/wikipedia/commons/thumb/a/a9/Flag_of_the_Soviet_Union.svg/23px-Flag_of_the_Soviet_Union.svg.png,Unknown MRL,destroyed,https://i.postimg.cc/XJWFmZM7/1036-unkn-MRLS.jpg,2,118,68,2,44,4,2022-10-04T21:08:09Z
Anti-Aircraft Guns,Russia,https://upload.wikimedia.org/wikipedia/commons/thumb/a/a9/Flag_of_the_Soviet_Union.svg/23px-Flag_of_the_Soviet_Union.svg.png,23mm ZU-23-2,destroyed,https://i.postimg.cc/Y24jwX90/s2.png,13,13,2,NA,11,NA,2022-10-04T21:08:09Z
Anti-Aircraft Guns,Russia,https://upload.wikimedia.org/wikipedia/commons/thumb/a/a9/Flag_of_the_Soviet_Union.svg/23px-Flag_of_the_Soviet_Union.svg.png,23mm ZU-23-2,destroyed,https://i.postimg.cc/MKgzsYwB/366.png,13,13,2,NA,11,NA,2022-10-04T21:08:09Z
Anti-Aircraft Guns,Russia,https://upload.wikimedia.org/wikipedia/commons/thumb/a/a9/Flag_of_the_Soviet_Union.svg/23px-Flag_of_the_Soviet_Union.svg.png,23mm ZU-23-2,captured,https://i.postimg.cc/rwZrBrTp/4fh.png,13,13,2,NA,11,NA,2022-10-04T21:08:09Z
Anti-Aircraft Guns,Russia,https://upload.wikimedia.org/wikipedia/commons/thumb/a/a9/Flag_of_the_Soviet_Union.svg/23px-Flag_of_the_Soviet_Union.svg.png,23mm ZU-23-2,captured,https://i.postimg.cc/t4z6JH5f/3d14.png,13,13,2,NA,11,NA,2022-10-04T21:08:09Z
Anti-Aircraft Guns,Russia,https://upload.wikimedia.org/wikipedia/commons/thumb/a/a9/Flag_of_the_Soviet_Union.svg/23px-Flag_of_the_Soviet_Union.svg.png,23mm ZU-23-2,captured,https://i.postimg.cc/sD02YXhJ/42.png,13,13,2,NA,11,NA,2022-10-04T21:08:09Z
Anti-Aircraft Guns,Russia,https://upload.wikimedia.org/wikipedia/commons/thumb/a/a9/Flag_of_the_Soviet_Union.svg/23px-Flag_of_the_Soviet_Union.svg.png,23mm ZU-23-2,captured,https://i.postimg.cc/5t4w0KxM/467.png,13,13,2,NA,11,NA,2022-10-04T21:08:09Z
Anti-Aircraft Guns,Russia,https://upload.wikimedia.org/wikipedia/commons/thumb/a/a9/Flag_of_the_Soviet_Union.svg/23px-Flag_of_the_Soviet_Union.svg.png,23mm ZU-23-2,captured,https://twitter.com/UAWeapons/status/1529865401072590848,13,13,2,NA,11,NA,2022-10-04T21:08:09Z
Anti-Aircraft Guns,Russia,https://upload.wikimedia.org/wikipedia/commons/thumb/a/a9/Flag_of_the_Soviet_Union.svg/23px-Flag_of_the_Soviet_Union.svg.png,23mm ZU-23-2,captured,https://i.postimg.cc/Nfrp5ZsT/1030-zu23-2.jpg,13,13,2,NA,11,NA,2022-10-04T21:08:09Z
Anti-Aircraft Guns,Russia,https://upload.wikimedia.org/wikipedia/commons/thumb/a/a9/Flag_of_the_Soviet_Union.svg/23px-Flag_of_the_Soviet_Union.svg.png,23mm ZU-23-2,damaged,https://twitter.com/UAWeapons/status/1567822704601858048,13,13,2,NA,11,NA,2022-10-04T21:08:09Z
Anti-Aircraft Guns,Russia,https://upload.wikimedia.org/wikipedia/commons/thumb/a/a9/Flag_of_the_Soviet_Union.svg/23px-Flag_of_the_Soviet_Union.svg.png,23mm ZU-23-2,captured,https://twitter.com/UAWeapons/status/1570342741913268225,13,13,2,NA,11,NA,2022-10-04T21:08:09Z
Anti-Aircraft Guns,Russia,https://upload.wikimedia.org/wikipedia/commons/thumb/a/a9/Flag_of_the_Soviet_Union.svg/23px-Flag_of_the_Soviet_Union.svg.png,23mm ZU-23-2,captured,https://twitter.com/UAWeapons/status/1574384853252018183,13,13,2,NA,11,NA,2022-10-04T21:08:09Z
Anti-Aircraft Guns,Russia,https://upload.wikimedia.org/wikipedia/commons/thumb/a/a9/Flag_of_the_Soviet_Union.svg/23px-Flag_of_the_Soviet_Union.svg.png,23mm ZU-23-2,captured,https://twitter.com/UAWeapons/status/1577191476001271808,13,13,2,NA,11,NA,2022-10-04T21:08:09Z
Anti-Aircraft Guns,Russia,https://upload.wikimedia.org/wikipedia/commons/thumb/a/a9/Flag_of_the_Soviet_Union.svg/23px-Flag_of_the_Soviet_Union.svg.png,23mm ZU-23-2,captured,https://twitter.com/UAWeapons/status/1577254750529036288,13,13,2,NA,11,NA,2022-10-04T21:08:09Z
Self-Propelled Anti-Aircraft Guns,Russia,https://upload.wikimedia.org/wikipedia/commons/thumb/a/a9/Flag_of_the_Soviet_Union.svg/23px-Flag_of_the_Soviet_Union.svg.png,BTR-ZD Skrezhet,destroyed,https://i.postimg.cc/TY6t3Wxm/587.jpg,3,20,10,3,7,NA,2022-10-04T21:08:09Z
Self-Propelled Anti-Aircraft Guns,Russia,https://upload.wikimedia.org/wikipedia/commons/thumb/a/a9/Flag_of_the_Soviet_Union.svg/23px-Flag_of_the_Soviet_Union.svg.png,BTR-ZD Skrezhet,captured,https://i.postimg.cc/5yGCVnLj/g42.jpg,3,20,10,3,7,NA,2022-10-04T21:08:09Z
Self-Propelled Anti-Aircraft Guns,Russia,https://upload.wikimedia.org/wikipedia/commons/thumb/a/a9/Flag_of_the_Soviet_Union.svg/23px-Flag_of_the_Soviet_Union.svg.png,BTR-ZD Skrezhet,captured,https://i.postimg.cc/JzKW9PP2/776.jpg,3,20,10,3,7,NA,2022-10-04T21:08:09Z
Self-Propelled Anti-Aircraft Guns,Russia,https://upload.wikimedia.org/wikipedia/commons/thumb/a/a9/Flag_of_the_Soviet_Union.svg/23px-Flag_of_the_Soviet_Union.svg.png,ZSU-23-4 Shilka,destroyed,https://twitter.com/UAWeapons/status/1561728714936909827,6,20,10,3,7,NA,2022-10-04T21:08:09Z
Self-Propelled Anti-Aircraft Guns,Russia,https://upload.wikimedia.org/wikipedia/commons/thumb/a/a9/Flag_of_the_Soviet_Union.svg/23px-Flag_of_the_Soviet_Union.svg.png,ZSU-23-4 Shilka,abandoned,https://twitter.com/UAWeapons/status/1557038602185576454,6,20,10,3,7,NA,2022-10-04T21:08:09Z
Self-Propelled Anti-Aircraft Guns,Russia,https://upload.wikimedia.org/wikipedia/commons/thumb/a/a9/Flag_of_the_Soviet_Union.svg/23px-Flag_of_the_Soviet_Union.svg.png,ZSU-23-4 Shilka,damaged,https://i.postimg.cc/Y0chPZXk/43.jpg,6,20,10,3,7,NA,2022-10-04T21:08:09Z
Self-Propelled Anti-Aircraft Guns,Russia,https://upload.wikimedia.org/wikipedia/commons/thumb/a/a9/Flag_of_the_Soviet_Union.svg/23px-Flag_of_the_Soviet_Union.svg.png,ZSU-23-4 Shilka,captured,https://i.postimg.cc/qBFHTdhw/767.jpg,6,20,10,3,7,NA,2022-10-04T21:08:09Z
Self-Propelled Anti-Aircraft Guns,Russia,https://upload.wikimedia.org/wikipedia/commons/thumb/a/a9/Flag_of_the_Soviet_Union.svg/23px-Flag_of_the_Soviet_Union.svg.png,ZSU-23-4 Shilka,captured,https://i.postimg.cc/pTWpqJSL/898.jpg,6,20,10,3,7,NA,2022-10-04T21:08:09Z
Self-Propelled Anti-Aircraft Guns,Russia,https://upload.wikimedia.org/wikipedia/commons/thumb/a/a9/Flag_of_the_Soviet_Union.svg/23px-Flag_of_the_Soviet_Union.svg.png,ZSU-23-4 Shilka,captured,https://twitter.com/UAWeapons/status/1568353478149292032,6,20,10,3,7,NA,2022-10-04T21:08:09Z
Self-Propelled Anti-Aircraft Guns,Russia,https://upload.wikimedia.org/wikipedia/commons/thumb/a/a9/Flag_of_the_Soviet_Union.svg/23px-Flag_of_the_Soviet_Union.svg.png,2K22M1 Tunguska,destroyed,https://twitter.com/UAWeapons/status/1553713673180413952,11,20,10,3,7,NA,2022-10-04T21:08:09Z
Self-Propelled Anti-Aircraft Guns,Russia,https://upload.wikimedia.org/wikipedia/commons/thumb/a/a9/Flag_of_the_Soviet_Union.svg/23px-Flag_of_the_Soviet_Union.svg.png,2K22M1 Tunguska,destroyed,https://i.postimg.cc/BZ7r1kkf/3d2.png,11,20,10,3,7,NA,2022-10-04T21:08:09Z
Self-Propelled Anti-Aircraft Guns,Russia,https://upload.wikimedia.org/wikipedia/commons/thumb/a/a9/Flag_of_the_Soviet_Union.svg/23px-Flag_of_the_Soviet_Union.svg.png,2K22M1 Tunguska,destroyed,https://i.postimg.cc/BZ7r1kkf/3d2.png,11,20,10,3,7,NA,2022-10-04T21:08:09Z
Self-Propelled Anti-Aircraft Guns,Russia,https://upload.wikimedia.org/wikipedia/commons/thumb/a/a9/Flag_of_the_Soviet_Union.svg/23px-Flag_of_the_Soviet_Union.svg.png,2K22M1 Tunguska,destroyed,https://i.postimg.cc/BZ7r1kkf/3d2.png,11,20,10,3,7,NA,2022-10-04T21:08:09Z
Self-Propelled Anti-Aircraft Guns,Russia,https://upload.wikimedia.org/wikipedia/commons/thumb/a/a9/Flag_of_the_Soviet_Union.svg/23px-Flag_of_the_Soviet_Union.svg.png,2K22M1 Tunguska,destroyed,https://i.postimg.cc/BZ7r1kkf/3d2.png,11,20,10,3,7,NA,2022-10-04T21:08:09Z
Self-Propelled Anti-Aircraft Guns,Russia,https://upload.wikimedia.org/wikipedia/commons/thumb/a/a9/Flag_of_the_Soviet_Union.svg/23px-Flag_of_the_Soviet_Union.svg.png,2K22M1 Tunguska,destroyed,https://i.postimg.cc/vTkPtPTr/668.png,11,20,10,3,7,NA,2022-10-04T21:08:09Z
Self-Propelled Anti-Aircraft Guns,Russia,https://upload.wikimedia.org/wikipedia/commons/thumb/a/a9/Flag_of_the_Soviet_Union.svg/23px-Flag_of_the_Soviet_Union.svg.png,2K22M1 Tunguska,destroyed,https://i.postimg.cc/kGtr2xXt/33s.jpg,11,20,10,3,7,NA,2022-10-04T21:08:09Z
Self-Propelled Anti-Aircraft Guns,Russia,https://upload.wikimedia.org/wikipedia/commons/thumb/a/a9/Flag_of_the_Soviet_Union.svg/23px-Flag_of_the_Soviet_Union.svg.png,2K22M1 Tunguska,destroyed,https://i.postimg.cc/gk8Yszvb/1001-tunguska.jpg,11,20,10,3,7,NA,2022-10-04T21:08:09Z
Self-Propelled Anti-Aircraft Guns,Russia,https://upload.wikimedia.org/wikipedia/commons/thumb/a/a9/Flag_of_the_Soviet_Union.svg/23px-Flag_of_the_Soviet_Union.svg.png,2K22M1 Tunguska,abandoned,https://i.postimg.cc/9MqLyHJZ/764.png,11,20,10,3,7,NA,2022-10-04T21:08:09Z
Self-Propelled Anti-Aircraft Guns,Russia,https://upload.wikimedia.org/wikipedia/commons/thumb/a/a9/Flag_of_the_Soviet_Union.svg/23px-Flag_of_the_Soviet_Union.svg.png,2K22M1 Tunguska,abandoned,https://i.postimg.cc/6pD3WrQj/gy67.png,11,20,10,3,7,NA,2022-10-04T21:08:09Z
Self-Propelled Anti-Aircraft Guns,Russia,https://upload.wikimedia.org/wikipedia/commons/thumb/a/a9/Flag_of_the_Soviet_Union.svg/23px-Flag_of_the_Soviet_Union.svg.png,2K22M1 Tunguska,captured,https://twitter.com/UAWeapons/status/1568353478149292032,11,20,10,3,7,NA,2022-10-04T21:08:09Z
Surface-To-Air Missile Systems,Russia,https://upload.wikimedia.org/wikipedia/commons/thumb/a/a9/Flag_of_the_Soviet_Union.svg/23px-Flag_of_the_Soviet_Union.svg.png,9K33 Osa,destroyed,https://i.postimg.cc/xChnM7jX/n2.png,6,73,41,8,22,2,2022-10-04T21:08:09Z
Surface-To-Air Missile Systems,Russia,https://upload.wikimedia.org/wikipedia/commons/thumb/a/a9/Flag_of_the_Soviet_Union.svg/23px-Flag_of_the_Soviet_Union.svg.png,9K33 Osa,destroyed,https://i.postimg.cc/02qrVz7s/33f.png,6,73,41,8,22,2,2022-10-04T21:08:09Z
Surface-To-Air Missile Systems,Russia,https://upload.wikimedia.org/wikipedia/commons/thumb/a/a9/Flag_of_the_Soviet_Union.svg/23px-Flag_of_the_Soviet_Union.svg.png,9K33 Osa,abandoned,https://i.postimg.cc/PxkdsRX3/438.png,6,73,41,8,22,2,2022-10-04T21:08:09Z
Surface-To-Air Missile Systems,Russia,https://upload.wikimedia.org/wikipedia/commons/thumb/a/a9/Flag_of_the_Soviet_Union.svg/23px-Flag_of_the_Soviet_Union.svg.png,9K33 Osa,abandoned,https://i.postimg.cc/3RKjWRVn/6657.png,6,73,41,8,22,2,2022-10-04T21:08:09Z
Surface-To-Air Missile Systems,Russia,https://upload.wikimedia.org/wikipedia/commons/thumb/a/a9/Flag_of_the_Soviet_Union.svg/23px-Flag_of_the_Soviet_Union.svg.png,9K33 Osa,captured,https://i.postimg.cc/ncXNZ3Yr/zx3.png,6,73,41,8,22,2,2022-10-04T21:08:09Z
Surface-To-Air Missile Systems,Russia,https://upload.wikimedia.org/wikipedia/commons/thumb/a/a9/Flag_of_the_Soviet_Union.svg/23px-Flag_of_the_Soviet_Union.svg.png,9K33 Osa,captured,https://i.postimg.cc/pXQz9HB6/67.png,6,73,41,8,22,2,2022-10-04T21:08:09Z
Surface-To-Air Missile Systems,Russia,https://upload.wikimedia.org/wikipedia/commons/thumb/a/a9/Flag_of_the_Soviet_Union.svg/23px-Flag_of_the_Soviet_Union.svg.png,9K35 Strela-10,destroyed,https://i.postimg.cc/d31w3KB2/5gg3.jpg,13,73,41,8,22,2,2022-10-04T21:08:09Z
Surface-To-Air Missile Systems,Russia,https://upload.wikimedia.org/wikipedia/commons/thumb/a/a9/Flag_of_the_Soviet_Union.svg/23px-Flag_of_the_Soviet_Union.svg.png,9K35 Strela-10,destroyed,https://i.postimg.cc/4Nr9T0c3/58.jpg,13,73,41,8,22,2,2022-10-04T21:08:09Z
Surface-To-Air Missile Systems,Russia,https://upload.wikimedia.org/wikipedia/commons/thumb/a/a9/Flag_of_the_Soviet_Union.svg/23px-Flag_of_the_Soviet_Union.svg.png,9K35 Strela-10,destroyed,https://i.postimg.cc/C1Sd0YRV/s1.png,13,73,41,8,22,2,2022-10-04T21:08:09Z
Surface-To-Air Missile Systems,Russia,https://upload.wikimedia.org/wikipedia/commons/thumb/a/a9/Flag_of_the_Soviet_Union.svg/23px-Flag_of_the_Soviet_Union.svg.png,9K35 Strela-10,destroyed,https://i.postimg.cc/5tZqPT0z/776.jpg,13,73,41,8,22,2,2022-10-04T21:08:09Z
Surface-To-Air Missile Systems,Russia,https://upload.wikimedia.org/wikipedia/commons/thumb/a/a9/Flag_of_the_Soviet_Union.svg/23px-Flag_of_the_Soviet_Union.svg.png,9K35 Strela-10,destroyed,https://i.postimg.cc/K8d6TG1F/f6.jpg,13,73,41,8,22,2,2022-10-04T21:08:09Z
Surface-To-Air Missile Systems,Russia,https://upload.wikimedia.org/wikipedia/commons/thumb/a/a9/Flag_of_the_Soviet_Union.svg/23px-Flag_of_the_Soviet_Union.svg.png,9K35 Strela-10,destroyed,https://i.postimg.cc/4dqk8LZH/43ff.jpg,13,73,41,8,22,2,2022-10-04T21:08:09Z
Surface-To-Air Missile Systems,Russia,https://upload.wikimedia.org/wikipedia/commons/thumb/a/a9/Flag_of_the_Soviet_Union.svg/23px-Flag_of_the_Soviet_Union.svg.png,9K35 Strela-10,abandoned,https://i.postimg.cc/rmQmjFmn/542.png,13,73,41,8,22,2,2022-10-04T21:08:09Z
Surface-To-Air Missile Systems,Russia,https://upload.wikimedia.org/wikipedia/commons/thumb/a/a9/Flag_of_the_Soviet_Union.svg/23px-Flag_of_the_Soviet_Union.svg.png,9K35 Strela-10,abandoned,https://i.postimg.cc/FKXqgKZj/n8.jpg,13,73,41,8,22,2,2022-10-04T21:08:09Z
Surface-To-Air Missile Systems,Russia,https://upload.wikimedia.org/wikipedia/commons/thumb/a/a9/Flag_of_the_Soviet_Union.svg/23px-Flag_of_the_Soviet_Union.svg.png,9K35 Strela-10,abandoned,https://i.postimg.cc/gcVRwKgk/v56.png,13,73,41,8,22,2,2022-10-04T21:08:09Z
Surface-To-Air Missile Systems,Russia,https://upload.wikimedia.org/wikipedia/commons/thumb/a/a9/Flag_of_the_Soviet_Union.svg/23px-Flag_of_the_Soviet_Union.svg.png,9K35 Strela-10,captured,https://i.postimg.cc/C5cvXW27/6656.png,13,73,41,8,22,2,2022-10-04T21:08:09Z
Surface-To-Air Missile Systems,Russia,https://upload.wikimedia.org/wikipedia/commons/thumb/a/a9/Flag_of_the_Soviet_Union.svg/23px-Flag_of_the_Soviet_Union.svg.png,9K35 Strela-10,captured,https://i.postimg.cc/v8c2krHH/38.png,13,73,41,8,22,2,2022-10-04T21:08:09Z
Surface-To-Air Missile Systems,Russia,https://upload.wikimedia.org/wikipedia/commons/thumb/a/a9/Flag_of_the_Soviet_Union.svg/23px-Flag_of_the_Soviet_Union.svg.png,9K35 Strela-10,captured,https://i.postimg.cc/9F8JTR1K/4f.png,13,73,41,8,22,2,2022-10-04T21:08:09Z
Surface-To-Air Missile Systems,Russia,https://upload.wikimedia.org/wikipedia/commons/thumb/a/a9/Flag_of_the_Soviet_Union.svg/23px-Flag_of_the_Soviet_Union.svg.png,9K35 Strela-10,captured,https://i.postimg.cc/3wsp6BLr/32y.jpg,13,73,41,8,22,2,2022-10-04T21:08:09Z
Surface-To-Air Missile Systems,Russia,https://upload.wikimedia.org/wikipedia/commons/thumb/a/a9/Flag_of_the_Soviet_Union.svg/23px-Flag_of_the_Soviet_Union.svg.png,9A310M1-2 TELAR (for Buk-M1-2),destroyed,https://i.postimg.cc/7LmZpjbQ/3k.png,4,73,41,8,22,2,2022-10-04T21:08:09Z
Surface-To-Air Missile Systems,Russia,https://upload.wikimedia.org/wikipedia/commons/thumb/a/a9/Flag_of_the_Soviet_Union.svg/23px-Flag_of_the_Soviet_Union.svg.png,9A310M1-2 TELAR (for Buk-M1-2),destroyed,https://i.postimg.cc/rwWB8ZKp/3167.png,4,73,41,8,22,2,2022-10-04T21:08:09Z
Surface-To-Air Missile Systems,Russia,https://upload.wikimedia.org/wikipedia/commons/thumb/a/a9/Flag_of_the_Soviet_Union.svg/23px-Flag_of_the_Soviet_Union.svg.png,9A310M1-2 TELAR (for Buk-M1-2),destroyed,https://twitter.com/UAWeapons/status/1574861244590333959,4,73,41,8,22,2,2022-10-04T21:08:09Z
Surface-To-Air Missile Systems,Russia,https://upload.wikimedia.org/wikipedia/commons/thumb/a/a9/Flag_of_the_Soviet_Union.svg/23px-Flag_of_the_Soviet_Union.svg.png,9A310M1-2 TELAR (for Buk-M1-2),damaged,https://i.postimg.cc/DZXDG2k3/779.png,4,73,41,8,22,2,2022-10-04T21:08:09Z
Surface-To-Air Missile Systems,Russia,https://upload.wikimedia.org/wikipedia/commons/thumb/a/a9/Flag_of_the_Soviet_Union.svg/23px-Flag_of_the_Soviet_Union.svg.png,9A39M1-2 TEL (for Buk-M1-2),destroyed,https://i.postimg.cc/T1P7tLF4/3k.png,5,73,41,8,22,2,2022-10-04T21:08:09Z
Surface-To-Air Missile Systems,Russia,https://upload.wikimedia.org/wikipedia/commons/thumb/a/a9/Flag_of_the_Soviet_Union.svg/23px-Flag_of_the_Soviet_Union.svg.png,9A39M1-2 TEL (for Buk-M1-2),destroyed,https://i.postimg.cc/TwCHLk7D/3322.png,5,73,41,8,22,2,2022-10-04T21:08:09Z
Surface-To-Air Missile Systems,Russia,https://upload.wikimedia.org/wikipedia/commons/thumb/a/a9/Flag_of_the_Soviet_Union.svg/23px-Flag_of_the_Soviet_Union.svg.png,9A39M1-2 TEL (for Buk-M1-2),destroyed,https://i.postimg.cc/1zTTNk8q/43.png,5,73,41,8,22,2,2022-10-04T21:08:09Z
Surface-To-Air Missile Systems,Russia,https://upload.wikimedia.org/wikipedia/commons/thumb/a/a9/Flag_of_the_Soviet_Union.svg/23px-Flag_of_the_Soviet_Union.svg.png,9A39M1-2 TEL (for Buk-M1-2),destroyed,https://i.postimg.cc/JnkF3pXd/t1.jpg,5,73,41,8,22,2,2022-10-04T21:08:09Z
Surface-To-Air Missile Systems,Russia,https://upload.wikimedia.org/wikipedia/commons/thumb/a/a9/Flag_of_the_Soviet_Union.svg/23px-Flag_of_the_Soviet_Union.svg.png,9A39M1-2 TEL (for Buk-M1-2),destroyed,https://i.postimg.cc/gjyBQrNV/t3.jpg,5,73,41,8,22,2,2022-10-04T21:08:09Z
Surface-To-Air Missile Systems,Russia,https://upload.wikimedia.org/wikipedia/commons/thumb/a/a9/Flag_of_the_Soviet_Union.svg/23px-Flag_of_the_Soviet_Union.svg.png,9A317 TELAR (for Buk-M2),destroyed,https://i.postimg.cc/02Xp3ZcM/1015.jpg,7,73,41,8,22,2,2022-10-04T21:08:09Z
Surface-To-Air Missile Systems,Russia,https://upload.wikimedia.org/wikipedia/commons/thumb/a/a9/Flag_of_the_Soviet_Union.svg/23px-Flag_of_the_Soviet_Union.svg.png,9A317 TELAR (for Buk-M2),destroyed,https://i.postimg.cc/44FRHhP5/456.png,7,73,41,8,22,2,2022-10-04T21:08:09Z
Surface-To-Air Missile Systems,Russia,https://upload.wikimedia.org/wikipedia/commons/thumb/a/a9/Flag_of_the_Soviet_Union.svg/23px-Flag_of_the_Soviet_Union.svg.png,9A317 TELAR (for Buk-M2),destroyed,https://i.postimg.cc/Ssmvwcc0/4378.png,7,73,41,8,22,2,2022-10-04T21:08:09Z
Surface-To-Air Missile Systems,Russia,https://upload.wikimedia.org/wikipedia/commons/thumb/a/a9/Flag_of_the_Soviet_Union.svg/23px-Flag_of_the_Soviet_Union.svg.png,9A317 TELAR (for Buk-M2),destroyed,https://i.postimg.cc/9FyFD1Sr/42d.png,7,73,41,8,22,2,2022-10-04T21:08:09Z
Surface-To-Air Missile Systems,Russia,https://upload.wikimedia.org/wikipedia/commons/thumb/a/a9/Flag_of_the_Soviet_Union.svg/23px-Flag_of_the_Soviet_Union.svg.png,9A317 TELAR (for Buk-M2),destroyed,https://twitter.com/UAWeapons/status/1566862026173038594,7,73,41,8,22,2,2022-10-04T21:08:09Z
Surface-To-Air Missile Systems,Russia,https://upload.wikimedia.org/wikipedia/commons/thumb/a/a9/Flag_of_the_Soviet_Union.svg/23px-Flag_of_the_Soviet_Union.svg.png,9A317 TELAR (for Buk-M2),damaged,https://i.postimg.cc/JnCgXRXL/1016-9-A317.jpg,7,73,41,8,22,2,2022-10-04T21:08:09Z
Surface-To-Air Missile Systems,Russia,https://upload.wikimedia.org/wikipedia/commons/thumb/a/a9/Flag_of_the_Soviet_Union.svg/23px-Flag_of_the_Soviet_Union.svg.png,9A317 TELAR (for Buk-M2),captured,https://i.postimg.cc/wx1tSZzy/48.jpg,7,73,41,8,22,2,2022-10-04T21:08:09Z
Surface-To-Air Missile Systems,Russia,https://upload.wikimedia.org/wikipedia/commons/thumb/a/a9/Flag_of_the_Soviet_Union.svg/23px-Flag_of_the_Soviet_Union.svg.png,9A316 TEL (for Buk-M2),captured,https://i.postimg.cc/cC3bYzgz/3d.jpg,3,73,41,8,22,2,2022-10-04T21:08:09Z
Surface-To-Air Missile Systems,Russia,https://upload.wikimedia.org/wikipedia/commons/thumb/a/a9/Flag_of_the_Soviet_Union.svg/23px-Flag_of_the_Soviet_Union.svg.png,9A316 TEL (for Buk-M2),captured,https://i.postimg.cc/yYtY083v/y5.jpg,3,73,41,8,22,2,2022-10-04T21:08:09Z
Surface-To-Air Missile Systems,Russia,https://upload.wikimedia.org/wikipedia/commons/thumb/a/a9/Flag_of_the_Soviet_Union.svg/23px-Flag_of_the_Soviet_Union.svg.png,9A316 TEL (for Buk-M2),captured,https://i.postimg.cc/4xw3DhHx/26.png,3,73,41,8,22,2,2022-10-04T21:08:09Z
Surface-To-Air Missile Systems,Russia,https://upload.wikimedia.org/wikipedia/commons/thumb/a/a9/Flag_of_the_Soviet_Union.svg/23px-Flag_of_the_Soviet_Union.svg.png,Unknown Buk SAM system,destroyed,https://i.postimg.cc/sf0JFTHR/21d.jpg,4,73,41,8,22,2,2022-10-04T21:08:09Z
Surface-To-Air Missile Systems,Russia,https://upload.wikimedia.org/wikipedia/commons/thumb/a/a9/Flag_of_the_Soviet_Union.svg/23px-Flag_of_the_Soviet_Union.svg.png,Unknown Buk SAM system,destroyed,https://i.postimg.cc/1tM362M2/668.jpg,4,73,41,8,22,2,2022-10-04T21:08:09Z
Surface-To-Air Missile Systems,Russia,https://upload.wikimedia.org/wikipedia/commons/thumb/a/a9/Flag_of_the_Soviet_Union.svg/23px-Flag_of_the_Soviet_Union.svg.png,Unknown Buk SAM system,destroyed,https://i.postimg.cc/xTzzqrBh/5g3.jpg,4,73,41,8,22,2,2022-10-04T21:08:09Z
Surface-To-Air Missile Systems,Russia,https://upload.wikimedia.org/wikipedia/commons/thumb/a/a9/Flag_of_the_Soviet_Union.svg/23px-Flag_of_the_Soviet_Union.svg.png,Unknown Buk SAM system,destroyed,https://i.postimg.cc/xTzzqrBh/5g3.jpg,4,73,41,8,22,2,2022-10-04T21:08:09Z
Surface-To-Air Missile Systems,Russia,https://upload.wikimedia.org/wikipedia/commons/thumb/a/a9/Flag_of_the_Soviet_Union.svg/23px-Flag_of_the_Soviet_Union.svg.png,9A330 Tor TLAR (for 9K330 Tor),abandoned,https://i.postimg.cc/8PS5zQYB/4310.png,8,73,41,8,22,2,2022-10-04T21:08:09Z
Surface-To-Air Missile Systems,Russia,https://upload.wikimedia.org/wikipedia/commons/thumb/a/a9/Flag_of_the_Soviet_Union.svg/23px-Flag_of_the_Soviet_Union.svg.png,9A330 Tor TLAR (for 9K330 Tor),abandoned,https://i.postimg.cc/mgHPxQR3/5k.png,8,73,41,8,22,2,2022-10-04T21:08:09Z
Surface-To-Air Missile Systems,Russia,https://upload.wikimedia.org/wikipedia/commons/thumb/a/a9/Flag_of_the_Soviet_Union.svg/23px-Flag_of_the_Soviet_Union.svg.png,9A330 Tor TLAR (for 9K330 Tor),damaged,https://i.postimg.cc/1XzB0gjR/7j7.png,8,73,41,8,22,2,2022-10-04T21:08:09Z
Surface-To-Air Missile Systems,Russia,https://upload.wikimedia.org/wikipedia/commons/thumb/a/a9/Flag_of_the_Soviet_Union.svg/23px-Flag_of_the_Soviet_Union.svg.png,9A330 Tor TLAR (for 9K330 Tor),damaged,https://i.postimg.cc/KvJ3w5Bp/g5.jpg,8,73,41,8,22,2,2022-10-04T21:08:09Z
Surface-To-Air Missile Systems,Russia,https://upload.wikimedia.org/wikipedia/commons/thumb/a/a9/Flag_of_the_Soviet_Union.svg/23px-Flag_of_the_Soviet_Union.svg.png,9A330 Tor TLAR (for 9K330 Tor),damaged,https://i.postimg.cc/CMbpsN0w/553.jpg,8,73,41,8,22,2,2022-10-04T21:08:09Z
Surface-To-Air Missile Systems,Russia,https://upload.wikimedia.org/wikipedia/commons/thumb/a/a9/Flag_of_the_Soviet_Union.svg/23px-Flag_of_the_Soviet_Union.svg.png,9A330 Tor TLAR (for 9K330 Tor),captured,https://i.postimg.cc/kg4xSgBn/470.png,8,73,41,8,22,2,2022-10-04T21:08:09Z
Surface-To-Air Missile Systems,Russia,https://upload.wikimedia.org/wikipedia/commons/thumb/a/a9/Flag_of_the_Soviet_Union.svg/23px-Flag_of_the_Soviet_Union.svg.png,9A330 Tor TLAR (for 9K330 Tor),captured,https://i.postimg.cc/tCmsLt4j/4f.png,8,73,41,8,22,2,2022-10-04T21:08:09Z
Surface-To-Air Missile Systems,Russia,https://upload.wikimedia.org/wikipedia/commons/thumb/a/a9/Flag_of_the_Soviet_Union.svg/23px-Flag_of_the_Soviet_Union.svg.png,9A330 Tor TLAR (for 9K330 Tor),captured,https://i.postimg.cc/5yY0Q05W/g5.jpg,8,73,41,8,22,2,2022-10-04T21:08:09Z
Surface-To-Air Missile Systems,Russia,https://upload.wikimedia.org/wikipedia/commons/thumb/a/a9/Flag_of_the_Soviet_Union.svg/23px-Flag_of_the_Soviet_Union.svg.png,9A331 TLAR (for 9K331 Tor-M1),destroyed,https://postlmg.cc/PNZ3N6Xp,6,73,41,8,22,2,2022-10-04T21:08:09Z
Surface-To-Air Missile Systems,Russia,https://upload.wikimedia.org/wikipedia/commons/thumb/a/a9/Flag_of_the_Soviet_Union.svg/23px-Flag_of_the_Soviet_Union.svg.png,9A331 TLAR (for 9K331 Tor-M1),destroyed,https://i.postimg.cc/6pfMfZYj/f430.jpg,6,73,41,8,22,2,2022-10-04T21:08:09Z
Surface-To-Air Missile Systems,Russia,https://upload.wikimedia.org/wikipedia/commons/thumb/a/a9/Flag_of_the_Soviet_Union.svg/23px-Flag_of_the_Soviet_Union.svg.png,9A331 TLAR (for 9K331 Tor-M1),destroyed,https://twitter.com/UAWeapons/status/1566557906593615873,6,73,41,8,22,2,2022-10-04T21:08:09Z
Surface-To-Air Missile Systems,Russia,https://upload.wikimedia.org/wikipedia/commons/thumb/a/a9/Flag_of_the_Soviet_Union.svg/23px-Flag_of_the_Soviet_Union.svg.png,9A331 TLAR (for 9K331 Tor-M1),destroyed,https://twitter.com/UAWeapons/status/1566557906593615873,6,73,41,8,22,2,2022-10-04T21:08:09Z
Surface-To-Air Missile Systems,Russia,https://upload.wikimedia.org/wikipedia/commons/thumb/a/a9/Flag_of_the_Soviet_Union.svg/23px-Flag_of_the_Soviet_Union.svg.png,9A331 TLAR (for 9K331 Tor-M1),captured,https://i.postimg.cc/brZ2rDJN/3561.png,6,73,41,8,22,2,2022-10-04T21:08:09Z
Surface-To-Air Missile Systems,Russia,https://upload.wikimedia.org/wikipedia/commons/thumb/a/a9/Flag_of_the_Soviet_Union.svg/23px-Flag_of_the_Soviet_Union.svg.png,9A331 TLAR (for 9K331 Tor-M1),captured,https://twitter.com/UAWeapons/status/1568224082503802881,6,73,41,8,22,2,2022-10-04T21:08:09Z
Surface-To-Air Missile Systems,Russia,https://upload.wikimedia.org/wikipedia/commons/thumb/a/a9/Flag_of_the_Soviet_Union.svg/23px-Flag_of_the_Soviet_Union.svg.png,9A331M TLAR (for 9K332 Tor-M2),destroyed,https://i.postimg.cc/5tS4wn32/578.png,5,73,41,8,22,2,2022-10-04T21:08:09Z
Surface-To-Air Missile Systems,Russia,https://upload.wikimedia.org/wikipedia/commons/thumb/a/a9/Flag_of_the_Soviet_Union.svg/23px-Flag_of_the_Soviet_Union.svg.png,9A331M TLAR (for 9K332 Tor-M2),destroyed,https://i.postimg.cc/j58wCMNC/1010.jpg,5,73,41,8,22,2,2022-10-04T21:08:09Z
Surface-To-Air Missile Systems,Russia,https://upload.wikimedia.org/wikipedia/commons/thumb/a/a9/Flag_of_the_Soviet_Union.svg/23px-Flag_of_the_Soviet_Union.svg.png,9A331M TLAR (for 9K332 Tor-M2),destroyed,https://twitter.com/UAWeapons/status/1562552113535692800,5,73,41,8,22,2,2022-10-04T21:08:09Z
Surface-To-Air Missile Systems,Russia,https://upload.wikimedia.org/wikipedia/commons/thumb/a/a9/Flag_of_the_Soviet_Union.svg/23px-Flag_of_the_Soviet_Union.svg.png,9A331M TLAR (for 9K332 Tor-M2),abandoned,https://i.postimg.cc/9XnwhNCn/1012.jpg,5,73,41,8,22,2,2022-10-04T21:08:09Z
Surface-To-Air Missile Systems,Russia,https://upload.wikimedia.org/wikipedia/commons/thumb/a/a9/Flag_of_the_Soviet_Union.svg/23px-Flag_of_the_Soviet_Union.svg.png,9A331M TLAR (for 9K332 Tor-M2),captured,https://i.postimg.cc/xqrr3rgR/97.png,5,73,41,8,22,2,2022-10-04T21:08:09Z
Surface-To-Air Missile Systems,Russia,https://upload.wikimedia.org/wikipedia/commons/thumb/a/a9/Flag_of_the_Soviet_Union.svg/23px-Flag_of_the_Soviet_Union.svg.png,Pantsir-S1,destroyed,https://i.postimg.cc/J00T0v1j/335s.png,10,73,41,8,22,2,2022-10-04T21:08:09Z
Surface-To-Air Missile Systems,Russia,https://upload.wikimedia.org/wikipedia/commons/thumb/a/a9/Flag_of_the_Soviet_Union.svg/23px-Flag_of_the_Soviet_Union.svg.png,Pantsir-S1,destroyed,https://i.postimg.cc/nc1WwSy5/f6.png,10,73,41,8,22,2,2022-10-04T21:08:09Z
Surface-To-Air Missile Systems,Russia,https://upload.wikimedia.org/wikipedia/commons/thumb/a/a9/Flag_of_the_Soviet_Union.svg/23px-Flag_of_the_Soviet_Union.svg.png,Pantsir-S1,destroyed,https://i.postimg.cc/Y0tmDR2R/43f.png,10,73,41,8,22,2,2022-10-04T21:08:09Z
Surface-To-Air Missile Systems,Russia,https://upload.wikimedia.org/wikipedia/commons/thumb/a/a9/Flag_of_the_Soviet_Union.svg/23px-Flag_of_the_Soviet_Union.svg.png,Pantsir-S1,destroyed,https://i.postimg.cc/XJQhJ2mG/6891.png,10,73,41,8,22,2,2022-10-04T21:08:09Z
Surface-To-Air Missile Systems,Russia,https://upload.wikimedia.org/wikipedia/commons/thumb/a/a9/Flag_of_the_Soviet_Union.svg/23px-Flag_of_the_Soviet_Union.svg.png,Pantsir-S1,destroyed,https://i.postimg.cc/hvfJmVbs/1011.jpg,10,73,41,8,22,2,2022-10-04T21:08:09Z
Surface-To-Air Missile Systems,Russia,https://upload.wikimedia.org/wikipedia/commons/thumb/a/a9/Flag_of_the_Soviet_Union.svg/23px-Flag_of_the_Soviet_Union.svg.png,Pantsir-S1,destroyed,https://i.postimg.cc/257tkBZv/1000-Pantsir.jpg,10,73,41,8,22,2,2022-10-04T21:08:09Z
Surface-To-Air Missile Systems,Russia,https://upload.wikimedia.org/wikipedia/commons/thumb/a/a9/Flag_of_the_Soviet_Union.svg/23px-Flag_of_the_Soviet_Union.svg.png,Pantsir-S1,destroyed,https://twitter.com/RALee85/status/1565963361648627713,10,73,41,8,22,2,2022-10-04T21:08:09Z
Surface-To-Air Missile Systems,Russia,https://upload.wikimedia.org/wikipedia/commons/thumb/a/a9/Flag_of_the_Soviet_Union.svg/23px-Flag_of_the_Soviet_Union.svg.png,Pantsir-S1,damaged,https://i.postimg.cc/5yy3byX2/43j.png,10,73,41,8,22,2,2022-10-04T21:08:09Z
Surface-To-Air Missile Systems,Russia,https://upload.wikimedia.org/wikipedia/commons/thumb/a/a9/Flag_of_the_Soviet_Union.svg/23px-Flag_of_the_Soviet_Union.svg.png,Pantsir-S1,captured,https://postimg.cc/TpB4Xtbs/ec2c4921,10,73,41,8,22,2,2022-10-04T21:08:09Z
Surface-To-Air Missile Systems,Russia,https://upload.wikimedia.org/wikipedia/commons/thumb/a/a9/Flag_of_the_Soviet_Union.svg/23px-Flag_of_the_Soviet_Union.svg.png,Pantsir-S1,captured,https://i.postimg.cc/QxrxMb4D/k88.png,10,73,41,8,22,2,2022-10-04T21:08:09Z
Surface-To-Air Missile Systems,Russia,https://upload.wikimedia.org/wikipedia/commons/thumb/a/a9/Flag_of_the_Soviet_Union.svg/23px-Flag_of_the_Soviet_Union.svg.png,TEL for S-300,destroyed,https://twitter.com/UAWeapons/status/1551216224897581057,2,73,41,8,22,2,2022-10-04T21:08:09Z
Surface-To-Air Missile Systems,Russia,https://upload.wikimedia.org/wikipedia/commons/thumb/a/a9/Flag_of_the_Soviet_Union.svg/23px-Flag_of_the_Soviet_Union.svg.png,TEL for S-300,destroyed,https://twitter.com/UAWeapons/status/1551216224897581057,2,73,41,8,22,2,2022-10-04T21:08:09Z
Radars,Russia,NA,9S36 (for Buk-M2),destroyed,https://i.postimg.cc/ZRZxmLh3/55.jpg,2,16,7,NA,9,NA,2022-10-04T21:08:09Z
Radars,Russia,NA,9S36 (for Buk-M2),captured,https://i.postimg.cc/T2bczB37/5g5.jpg,2,16,7,NA,9,NA,2022-10-04T21:08:09Z
Radars,Russia,NA,48Ya6-K1 Podlet-K1 low-altitude S-band surveillance radar,destroyed,https://twitter.com/UAWeapons/status/1549458529752432641,1,16,7,NA,9,NA,2022-10-04T21:08:09Z
Radars,Russia,NA,9S18М1(-2) (for Buk-M2),captured,https://i.postimg.cc/qMVp7ZP5/579.jpg,1,16,7,NA,9,NA,2022-10-04T21:08:09Z
Radars,Russia,NA,9S18М1(-3) (for Buk-M3),destroyed,https://i.postimg.cc/1R8dSsf4/54fd.png,1,16,7,NA,9,NA,2022-10-04T21:08:09Z
Radars,Russia,NA,PPRU-1(M) '9S80(-1)' 'Sborka' (for 9K35 Strela-10),destroyed,https://i.postimg.cc/ZRnFXjBh/32.jpg,2,16,7,NA,9,NA,2022-10-04T21:08:09Z
Radars,Russia,NA,PPRU-1(M) '9S80(-1)' 'Sborka' (for 9K35 Strela-10),captured,https://i.postimg.cc/Bvg6z7R1/4388.png,2,16,7,NA,9,NA,2022-10-04T21:08:09Z
Radars,Russia,NA,Fara ground surveillance radar,captured,https://i.postimg.cc/RVzmKMQT/41.png,2,16,7,NA,9,NA,2022-10-04T21:08:09Z
Radars,Russia,NA,Fara ground surveillance radar,captured,https://i.postimg.cc/sDd4XP6T/55422.png,2,16,7,NA,9,NA,2022-10-04T21:08:09Z
Radars,Russia,NA,SNAR-10M1 battlefield surveillance radar,captured,https://i.postimg.cc/Px9Q1Gck/45.jpg,1,16,7,NA,9,NA,2022-10-04T21:08:09Z
Radars,Russia,NA,1L261 (for 1L260 Zoopark-1M counter-battery radar complex),destroyed,https://postimg.cc/hQstNghL,4,16,7,NA,9,NA,2022-10-04T21:08:09Z
Radars,Russia,NA,1L261 (for 1L260 Zoopark-1M counter-battery radar complex),destroyed,https://twitter.com/UAWeapons/status/1560925593302089731,4,16,7,NA,9,NA,2022-10-04T21:08:09Z
Radars,Russia,NA,1L261 (for 1L260 Zoopark-1M counter-battery radar complex),captured,https://i.postimg.cc/TPXZzwYr/47h.png,4,16,7,NA,9,NA,2022-10-04T21:08:09Z
Radars,Russia,NA,1L261 (for 1L260 Zoopark-1M counter-battery radar complex),captured,https://twitter.com/UAWeapons/status/1568276847611498496,4,16,7,NA,9,NA,2022-10-04T21:08:09Z
Radars,Russia,https://upload.wikimedia.org/wikipedia/en/thumb/f/f3/Flag_of_Russia.svg/23px-Flag_of_Russia.svg.png,1L271 portable mortar locating reconnaissance radar,captured,https://twitter.com/UAWeapons/status/1574760471990771713,1,16,7,NA,9,NA,2022-10-04T21:08:09Z
Radars,Russia,https://upload.wikimedia.org/wikipedia/en/thumb/f/f3/Flag_of_Russia.svg/23px-Flag_of_Russia.svg.png,P-18T,destroyed,https://i.postimg.cc/4xh3RK5m/1032-P-18-T-Pantsir.jpg,1,16,7,NA,9,NA,2022-10-04T21:08:09Z
Jammers And Deception Systems,Russia,NA,R-330BMV Borisoglebsk-2B,destroyed,https://i.postimg.cc/SQc4y8fS/3fr.png,5,16,10,NA,5,1,2022-10-04T21:08:09Z
Jammers And Deception Systems,Russia,NA,R-330BMV Borisoglebsk-2B,destroyed,https://i.postimg.cc/Gm2nLM9D/4431.jpg,5,16,10,NA,5,1,2022-10-04T21:08:09Z
Jammers And Deception Systems,Russia,NA,R-330BMV Borisoglebsk-2B,damaged,https://i.postimg.cc/wvzPRKsx/333.png,5,16,10,NA,5,1,2022-10-04T21:08:09Z
Jammers And Deception Systems,Russia,NA,R-330BMV Borisoglebsk-2B,captured,https://i.postimg.cc/q7sY5R4q/45.png,5,16,10,NA,5,1,2022-10-04T21:08:09Z
Jammers And Deception Systems,Russia,NA,R-330BMV Borisoglebsk-2B,captured,https://twitter.com/UAWeapons/status/1569707532687478784,5,16,10,NA,5,1,2022-10-04T21:08:09Z
Jammers And Deception Systems,Russia,NA,R-330ZH Zhitel,destroyed,https://i.postimg.cc/wjNHG3gj/1005-zhitel.jpg,3,16,10,NA,5,1,2022-10-04T21:08:09Z
Jammers And Deception Systems,Russia,NA,R-330ZH Zhitel,destroyed,https://i.postimg.cc/521T8KF2/f29.jpg,3,16,10,NA,5,1,2022-10-04T21:08:09Z
Jammers And Deception Systems,Russia,NA,R-330ZH Zhitel,destroyed,https://twitter.com/UAWeapons/status/1574151747723218945,3,16,10,NA,5,1,2022-10-04T21:08:09Z
Jammers And Deception Systems,Russia,NA,1L262E Rtut-BM,destroyed,https://i.postimg.cc/26yT1ms4/687.png,1,16,10,NA,5,1,2022-10-04T21:08:09Z
Jammers And Deception Systems,Russia,NA,Torn(-MDM),captured,https://i.postimg.cc/Jn2VdkFf/35.png,1,16,10,NA,5,1,2022-10-04T21:08:09Z
Jammers And Deception Systems,Russia,NA,Silok-01 counter-UAV system,destroyed,https://twitter.com/UAWeapons/status/1537086962548482048,2,16,10,NA,5,1,2022-10-04T21:08:09Z
Jammers And Deception Systems,Russia,NA,Silok-01 counter-UAV system,captured,https://twitter.com/UAWeapons/status/1566363462175014913,2,16,10,NA,5,1,2022-10-04T21:08:09Z
Jammers And Deception Systems,Russia,NA,1RL257 Krasukha-4 (command post),captured,https://i.postimg.cc/G3y10MLj/87.png,1,16,10,NA,5,1,2022-10-04T21:08:09Z
Jammers And Deception Systems,Russia,NA,Leer-2 electronic warfare system,destroyed,https://twitter.com/UAWeapons/status/1553681823573725184,1,16,10,NA,5,1,2022-10-04T21:08:09Z
Jammers And Deception Systems,Russia,NA,RLK-MC-A (ROSC-1) counter-UAV system,destroyed,https://twitter.com/UAWeapons/status/1557794437660557319,1,16,10,NA,5,1,2022-10-04T21:08:09Z
Jammers And Deception Systems,Russia,NA,Unknown EW system,destroyed,https://i.postimg.cc/5yQHTW6h/1001-unkn-EW.jpg,1,16,10,NA,5,1,2022-10-04T21:08:09Z
Aircraft,Russia,NA,MiG-31BM fighter aircraft,destroyed,https://twitter.com/RALee85/status/1577180019939766272,1,60,58,NA,NA,2,2022-10-04T21:08:09Z
Aircraft,Russia,NA,Su-30SM multirole aircraft,destroyed,https://i.postimg.cc/QNPryLw9/7699.png,11,60,58,NA,NA,2,2022-10-04T21:08:09Z
Aircraft,Russia,NA,Su-30SM multirole aircraft,destroyed,https://i.postimg.cc/pTmn3GJ1/443.png,11,60,58,NA,NA,2,2022-10-04T21:08:09Z
Aircraft,Russia,NA,Su-30SM multirole aircraft,destroyed,https://i.postimg.cc/3R8v9rk7/65.png,11,60,58,NA,NA,2,2022-10-04T21:08:09Z
Aircraft,Russia,NA,Su-30SM multirole aircraft,destroyed,https://i.postimg.cc/8ch0qvfw/763.png,11,60,58,NA,NA,2,2022-10-04T21:08:09Z
Aircraft,Russia,NA,Su-30SM multirole aircraft,destroyed,https://i.postimg.cc/05Wr4fXG/4fs.png,11,60,58,NA,NA,2,2022-10-04T21:08:09Z
Aircraft,Russia,NA,Su-30SM multirole aircraft,destroyed,https://i.postimg.cc/FKS4JMHn/3326.png,11,60,58,NA,NA,2,2022-10-04T21:08:09Z
Aircraft,Russia,NA,Su-30SM multirole aircraft,destroyed,https://i.postimg.cc/FKS4JMHn/3326.png,11,60,58,NA,NA,2,2022-10-04T21:08:09Z
Aircraft,Russia,NA,Su-30SM multirole aircraft,destroyed,https://i.postimg.cc/FKS4JMHn/3326.png,11,60,58,NA,NA,2,2022-10-04T21:08:09Z
Aircraft,Russia,NA,Su-30SM multirole aircraft,destroyed,https://i.postimg.cc/zGGdTPWX/1003-su30.jpg,11,60,58,NA,NA,2,2022-10-04T21:08:09Z
Aircraft,Russia,NA,Su-30SM multirole aircraft,destroyed,https://twitter.com/UAWeapons/status/1569275480343281665,11,60,58,NA,NA,2,2022-10-04T21:08:09Z
Aircraft,Russia,NA,Su-30SM multirole aircraft,damaged,https://i.postimg.cc/j5qMrfmQ/3326.png,11,60,58,NA,NA,2,2022-10-04T21:08:09Z
Aircraft,Russia,NA,Su-35S multirole aircraft,destroyed,https://i.postimg.cc/9Xx2XhXx/32f.png,1,60,58,NA,NA,2,2022-10-04T21:08:09Z
Aircraft,Russia,https://upload.wikimedia.org/wikipedia/commons/thumb/a/a9/Flag_of_the_Soviet_Union.svg/23px-Flag_of_the_Soviet_Union.svg.png,Su-25 close air support aircraft,destroyed,https://i.postimg.cc/L6456Fm4/38.png,22,60,58,NA,NA,2,2022-10-04T21:08:09Z
Aircraft,Russia,https://upload.wikimedia.org/wikipedia/commons/thumb/a/a9/Flag_of_the_Soviet_Union.svg/23px-Flag_of_the_Soviet_Union.svg.png,Su-25 close air support aircraft,destroyed,https://i.postimg.cc/Mp371YRh/675.png,22,60,58,NA,NA,2,2022-10-04T21:08:09Z
Aircraft,Russia,https://upload.wikimedia.org/wikipedia/commons/thumb/a/a9/Flag_of_the_Soviet_Union.svg/23px-Flag_of_the_Soviet_Union.svg.png,Su-25 close air support aircraft,destroyed,https://i.postimg.cc/VNx7Xd0x/n86.png,22,60,58,NA,NA,2,2022-10-04T21:08:09Z
Aircraft,Russia,https://upload.wikimedia.org/wikipedia/commons/thumb/a/a9/Flag_of_the_Soviet_Union.svg/23px-Flag_of_the_Soviet_Union.svg.png,Su-25 close air support aircraft,destroyed,https://i.postimg.cc/SsTkvvtc/46.png,22,60,58,NA,NA,2,2022-10-04T21:08:09Z
Aircraft,Russia,https://upload.wikimedia.org/wikipedia/commons/thumb/a/a9/Flag_of_the_Soviet_Union.svg/23px-Flag_of_the_Soviet_Union.svg.png,Su-25 close air support aircraft,destroyed,https://i.postimg.cc/zBCBJNs4/360.png,22,60,58,NA,NA,2,2022-10-04T21:08:09Z
Aircraft,Russia,https://upload.wikimedia.org/wikipedia/commons/thumb/a/a9/Flag_of_the_Soviet_Union.svg/23px-Flag_of_the_Soviet_Union.svg.png,Su-25 close air support aircraft,destroyed,https://i.postimg.cc/RCjcz7sM/h7.jpg,22,60,58,NA,NA,2,2022-10-04T21:08:09Z
Aircraft,Russia,https://upload.wikimedia.org/wikipedia/commons/thumb/a/a9/Flag_of_the_Soviet_Union.svg/23px-Flag_of_the_Soviet_Union.svg.png,Su-25 close air support aircraft,destroyed,https://twitter.com/RALee85/status/1507360503546449924,22,60,58,NA,NA,2,2022-10-04T21:08:09Z
Aircraft,Russia,https://upload.wikimedia.org/wikipedia/commons/thumb/a/a9/Flag_of_the_Soviet_Union.svg/23px-Flag_of_the_Soviet_Union.svg.png,Su-25 close air support aircraft,destroyed,https://i.postimg.cc/DZ14y78S/316.png,22,60,58,NA,NA,2,2022-10-04T21:08:09Z
Aircraft,Russia,https://upload.wikimedia.org/wikipedia/commons/thumb/a/a9/Flag_of_the_Soviet_Union.svg/23px-Flag_of_the_Soviet_Union.svg.png,Su-25 close air support aircraft,destroyed,https://i.postimg.cc/XJ2YWqt8/6y6.png,22,60,58,NA,NA,2,2022-10-04T21:08:09Z
Aircraft,Russia,https://upload.wikimedia.org/wikipedia/commons/thumb/a/a9/Flag_of_the_Soviet_Union.svg/23px-Flag_of_the_Soviet_Union.svg.png,Su-25 close air support aircraft,destroyed,https://i.postimg.cc/bNnXPwcr/43g9.png,22,60,58,NA,NA,2,2022-10-04T21:08:09Z
Aircraft,Russia,https://upload.wikimedia.org/wikipedia/commons/thumb/a/a9/Flag_of_the_Soviet_Union.svg/23px-Flag_of_the_Soviet_Union.svg.png,Su-25 close air support aircraft,destroyed,https://i.postimg.cc/PqBrzQ94/2d.png,22,60,58,NA,NA,2,2022-10-04T21:08:09Z
Aircraft,Russia,https://upload.wikimedia.org/wikipedia/commons/thumb/a/a9/Flag_of_the_Soviet_Union.svg/23px-Flag_of_the_Soviet_Union.svg.png,Su-25 close air support aircraft,destroyed,https://i.postimg.cc/y6XbrW3z/6522.png,22,60,58,NA,NA,2,2022-10-04T21:08:09Z
Aircraft,Russia,https://upload.wikimedia.org/wikipedia/commons/thumb/a/a9/Flag_of_the_Soviet_Union.svg/23px-Flag_of_the_Soviet_Union.svg.png,Su-25 close air support aircraft,destroyed,https://i.postimg.cc/RZbzx5tR/338.png,22,60,58,NA,NA,2,2022-10-04T21:08:09Z
Aircraft,Russia,https://upload.wikimedia.org/wikipedia/commons/thumb/a/a9/Flag_of_the_Soviet_Union.svg/23px-Flag_of_the_Soviet_Union.svg.png,Su-25 close air support aircraft,destroyed,https://twitter.com/RALee85/status/1538798047249027072,22,60,58,NA,NA,2,2022-10-04T21:08:09Z
Aircraft,Russia,https://upload.wikimedia.org/wikipedia/commons/thumb/a/a9/Flag_of_the_Soviet_Union.svg/23px-Flag_of_the_Soviet_Union.svg.png,Su-25 close air support aircraft,destroyed,https://twitter.com/UAWeapons/status/1539288719638859776,22,60,58,NA,NA,2,2022-10-04T21:08:09Z
Aircraft,Russia,https://upload.wikimedia.org/wikipedia/commons/thumb/a/a9/Flag_of_the_Soviet_Union.svg/23px-Flag_of_the_Soviet_Union.svg.png,Su-25 close air support aircraft,destroyed,https://i.postimg.cc/ZY64Sn83/331.png,22,60,58,NA,NA,2,2022-10-04T21:08:09Z
Aircraft,Russia,https://upload.wikimedia.org/wikipedia/commons/thumb/a/a9/Flag_of_the_Soviet_Union.svg/23px-Flag_of_the_Soviet_Union.svg.png,Su-25 close air support aircraft,destroyed,https://i.postimg.cc/0NjSWsy8/42.png,22,60,58,NA,NA,2,2022-10-04T21:08:09Z
Aircraft,Russia,https://upload.wikimedia.org/wikipedia/commons/thumb/a/a9/Flag_of_the_Soviet_Union.svg/23px-Flag_of_the_Soviet_Union.svg.png,Su-25 close air support aircraft,damaged,https://i.postimg.cc/zBVmRBJ2/h9.png,22,60,58,NA,NA,2,2022-10-04T21:08:09Z
Aircraft,Russia,https://upload.wikimedia.org/wikipedia/commons/thumb/a/a9/Flag_of_the_Soviet_Union.svg/23px-Flag_of_the_Soviet_Union.svg.png,Su-25 close air support aircraft,destroyed,https://i.postimg.cc/d0frJvX8/1008-su25.jpg,22,60,58,NA,NA,2,2022-10-04T21:08:09Z
Aircraft,Russia,https://upload.wikimedia.org/wikipedia/commons/thumb/a/a9/Flag_of_the_Soviet_Union.svg/23px-Flag_of_the_Soviet_Union.svg.png,Su-25 close air support aircraft,destroyed,https://twitter.com/UAWeapons/status/1568982695862046722,22,60,58,NA,NA,2,2022-10-04T21:08:09Z
Aircraft,Russia,https://upload.wikimedia.org/wikipedia/commons/thumb/a/a9/Flag_of_the_Soviet_Union.svg/23px-Flag_of_the_Soviet_Union.svg.png,Su-25 close air support aircraft,destroyed,https://twitter.com/UAWeapons/status/1569302325533020160,22,60,58,NA,NA,2,2022-10-04T21:08:09Z
Aircraft,Russia,https://upload.wikimedia.org/wikipedia/commons/thumb/a/a9/Flag_of_the_Soviet_Union.svg/23px-Flag_of_the_Soviet_Union.svg.png,Su-25 close air support aircraft,damaged,https://twitter.com/UAWeapons/status/1535271617928081409,22,60,58,NA,NA,2,2022-10-04T21:08:09Z
Aircraft,Russia,https://upload.wikimedia.org/wikipedia/commons/thumb/a/a9/Flag_of_the_Soviet_Union.svg/23px-Flag_of_the_Soviet_Union.svg.png,Su-24MR tactical reconnaissance aircraft,destroyed,https://i.postimg.cc/G3FmfyrS/6653.png,1,60,58,NA,NA,2,2022-10-04T21:08:09Z
Aircraft,Russia,https://upload.wikimedia.org/wikipedia/commons/thumb/a/a9/Flag_of_the_Soviet_Union.svg/23px-Flag_of_the_Soviet_Union.svg.png,Su-24M/MR strike/tactical reconnaissance aircraft,destroyed,https://i.postimg.cc/nVD3fnwW/3326.png,6,60,58,NA,NA,2,2022-10-04T21:08:09Z
Aircraft,Russia,https://upload.wikimedia.org/wikipedia/commons/thumb/a/a9/Flag_of_the_Soviet_Union.svg/23px-Flag_of_the_Soviet_Union.svg.png,Su-24M/MR strike/tactical reconnaissance aircraft,destroyed,https://i.postimg.cc/nVD3fnwW/3326.png,6,60,58,NA,NA,2,2022-10-04T21:08:09Z
Aircraft,Russia,https://upload.wikimedia.org/wikipedia/commons/thumb/a/a9/Flag_of_the_Soviet_Union.svg/23px-Flag_of_the_Soviet_Union.svg.png,Su-24M/MR strike/tactical reconnaissance aircraft,destroyed,https://i.postimg.cc/nVD3fnwW/3326.png,6,60,58,NA,NA,2,2022-10-04T21:08:09Z
Aircraft,Russia,https://upload.wikimedia.org/wikipedia/commons/thumb/a/a9/Flag_of_the_Soviet_Union.svg/23px-Flag_of_the_Soviet_Union.svg.png,Su-24M/MR strike/tactical reconnaissance aircraft,destroyed,https://i.postimg.cc/nVD3fnwW/3326.png,6,60,58,NA,NA,2,2022-10-04T21:08:09Z
Aircraft,Russia,https://upload.wikimedia.org/wikipedia/commons/thumb/a/a9/Flag_of_the_Soviet_Union.svg/23px-Flag_of_the_Soviet_Union.svg.png,Su-24M/MR strike/tactical reconnaissance aircraft,damaged,https://i.postimg.cc/mDQ1Vp8m/3326.png,6,60,58,NA,NA,2,2022-10-04T21:08:09Z
Aircraft,Russia,https://upload.wikimedia.org/wikipedia/commons/thumb/a/a9/Flag_of_the_Soviet_Union.svg/23px-Flag_of_the_Soviet_Union.svg.png,Su-24M/MR strike/tactical reconnaissance aircraft,damaged,https://i.postimg.cc/mr7rGzCD/3326.png,6,60,58,NA,NA,2,2022-10-04T21:08:09Z
Aircraft,Russia,https://upload.wikimedia.org/wikipedia/commons/thumb/a/a9/Flag_of_the_Soviet_Union.svg/23px-Flag_of_the_Soviet_Union.svg.png,Su-34 strike aircraft,destroyed,https://i.postimg.cc/c1MKNhpK/a2.png,15,60,58,NA,NA,2,2022-10-04T21:08:09Z
Aircraft,Russia,https://upload.wikimedia.org/wikipedia/commons/thumb/a/a9/Flag_of_the_Soviet_Union.svg/23px-Flag_of_the_Soviet_Union.svg.png,Su-34 strike aircraft,destroyed,https://i.postimg.cc/6q0TL6rV/a1.png,15,60,58,NA,NA,2,2022-10-04T21:08:09Z
Aircraft,Russia,https://upload.wikimedia.org/wikipedia/commons/thumb/a/a9/Flag_of_the_Soviet_Union.svg/23px-Flag_of_the_Soviet_Union.svg.png,Su-34 strike aircraft,destroyed,https://i.postimg.cc/XNTgS10c/b8.jpg,15,60,58,NA,NA,2,2022-10-04T21:08:09Z
Aircraft,Russia,https://upload.wikimedia.org/wikipedia/commons/thumb/a/a9/Flag_of_the_Soviet_Union.svg/23px-Flag_of_the_Soviet_Union.svg.png,Su-34 strike aircraft,destroyed,https://i.postimg.cc/brNRFNVw/46.png,15,60,58,NA,NA,2,2022-10-04T21:08:09Z
Aircraft,Russia,https://upload.wikimedia.org/wikipedia/commons/thumb/a/a9/Flag_of_the_Soviet_Union.svg/23px-Flag_of_the_Soviet_Union.svg.png,Su-34 strike aircraft,destroyed,https://i.postimg.cc/rpZdfjt7/5gh.png,15,60,58,NA,NA,2,2022-10-04T21:08:09Z
Aircraft,Russia,https://upload.wikimedia.org/wikipedia/commons/thumb/a/a9/Flag_of_the_Soviet_Union.svg/23px-Flag_of_the_Soviet_Union.svg.png,Su-34 strike aircraft,destroyed,https://twitter.com/MotolkoHelp/status/1516815396552200200,15,60,58,NA,NA,2,2022-10-04T21:08:09Z
Aircraft,Russia,https://upload.wikimedia.org/wikipedia/commons/thumb/a/a9/Flag_of_the_Soviet_Union.svg/23px-Flag_of_the_Soviet_Union.svg.png,Su-34 strike aircraft,destroyed,https://i.postimg.cc/k5Yj5H3G/790.png,15,60,58,NA,NA,2,2022-10-04T21:08:09Z
Aircraft,Russia,https://upload.wikimedia.org/wikipedia/commons/thumb/a/a9/Flag_of_the_Soviet_Union.svg/23px-Flag_of_the_Soviet_Union.svg.png,Su-34 strike aircraft,destroyed,https://twitter.com/UAWeapons/status/1519020714937962497,15,60,58,NA,NA,2,2022-10-04T21:08:09Z
Aircraft,Russia,https://upload.wikimedia.org/wikipedia/commons/thumb/a/a9/Flag_of_the_Soviet_Union.svg/23px-Flag_of_the_Soviet_Union.svg.png,Su-34 strike aircraft,destroyed,https://twitter.com/UAWeapons/status/1518542194646388738,15,60,58,NA,NA,2,2022-10-04T21:08:09Z
Aircraft,Russia,https://upload.wikimedia.org/wikipedia/commons/thumb/a/a9/Flag_of_the_Soviet_Union.svg/23px-Flag_of_the_Soviet_Union.svg.png,Su-34 strike aircraft,destroyed,https://i.postimg.cc/qv4zqnd1/55j.png,15,60,58,NA,NA,2,2022-10-04T21:08:09Z
Aircraft,Russia,https://upload.wikimedia.org/wikipedia/commons/thumb/a/a9/Flag_of_the_Soviet_Union.svg/23px-Flag_of_the_Soviet_Union.svg.png,Su-34 strike aircraft,destroyed,https://twitter.com/UAWeapons/status/1568710616868704258,15,60,58,NA,NA,2,2022-10-04T21:08:09Z
Aircraft,Russia,https://upload.wikimedia.org/wikipedia/commons/thumb/a/a9/Flag_of_the_Soviet_Union.svg/23px-Flag_of_the_Soviet_Union.svg.png,Su-34 strike aircraft,destroyed,https://twitter.com/RALee85/status/1569279954281705473,15,60,58,NA,NA,2,2022-10-04T21:08:09Z
Aircraft,Russia,https://upload.wikimedia.org/wikipedia/commons/thumb/a/a9/Flag_of_the_Soviet_Union.svg/23px-Flag_of_the_Soviet_Union.svg.png,Su-34 strike aircraft,destroyed,https://twitter.com/UAWeapons/status/1573726469355962372,15,60,58,NA,NA,2,2022-10-04T21:08:09Z
Aircraft,Russia,https://upload.wikimedia.org/wikipedia/commons/thumb/a/a9/Flag_of_the_Soviet_Union.svg/23px-Flag_of_the_Soviet_Union.svg.png,Su-34 strike aircraft,destroyed,https://twitter.com/UAWeapons/status/1573776608695042048,15,60,58,NA,NA,2,2022-10-04T21:08:09Z
Aircraft,Russia,https://upload.wikimedia.org/wikipedia/commons/thumb/a/a9/Flag_of_the_Soviet_Union.svg/23px-Flag_of_the_Soviet_Union.svg.png,Su-34 strike aircraft,destroyed,https://twitter.com/UAWeapons/status/1576565672838303745,15,60,58,NA,NA,2,2022-10-04T21:08:09Z
Aircraft,Russia,https://upload.wikimedia.org/wikipedia/commons/thumb/a/a9/Flag_of_the_Soviet_Union.svg/23px-Flag_of_the_Soviet_Union.svg.png,Su-34M strike aircraft,destroyed,https://twitter.com/UAWeapons/status/1548937987567804417,1,60,58,NA,NA,2,2022-10-04T21:08:09Z
Aircraft,Russia,https://upload.wikimedia.org/wikipedia/en/thumb/f/f3/Flag_of_Russia.svg/23px-Flag_of_Russia.svg.png,Unknown Su-30/Su-34/Su-35,destroyed,https://i.postimg.cc/4yvbSFJ1/1008.jpg,1,60,58,NA,NA,2,2022-10-04T21:08:09Z
Aircraft,Russia,https://upload.wikimedia.org/wikipedia/commons/thumb/a/a9/Flag_of_the_Soviet_Union.svg/23px-Flag_of_the_Soviet_Union.svg.png,An-26 transport aircraft,destroyed,https://i.postimg.cc/R0ppMFNQ/448.png,1,60,58,NA,NA,2,2022-10-04T21:08:09Z
Helicopters,Russia,https://upload.wikimedia.org/wikipedia/en/thumb/f/f3/Flag_of_Russia.svg/23px-Flag_of_Russia.svg.png,Mi-8 transport helicopter,destroyed,https://i.postimg.cc/Zq8KtSRg/37.png,12,52,51,NA,1,NA,2022-10-04T21:08:09Z
Helicopters,Russia,https://upload.wikimedia.org/wikipedia/en/thumb/f/f3/Flag_of_Russia.svg/23px-Flag_of_Russia.svg.png,Mi-8 transport helicopter,destroyed,https://i.postimg.cc/YS3Jpmpz/4799.png,12,52,51,NA,1,NA,2022-10-04T21:08:09Z
Helicopters,Russia,https://upload.wikimedia.org/wikipedia/en/thumb/f/f3/Flag_of_Russia.svg/23px-Flag_of_Russia.svg.png,Mi-8 transport helicopter,destroyed,https://i.postimg.cc/cHJ7QfR3/668.png,12,52,51,NA,1,NA,2022-10-04T21:08:09Z
Helicopters,Russia,https://upload.wikimedia.org/wikipedia/en/thumb/f/f3/Flag_of_Russia.svg/23px-Flag_of_Russia.svg.png,Mi-8 transport helicopter,destroyed,https://i.postimg.cc/nrRXyX9x/367.png,12,52,51,NA,1,NA,2022-10-04T21:08:09Z
Helicopters,Russia,https://upload.wikimedia.org/wikipedia/en/thumb/f/f3/Flag_of_Russia.svg/23px-Flag_of_Russia.svg.png,Mi-8 transport helicopter,destroyed,https://i.postimg.cc/XqtmXXdR/442.png,12,52,51,NA,1,NA,2022-10-04T21:08:09Z
Helicopters,Russia,https://upload.wikimedia.org/wikipedia/en/thumb/f/f3/Flag_of_Russia.svg/23px-Flag_of_Russia.svg.png,Mi-8 transport helicopter,destroyed,https://postimg.cc/hJQ6678b,12,52,51,NA,1,NA,2022-10-04T21:08:09Z
Helicopters,Russia,https://upload.wikimedia.org/wikipedia/en/thumb/f/f3/Flag_of_Russia.svg/23px-Flag_of_Russia.svg.png,Mi-8 transport helicopter,destroyed,https://postimg.cc/hJQ6678b,12,52,51,NA,1,NA,2022-10-04T21:08:09Z
Helicopters,Russia,https://upload.wikimedia.org/wikipedia/en/thumb/f/f3/Flag_of_Russia.svg/23px-Flag_of_Russia.svg.png,Mi-8 transport helicopter,destroyed,https://i.postimg.cc/ncL87Pvg/65.png,12,52,51,NA,1,NA,2022-10-04T21:08:09Z
Helicopters,Russia,https://upload.wikimedia.org/wikipedia/en/thumb/f/f3/Flag_of_Russia.svg/23px-Flag_of_Russia.svg.png,Mi-8 transport helicopter,destroyed,https://i.postimg.cc/3J0cxpnW/549.png,12,52,51,NA,1,NA,2022-10-04T21:08:09Z
Helicopters,Russia,https://upload.wikimedia.org/wikipedia/en/thumb/f/f3/Flag_of_Russia.svg/23px-Flag_of_Russia.svg.png,Mi-8 transport helicopter,destroyed,https://twitter.com/RALee85/status/1515925894568857602,12,52,51,NA,1,NA,2022-10-04T21:08:09Z
Helicopters,Russia,https://upload.wikimedia.org/wikipedia/en/thumb/f/f3/Flag_of_Russia.svg/23px-Flag_of_Russia.svg.png,Mi-8 transport helicopter,destroyed,https://twitter.com/UAWeapons/status/1517145886194683904,12,52,51,NA,1,NA,2022-10-04T21:08:09Z
Helicopters,Russia,https://upload.wikimedia.org/wikipedia/en/thumb/f/f3/Flag_of_Russia.svg/23px-Flag_of_Russia.svg.png,Mi-8 transport helicopter,destroyed,https://i.postimg.cc/NFMqWfJp/47.png,12,52,51,NA,1,NA,2022-10-04T21:08:09Z
Helicopters,Russia,https://upload.wikimedia.org/wikipedia/commons/thumb/a/a9/Flag_of_the_Soviet_Union.svg/23px-Flag_of_the_Soviet_Union.svg.png,Mi-24P attack helicopter,destroyed,https://twitter.com/UAWeapons/status/1522207716755734528,3,52,51,NA,1,NA,2022-10-04T21:08:09Z
Helicopters,Russia,https://upload.wikimedia.org/wikipedia/commons/thumb/a/a9/Flag_of_the_Soviet_Union.svg/23px-Flag_of_the_Soviet_Union.svg.png,Mi-24P attack helicopter,destroyed,https://i.postimg.cc/dVVvB2vh/48.png,3,52,51,NA,1,NA,2022-10-04T21:08:09Z
Helicopters,Russia,https://upload.wikimedia.org/wikipedia/commons/thumb/a/a9/Flag_of_the_Soviet_Union.svg/23px-Flag_of_the_Soviet_Union.svg.png,Mi-24P attack helicopter,destroyed,https://i.postimg.cc/x82n2HvR/4f3.png,3,52,51,NA,1,NA,2022-10-04T21:08:09Z
Helicopters,Russia,https://upload.wikimedia.org/wikipedia/en/thumb/f/f3/Flag_of_Russia.svg/23px-Flag_of_Russia.svg.png,Mi-35M attack helicopter,destroyed,https://i.postimg.cc/sgyP7pxk/d3.png,5,52,51,NA,1,NA,2022-10-04T21:08:09Z
Helicopters,Russia,https://upload.wikimedia.org/wikipedia/en/thumb/f/f3/Flag_of_Russia.svg/23px-Flag_of_Russia.svg.png,Mi-35M attack helicopter,destroyed,https://i.postimg.cc/4x2WCZvL/135.png,5,52,51,NA,1,NA,2022-10-04T21:08:09Z
Helicopters,Russia,https://upload.wikimedia.org/wikipedia/en/thumb/f/f3/Flag_of_Russia.svg/23px-Flag_of_Russia.svg.png,Mi-35M attack helicopter,destroyed,https://twitter.com/UAWeapons/status/1504481490276532228,5,52,51,NA,1,NA,2022-10-04T21:08:09Z
Helicopters,Russia,https://upload.wikimedia.org/wikipedia/en/thumb/f/f3/Flag_of_Russia.svg/23px-Flag_of_Russia.svg.png,Mi-35M attack helicopter,destroyed,https://i.postimg.cc/PJJNvNF3/653.png,5,52,51,NA,1,NA,2022-10-04T21:08:09Z
Helicopters,Russia,https://upload.wikimedia.org/wikipedia/en/thumb/f/f3/Flag_of_Russia.svg/23px-Flag_of_Russia.svg.png,Mi-35M attack helicopter,destroyed,https://twitter.com/UAWeapons/status/1537469034123386881,5,52,51,NA,1,NA,2022-10-04T21:08:09Z
Helicopters,Russia,https://upload.wikimedia.org/wikipedia/en/thumb/f/f3/Flag_of_Russia.svg/23px-Flag_of_Russia.svg.png,Mi-28 attack helicopter,destroyed,https://twitter.com/oryxspioenkop/status/1502605989400489990,6,52,51,NA,1,NA,2022-10-04T21:08:09Z
Helicopters,Russia,https://upload.wikimedia.org/wikipedia/en/thumb/f/f3/Flag_of_Russia.svg/23px-Flag_of_Russia.svg.png,Mi-28 attack helicopter,destroyed,https://twitter.com/UAWeapons/status/1509867710892711939,6,52,51,NA,1,NA,2022-10-04T21:08:09Z
Helicopters,Russia,https://upload.wikimedia.org/wikipedia/en/thumb/f/f3/Flag_of_Russia.svg/23px-Flag_of_Russia.svg.png,Mi-28 attack helicopter,destroyed,https://postimg.cc/LqQ2Szf0,6,52,51,NA,1,NA,2022-10-04T21:08:09Z
Helicopters,Russia,https://upload.wikimedia.org/wikipedia/en/thumb/f/f3/Flag_of_Russia.svg/23px-Flag_of_Russia.svg.png,Mi-28 attack helicopter,destroyed,https://i.postimg.cc/7LmXCpww/29.png,6,52,51,NA,1,NA,2022-10-04T21:08:09Z
Helicopters,Russia,https://upload.wikimedia.org/wikipedia/en/thumb/f/f3/Flag_of_Russia.svg/23px-Flag_of_Russia.svg.png,Mi-28 attack helicopter,destroyed,https://i.postimg.cc/05mTSd1m/599.png,6,52,51,NA,1,NA,2022-10-04T21:08:09Z
Helicopters,Russia,https://upload.wikimedia.org/wikipedia/en/thumb/f/f3/Flag_of_Russia.svg/23px-Flag_of_Russia.svg.png,Mi-28 attack helicopter,destroyed,https://i.postimg.cc/8Crd9Dky/7633.jpg,6,52,51,NA,1,NA,2022-10-04T21:08:09Z
Helicopters,Russia,https://upload.wikimedia.org/wikipedia/en/thumb/f/f3/Flag_of_Russia.svg/23px-Flag_of_Russia.svg.png,Ka-52 'Alligator' attack helicopter,destroyed,https://i.postimg.cc/R0k4cc7Z/548.png,20,52,51,NA,1,NA,2022-10-04T21:08:09Z
Helicopters,Russia,https://upload.wikimedia.org/wikipedia/en/thumb/f/f3/Flag_of_Russia.svg/23px-Flag_of_Russia.svg.png,Ka-52 'Alligator' attack helicopter,destroyed,https://i.postimg.cc/1tPVQmb4/4fd6.png,20,52,51,NA,1,NA,2022-10-04T21:08:09Z
Helicopters,Russia,https://upload.wikimedia.org/wikipedia/en/thumb/f/f3/Flag_of_Russia.svg/23px-Flag_of_Russia.svg.png,Ka-52 'Alligator' attack helicopter,destroyed,https://i.postimg.cc/xTYxdB3c/4w.png,20,52,51,NA,1,NA,2022-10-04T21:08:09Z
Helicopters,Russia,https://upload.wikimedia.org/wikipedia/en/thumb/f/f3/Flag_of_Russia.svg/23px-Flag_of_Russia.svg.png,Ka-52 'Alligator' attack helicopter,destroyed,https://i.postimg.cc/rwVSHcbt/37.png,20,52,51,NA,1,NA,2022-10-04T21:08:09Z
Helicopters,Russia,https://upload.wikimedia.org/wikipedia/en/thumb/f/f3/Flag_of_Russia.svg/23px-Flag_of_Russia.svg.png,Ka-52 'Alligator' attack helicopter,destroyed,https://i.postimg.cc/rwVSHcbt/37.png,20,52,51,NA,1,NA,2022-10-04T21:08:09Z
Helicopters,Russia,https://upload.wikimedia.org/wikipedia/en/thumb/f/f3/Flag_of_Russia.svg/23px-Flag_of_Russia.svg.png,Ka-52 'Alligator' attack helicopter,destroyed,https://i.postimg.cc/MTn487kW/h2.png,20,52,51,NA,1,NA,2022-10-04T21:08:09Z
Helicopters,Russia,https://upload.wikimedia.org/wikipedia/en/thumb/f/f3/Flag_of_Russia.svg/23px-Flag_of_Russia.svg.png,Ka-52 'Alligator' attack helicopter,destroyed,https://twitter.com/UAWeapons/status/1511292509619568640,20,52,51,NA,1,NA,2022-10-04T21:08:09Z
Helicopters,Russia,https://upload.wikimedia.org/wikipedia/en/thumb/f/f3/Flag_of_Russia.svg/23px-Flag_of_Russia.svg.png,Ka-52 'Alligator' attack helicopter,destroyed,https://i.postimg.cc/4dzsQMTW/541.png,20,52,51,NA,1,NA,2022-10-04T21:08:09Z
Helicopters,Russia,https://upload.wikimedia.org/wikipedia/en/thumb/f/f3/Flag_of_Russia.svg/23px-Flag_of_Russia.svg.png,Ka-52 'Alligator' attack helicopter,destroyed,https://twitter.com/UAWeapons/status/1520533369230086155,20,52,51,NA,1,NA,2022-10-04T21:08:09Z
Helicopters,Russia,https://upload.wikimedia.org/wikipedia/en/thumb/f/f3/Flag_of_Russia.svg/23px-Flag_of_Russia.svg.png,Ka-52 'Alligator' attack helicopter,destroyed,https://i.postimg.cc/YCLMm1sx/2f4.png,20,52,51,NA,1,NA,2022-10-04T21:08:09Z
Helicopters,Russia,https://upload.wikimedia.org/wikipedia/en/thumb/f/f3/Flag_of_Russia.svg/23px-Flag_of_Russia.svg.png,Ka-52 'Alligator' attack helicopter,destroyed,https://twitter.com/UAWeapons/status/1533391518970662912,20,52,51,NA,1,NA,2022-10-04T21:08:09Z
Helicopters,Russia,https://upload.wikimedia.org/wikipedia/en/thumb/f/f3/Flag_of_Russia.svg/23px-Flag_of_Russia.svg.png,Ka-52 'Alligator' attack helicopter,destroyed,https://i.postimg.cc/d3mQqdqh/288.png,20,52,51,NA,1,NA,2022-10-04T21:08:09Z
Helicopters,Russia,https://upload.wikimedia.org/wikipedia/en/thumb/f/f3/Flag_of_Russia.svg/23px-Flag_of_Russia.svg.png,Ka-52 'Alligator' attack helicopter,destroyed,https://twitter.com/RALee85/status/1559186083140739074,20,52,51,NA,1,NA,2022-10-04T21:08:09Z
Helicopters,Russia,https://upload.wikimedia.org/wikipedia/en/thumb/f/f3/Flag_of_Russia.svg/23px-Flag_of_Russia.svg.png,Ka-52 'Alligator' attack helicopter,destroyed,https://i.postimg.cc/tRxDy5TM/3288.png,20,52,51,NA,1,NA,2022-10-04T21:08:09Z
Helicopters,Russia,https://upload.wikimedia.org/wikipedia/en/thumb/f/f3/Flag_of_Russia.svg/23px-Flag_of_Russia.svg.png,Ka-52 'Alligator' attack helicopter,destroyed,https://i.postimg.cc/vmtC0wn8/57.png,20,52,51,NA,1,NA,2022-10-04T21:08:09Z
Helicopters,Russia,https://upload.wikimedia.org/wikipedia/en/thumb/f/f3/Flag_of_Russia.svg/23px-Flag_of_Russia.svg.png,Ka-52 'Alligator' attack helicopter,destroyed,https://i.postimg.cc/k5N18rBH/1002-ka52.jpg,20,52,51,NA,1,NA,2022-10-04T21:08:09Z
Helicopters,Russia,https://upload.wikimedia.org/wikipedia/en/thumb/f/f3/Flag_of_Russia.svg/23px-Flag_of_Russia.svg.png,Ka-52 'Alligator' attack helicopter,destroyed,https://twitter.com/UAWeapons/status/1572975784720998404,20,52,51,NA,1,NA,2022-10-04T21:08:09Z
Helicopters,Russia,https://upload.wikimedia.org/wikipedia/en/thumb/f/f3/Flag_of_Russia.svg/23px-Flag_of_Russia.svg.png,Ka-52 'Alligator' attack helicopter,destroyed,https://twitter.com/UAWeapons/status/1541425714502705152,20,52,51,NA,1,NA,2022-10-04T21:08:09Z
Helicopters,Russia,https://upload.wikimedia.org/wikipedia/en/thumb/f/f3/Flag_of_Russia.svg/23px-Flag_of_Russia.svg.png,Ka-52 'Alligator' attack helicopter,destroyed,https://twitter.com/UAWeapons/status/1576260519333310464,20,52,51,NA,1,NA,2022-10-04T21:08:09Z
Helicopters,Russia,https://upload.wikimedia.org/wikipedia/en/thumb/f/f3/Flag_of_Russia.svg/23px-Flag_of_Russia.svg.png,Ka-52 'Alligator' attack helicopter,damaged,https://i.postimg.cc/0jWMTTRH/43d.png,20,52,51,NA,1,NA,2022-10-04T21:08:09Z
Helicopters,Russia,https://upload.wikimedia.org/wikipedia/en/thumb/f/f3/Flag_of_Russia.svg/23px-Flag_of_Russia.svg.png,Unknown helicopter,destroyed,https://i.postimg.cc/NG9B0yBC/72.png,6,52,51,NA,1,NA,2022-10-04T21:08:09Z
Helicopters,Russia,https://upload.wikimedia.org/wikipedia/en/thumb/f/f3/Flag_of_Russia.svg/23px-Flag_of_Russia.svg.png,Unknown helicopter,destroyed,https://i.postimg.cc/NG9B0yBC/72.png,6,52,51,NA,1,NA,2022-10-04T21:08:09Z
Helicopters,Russia,https://upload.wikimedia.org/wikipedia/en/thumb/f/f3/Flag_of_Russia.svg/23px-Flag_of_Russia.svg.png,Unknown helicopter,destroyed,https://i.postimg.cc/NG9B0yBC/72.png,6,52,51,NA,1,NA,2022-10-04T21:08:09Z
Helicopters,Russia,https://upload.wikimedia.org/wikipedia/en/thumb/f/f3/Flag_of_Russia.svg/23px-Flag_of_Russia.svg.png,Unknown helicopter,destroyed,https://i.postimg.cc/NG9B0yBC/72.png,6,52,51,NA,1,NA,2022-10-04T21:08:09Z
Helicopters,Russia,https://upload.wikimedia.org/wikipedia/en/thumb/f/f3/Flag_of_Russia.svg/23px-Flag_of_Russia.svg.png,Unknown helicopter,destroyed,https://i.postimg.cc/NG9B0yBC/72.png,6,52,51,NA,1,NA,2022-10-04T21:08:09Z
Unmanned Aerial Vehicles,Russia,https://upload.wikimedia.org/wikipedia/commons/thumb/d/d4/Flag_of_Israel.svg/21px-Flag_of_Israel.svg.png,Forpost reconnaissance UAV,destroyed,https://i.postimg.cc/QMfV9BST/35g.png,3,136,67,NA,69,NA,2022-10-04T21:08:09Z
Unmanned Aerial Vehicles,Russia,https://upload.wikimedia.org/wikipedia/commons/thumb/d/d4/Flag_of_Israel.svg/21px-Flag_of_Israel.svg.png,Forpost reconnaissance UAV,destroyed,https://twitter.com/UAWeapons/status/1543997005294452743,3,136,67,NA,69,NA,2022-10-04T21:08:09Z
Unmanned Aerial Vehicles,Russia,https://upload.wikimedia.org/wikipedia/commons/thumb/d/d4/Flag_of_Israel.svg/21px-Flag_of_Israel.svg.png,Forpost reconnaissance UAV,destroyed,https://i.postimg.cc/RhmxzhXp/d3.png,3,136,67,NA,69,NA,2022-10-04T21:08:09Z
Unmanned Aerial Vehicles,Russia,https://upload.wikimedia.org/wikipedia/commons/thumb/d/d4/Flag_of_Israel.svg/21px-Flag_of_Israel.svg.png,Orion UCAV,destroyed,https://i.postimg.cc/FsNjfGyG/57.png,1,136,67,NA,69,NA,2022-10-04T21:08:09Z
Unmanned Aerial Vehicles,Russia,https://upload.wikimedia.org/wikipedia/commons/thumb/c/ca/Flag_of_Iran.svg/23px-Flag_of_Iran.svg.png,Mohajer-6 UCAV,captured,https://twitter.com/UAWeapons/status/1576953933398151169,1,136,67,NA,69,NA,2022-10-04T21:08:09Z
Unmanned Aerial Vehicles,Russia,https://upload.wikimedia.org/wikipedia/commons/thumb/c/ca/Flag_of_Iran.svg/23px-Flag_of_Iran.svg.png,Orlan-10 reconnaissance UAV,destroyed,https://i.postimg.cc/CKwKbTnN/5799.png,88,136,67,NA,69,NA,2022-10-04T21:08:09Z
Unmanned Aerial Vehicles,Russia,https://upload.wikimedia.org/wikipedia/commons/thumb/c/ca/Flag_of_Iran.svg/23px-Flag_of_Iran.svg.png,Orlan-10 reconnaissance UAV,destroyed,https://i.postimg.cc/DfGxGMLk/3g.png,88,136,67,NA,69,NA,2022-10-04T21:08:09Z
Unmanned Aerial Vehicles,Russia,https://upload.wikimedia.org/wikipedia/commons/thumb/c/ca/Flag_of_Iran.svg/23px-Flag_of_Iran.svg.png,Orlan-10 reconnaissance UAV,destroyed,https://i.postimg.cc/zXHnbFzQ/5gl.png,88,136,67,NA,69,NA,2022-10-04T21:08:09Z
Unmanned Aerial Vehicles,Russia,https://upload.wikimedia.org/wikipedia/commons/thumb/c/ca/Flag_of_Iran.svg/23px-Flag_of_Iran.svg.png,Orlan-10 reconnaissance UAV,destroyed,https://i.postimg.cc/6QVsMf3H/6522.png,88,136,67,NA,69,NA,2022-10-04T21:08:09Z
Unmanned Aerial Vehicles,Russia,https://upload.wikimedia.org/wikipedia/commons/thumb/c/ca/Flag_of_Iran.svg/23px-Flag_of_Iran.svg.png,Orlan-10 reconnaissance UAV,destroyed,https://i.postimg.cc/tgR0mVxp/331.png,88,136,67,NA,69,NA,2022-10-04T21:08:09Z
Unmanned Aerial Vehicles,Russia,https://upload.wikimedia.org/wikipedia/commons/thumb/c/ca/Flag_of_Iran.svg/23px-Flag_of_Iran.svg.png,Orlan-10 reconnaissance UAV,destroyed,https://i.postimg.cc/yxB9PFbx/f5.png,88,136,67,NA,69,NA,2022-10-04T21:08:09Z
Unmanned Aerial Vehicles,Russia,https://upload.wikimedia.org/wikipedia/commons/thumb/c/ca/Flag_of_Iran.svg/23px-Flag_of_Iran.svg.png,Orlan-10 reconnaissance UAV,destroyed,https://i.postimg.cc/nVBCPx9W/76.jpg,88,136,67,NA,69,NA,2022-10-04T21:08:09Z
Unmanned Aerial Vehicles,Russia,https://upload.wikimedia.org/wikipedia/commons/thumb/c/ca/Flag_of_Iran.svg/23px-Flag_of_Iran.svg.png,Orlan-10 reconnaissance UAV,destroyed,https://i.postimg.cc/C11d0vhZ/35g.jpg,88,136,67,NA,69,NA,2022-10-04T21:08:09Z
Unmanned Aerial Vehicles,Russia,https://upload.wikimedia.org/wikipedia/commons/thumb/c/ca/Flag_of_Iran.svg/23px-Flag_of_Iran.svg.png,Orlan-10 reconnaissance UAV,destroyed,https://i.postimg.cc/9FyvR6MK/4316.png,88,136,67,NA,69,NA,2022-10-04T21:08:09Z
Unmanned Aerial Vehicles,Russia,https://upload.wikimedia.org/wikipedia/commons/thumb/c/ca/Flag_of_Iran.svg/23px-Flag_of_Iran.svg.png,Orlan-10 reconnaissance UAV,destroyed,https://i.postimg.cc/FRYR7QVY/669.png,88,136,67,NA,69,NA,2022-10-04T21:08:09Z
Unmanned Aerial Vehicles,Russia,https://upload.wikimedia.org/wikipedia/commons/thumb/c/ca/Flag_of_Iran.svg/23px-Flag_of_Iran.svg.png,Orlan-10 reconnaissance UAV,destroyed,https://i.postimg.cc/6pDBhGh6/5h.png,88,136,67,NA,69,NA,2022-10-04T21:08:09Z
Unmanned Aerial Vehicles,Russia,https://upload.wikimedia.org/wikipedia/commons/thumb/c/ca/Flag_of_Iran.svg/23px-Flag_of_Iran.svg.png,Orlan-10 reconnaissance UAV,destroyed,https://i.postimg.cc/85kvfqLf/6689.jpg,88,136,67,NA,69,NA,2022-10-04T21:08:09Z
Unmanned Aerial Vehicles,Russia,https://upload.wikimedia.org/wikipedia/commons/thumb/c/ca/Flag_of_Iran.svg/23px-Flag_of_Iran.svg.png,Orlan-10 reconnaissance UAV,destroyed,https://i.postimg.cc/KYLkzGTc/37.png,88,136,67,NA,69,NA,2022-10-04T21:08:09Z
Unmanned Aerial Vehicles,Russia,https://upload.wikimedia.org/wikipedia/commons/thumb/c/ca/Flag_of_Iran.svg/23px-Flag_of_Iran.svg.png,Orlan-10 reconnaissance UAV,destroyed,https://i.postimg.cc/J4nGRTnh/4jl.png,88,136,67,NA,69,NA,2022-10-04T21:08:09Z
Unmanned Aerial Vehicles,Russia,https://upload.wikimedia.org/wikipedia/commons/thumb/c/ca/Flag_of_Iran.svg/23px-Flag_of_Iran.svg.png,Orlan-10 reconnaissance UAV,destroyed,https://i.postimg.cc/gjVssHLf/89.png,88,136,67,NA,69,NA,2022-10-04T21:08:09Z
Unmanned Aerial Vehicles,Russia,https://upload.wikimedia.org/wikipedia/commons/thumb/c/ca/Flag_of_Iran.svg/23px-Flag_of_Iran.svg.png,Orlan-10 reconnaissance UAV,destroyed,https://i.postimg.cc/7YFSSDws/498.png,88,136,67,NA,69,NA,2022-10-04T21:08:09Z
Unmanned Aerial Vehicles,Russia,https://upload.wikimedia.org/wikipedia/commons/thumb/c/ca/Flag_of_Iran.svg/23px-Flag_of_Iran.svg.png,Orlan-10 reconnaissance UAV,destroyed,https://i.postimg.cc/9fPVvT9R/t4.png,88,136,67,NA,69,NA,2022-10-04T21:08:09Z
Unmanned Aerial Vehicles,Russia,https://upload.wikimedia.org/wikipedia/commons/thumb/c/ca/Flag_of_Iran.svg/23px-Flag_of_Iran.svg.png,Orlan-10 reconnaissance UAV,destroyed,https://i.postimg.cc/vTprjftg/542.jpg,88,136,67,NA,69,NA,2022-10-04T21:08:09Z
Unmanned Aerial Vehicles,Russia,https://upload.wikimedia.org/wikipedia/commons/thumb/c/ca/Flag_of_Iran.svg/23px-Flag_of_Iran.svg.png,Orlan-10 reconnaissance UAV,destroyed,https://i.postimg.cc/fLXP3MWp/d21.jpg,88,136,67,NA,69,NA,2022-10-04T21:08:09Z
Unmanned Aerial Vehicles,Russia,https://upload.wikimedia.org/wikipedia/commons/thumb/c/ca/Flag_of_Iran.svg/23px-Flag_of_Iran.svg.png,Orlan-10 reconnaissance UAV,destroyed,https://i.postimg.cc/F1t2dQdF/431.jpg,88,136,67,NA,69,NA,2022-10-04T21:08:09Z
Unmanned Aerial Vehicles,Russia,https://upload.wikimedia.org/wikipedia/commons/thumb/c/ca/Flag_of_Iran.svg/23px-Flag_of_Iran.svg.png,Orlan-10 reconnaissance UAV,destroyed,https://twitter.com/UAWeapons/status/1521105540885192707,88,136,67,NA,69,NA,2022-10-04T21:08:09Z
Unmanned Aerial Vehicles,Russia,https://upload.wikimedia.org/wikipedia/commons/thumb/c/ca/Flag_of_Iran.svg/23px-Flag_of_Iran.svg.png,Orlan-10 reconnaissance UAV,destroyed,https://i.postimg.cc/NMTgv9xM/387.png,88,136,67,NA,69,NA,2022-10-04T21:08:09Z
Unmanned Aerial Vehicles,Russia,https://upload.wikimedia.org/wikipedia/commons/thumb/c/ca/Flag_of_Iran.svg/23px-Flag_of_Iran.svg.png,Orlan-10 reconnaissance UAV,destroyed,https://i.postimg.cc/Xq9krxQS/7663.jpg,88,136,67,NA,69,NA,2022-10-04T21:08:09Z
Unmanned Aerial Vehicles,Russia,https://upload.wikimedia.org/wikipedia/commons/thumb/c/ca/Flag_of_Iran.svg/23px-Flag_of_Iran.svg.png,Orlan-10 reconnaissance UAV,destroyed,https://i.postimg.cc/kgg8Zp5G/47h.jpg,88,136,67,NA,69,NA,2022-10-04T21:08:09Z
Unmanned Aerial Vehicles,Russia,https://upload.wikimedia.org/wikipedia/commons/thumb/c/ca/Flag_of_Iran.svg/23px-Flag_of_Iran.svg.png,Orlan-10 reconnaissance UAV,destroyed,https://i.postimg.cc/14x9rbSm/f66.jpg,88,136,67,NA,69,NA,2022-10-04T21:08:09Z
Unmanned Aerial Vehicles,Russia,https://upload.wikimedia.org/wikipedia/commons/thumb/c/ca/Flag_of_Iran.svg/23px-Flag_of_Iran.svg.png,Orlan-10 reconnaissance UAV,destroyed,https://i.postimg.cc/ncgvFg30/g8.jpg,88,136,67,NA,69,NA,2022-10-04T21:08:09Z
Unmanned Aerial Vehicles,Russia,https://upload.wikimedia.org/wikipedia/commons/thumb/c/ca/Flag_of_Iran.svg/23px-Flag_of_Iran.svg.png,Orlan-10 reconnaissance UAV,destroyed,https://i.postimg.cc/VsCR1LSN/589.png,88,136,67,NA,69,NA,2022-10-04T21:08:09Z
Unmanned Aerial Vehicles,Russia,https://upload.wikimedia.org/wikipedia/commons/thumb/c/ca/Flag_of_Iran.svg/23px-Flag_of_Iran.svg.png,Orlan-10 reconnaissance UAV,destroyed,https://i.postimg.cc/Fs5cqXRf/f88.png,88,136,67,NA,69,NA,2022-10-04T21:08:09Z
Unmanned Aerial Vehicles,Russia,https://upload.wikimedia.org/wikipedia/commons/thumb/c/ca/Flag_of_Iran.svg/23px-Flag_of_Iran.svg.png,Orlan-10 reconnaissance UAV,destroyed,https://i.postimg.cc/zBJtTyvc/54.jpg,88,136,67,NA,69,NA,2022-10-04T21:08:09Z
Unmanned Aerial Vehicles,Russia,https://upload.wikimedia.org/wikipedia/commons/thumb/c/ca/Flag_of_Iran.svg/23px-Flag_of_Iran.svg.png,Orlan-10 reconnaissance UAV,destroyed,https://i.postimg.cc/VNxHMNty/43.jpg,88,136,67,NA,69,NA,2022-10-04T21:08:09Z
Unmanned Aerial Vehicles,Russia,https://upload.wikimedia.org/wikipedia/commons/thumb/c/ca/Flag_of_Iran.svg/23px-Flag_of_Iran.svg.png,Orlan-10 reconnaissance UAV,destroyed,https://i.postimg.cc/CLDQYPF4/48.png,88,136,67,NA,69,NA,2022-10-04T21:08:09Z
Unmanned Aerial Vehicles,Russia,https://upload.wikimedia.org/wikipedia/commons/thumb/c/ca/Flag_of_Iran.svg/23px-Flag_of_Iran.svg.png,Orlan-10 reconnaissance UAV,destroyed,https://i.postimg.cc/W3wy2LJK/o2.png,88,136,67,NA,69,NA,2022-10-04T21:08:09Z
Unmanned Aerial Vehicles,Russia,https://upload.wikimedia.org/wikipedia/commons/thumb/c/ca/Flag_of_Iran.svg/23px-Flag_of_Iran.svg.png,Orlan-10 reconnaissance UAV,destroyed,https://i.postimg.cc/sxWR9n55/22s.jpg,88,136,67,NA,69,NA,2022-10-04T21:08:09Z
Unmanned Aerial Vehicles,Russia,https://upload.wikimedia.org/wikipedia/commons/thumb/c/ca/Flag_of_Iran.svg/23px-Flag_of_Iran.svg.png,Orlan-10 reconnaissance UAV,destroyed,https://i.postimg.cc/sfkV79nR/f4.png,88,136,67,NA,69,NA,2022-10-04T21:08:09Z
Unmanned Aerial Vehicles,Russia,https://upload.wikimedia.org/wikipedia/commons/thumb/c/ca/Flag_of_Iran.svg/23px-Flag_of_Iran.svg.png,Orlan-10 reconnaissance UAV,destroyed,https://twitter.com/UAWeapons/status/1543964967573020678,88,136,67,NA,69,NA,2022-10-04T21:08:09Z
Unmanned Aerial Vehicles,Russia,https://upload.wikimedia.org/wikipedia/commons/thumb/c/ca/Flag_of_Iran.svg/23px-Flag_of_Iran.svg.png,Orlan-10 reconnaissance UAV,destroyed,https://i.postimg.cc/fbVLCq1n/1004.jpg,88,136,67,NA,69,NA,2022-10-04T21:08:09Z
Unmanned Aerial Vehicles,Russia,https://upload.wikimedia.org/wikipedia/commons/thumb/c/ca/Flag_of_Iran.svg/23px-Flag_of_Iran.svg.png,Orlan-10 reconnaissance UAV,destroyed,https://i.postimg.cc/nhhztFNQ/1002-orlan-10.jpg,88,136,67,NA,69,NA,2022-10-04T21:08:09Z
Unmanned Aerial Vehicles,Russia,https://upload.wikimedia.org/wikipedia/commons/thumb/c/ca/Flag_of_Iran.svg/23px-Flag_of_Iran.svg.png,Orlan-10 reconnaissance UAV,destroyed,https://i.postimg.cc/HxBmcRfR/475.png,88,136,67,NA,69,NA,2022-10-04T21:08:09Z
Unmanned Aerial Vehicles,Russia,https://upload.wikimedia.org/wikipedia/commons/thumb/c/ca/Flag_of_Iran.svg/23px-Flag_of_Iran.svg.png,Orlan-10 reconnaissance UAV,destroyed,https://i.postimg.cc/1tctWvbr/f431.png,88,136,67,NA,69,NA,2022-10-04T21:08:09Z
Unmanned Aerial Vehicles,Russia,https://upload.wikimedia.org/wikipedia/commons/thumb/c/ca/Flag_of_Iran.svg/23px-Flag_of_Iran.svg.png,Orlan-10 reconnaissance UAV,destroyed,https://twitter.com/UAWeapons/status/1558411984479158274,88,136,67,NA,69,NA,2022-10-04T21:08:09Z
Unmanned Aerial Vehicles,Russia,https://upload.wikimedia.org/wikipedia/commons/thumb/c/ca/Flag_of_Iran.svg/23px-Flag_of_Iran.svg.png,Orlan-10 reconnaissance UAV,destroyed,https://twitter.com/UAWeapons/status/1558411984479158274,88,136,67,NA,69,NA,2022-10-04T21:08:09Z
Unmanned Aerial Vehicles,Russia,https://upload.wikimedia.org/wikipedia/commons/thumb/c/ca/Flag_of_Iran.svg/23px-Flag_of_Iran.svg.png,Orlan-10 reconnaissance UAV,destroyed,https://twitter.com/UAWeapons/status/1560673609550417921,88,136,67,NA,69,NA,2022-10-04T21:08:09Z
Unmanned Aerial Vehicles,Russia,https://upload.wikimedia.org/wikipedia/commons/thumb/c/ca/Flag_of_Iran.svg/23px-Flag_of_Iran.svg.png,Orlan-10 reconnaissance UAV,destroyed,https://twitter.com/UAWeapons/status/1563908371639574529,88,136,67,NA,69,NA,2022-10-04T21:08:09Z
Unmanned Aerial Vehicles,Russia,https://upload.wikimedia.org/wikipedia/commons/thumb/c/ca/Flag_of_Iran.svg/23px-Flag_of_Iran.svg.png,Orlan-10 reconnaissance UAV,destroyed,https://twitter.com/UAWeapons/status/1564981255107739649,88,136,67,NA,69,NA,2022-10-04T21:08:09Z
Unmanned Aerial Vehicles,Russia,https://upload.wikimedia.org/wikipedia/commons/thumb/c/ca/Flag_of_Iran.svg/23px-Flag_of_Iran.svg.png,Orlan-10 reconnaissance UAV,destroyed,https://i.postimg.cc/gJv1Z874/1002-orlan.jpg,88,136,67,NA,69,NA,2022-10-04T21:08:09Z
Unmanned Aerial Vehicles,Russia,https://upload.wikimedia.org/wikipedia/commons/thumb/c/ca/Flag_of_Iran.svg/23px-Flag_of_Iran.svg.png,Orlan-10 reconnaissance UAV,destroyed,https://twitter.com/UAWeapons/status/1575450424496250881,88,136,67,NA,69,NA,2022-10-04T21:08:09Z
Unmanned Aerial Vehicles,Russia,https://upload.wikimedia.org/wikipedia/commons/thumb/c/ca/Flag_of_Iran.svg/23px-Flag_of_Iran.svg.png,Orlan-10 reconnaissance UAV,destroyed,https://twitter.com/UAWeapons/status/1577311724880945154,88,136,67,NA,69,NA,2022-10-04T21:08:09Z
Unmanned Aerial Vehicles,Russia,https://upload.wikimedia.org/wikipedia/commons/thumb/c/ca/Flag_of_Iran.svg/23px-Flag_of_Iran.svg.png,Orlan-10 reconnaissance UAV,captured,https://i.postimg.cc/6QqPwj1t/4f.jpg,88,136,67,NA,69,NA,2022-10-04T21:08:09Z
Unmanned Aerial Vehicles,Russia,https://upload.wikimedia.org/wikipedia/commons/thumb/c/ca/Flag_of_Iran.svg/23px-Flag_of_Iran.svg.png,Orlan-10 reconnaissance UAV,captured,https://i.postimg.cc/NF1kqKHh/1.jpg,88,136,67,NA,69,NA,2022-10-04T21:08:09Z
Unmanned Aerial Vehicles,Russia,https://upload.wikimedia.org/wikipedia/commons/thumb/c/ca/Flag_of_Iran.svg/23px-Flag_of_Iran.svg.png,Orlan-10 reconnaissance UAV,captured,https://i.postimg.cc/Zq7rm9pH/370.png,88,136,67,NA,69,NA,2022-10-04T21:08:09Z
Unmanned Aerial Vehicles,Russia,https://upload.wikimedia.org/wikipedia/commons/thumb/c/ca/Flag_of_Iran.svg/23px-Flag_of_Iran.svg.png,Orlan-10 reconnaissance UAV,captured,https://i.postimg.cc/RZF5FGVc/576.jpg,88,136,67,NA,69,NA,2022-10-04T21:08:09Z
Unmanned Aerial Vehicles,Russia,https://upload.wikimedia.org/wikipedia/commons/thumb/c/ca/Flag_of_Iran.svg/23px-Flag_of_Iran.svg.png,Orlan-10 reconnaissance UAV,captured,https://i.postimg.cc/dtPZbsKy/4f2.png,88,136,67,NA,69,NA,2022-10-04T21:08:09Z
Unmanned Aerial Vehicles,Russia,https://upload.wikimedia.org/wikipedia/commons/thumb/c/ca/Flag_of_Iran.svg/23px-Flag_of_Iran.svg.png,Orlan-10 reconnaissance UAV,captured,https://i.postimg.cc/TY4KfK2d/57.jpg,88,136,67,NA,69,NA,2022-10-04T21:08:09Z
Unmanned Aerial Vehicles,Russia,https://upload.wikimedia.org/wikipedia/commons/thumb/c/ca/Flag_of_Iran.svg/23px-Flag_of_Iran.svg.png,Orlan-10 reconnaissance UAV,captured,https://i.postimg.cc/QMpYq1Jn/65g.png,88,136,67,NA,69,NA,2022-10-04T21:08:09Z
Unmanned Aerial Vehicles,Russia,https://upload.wikimedia.org/wikipedia/commons/thumb/c/ca/Flag_of_Iran.svg/23px-Flag_of_Iran.svg.png,Orlan-10 reconnaissance UAV,captured,https://i.postimg.cc/5N6BMbSX/g2.jpg,88,136,67,NA,69,NA,2022-10-04T21:08:09Z
Unmanned Aerial Vehicles,Russia,https://upload.wikimedia.org/wikipedia/commons/thumb/c/ca/Flag_of_Iran.svg/23px-Flag_of_Iran.svg.png,Orlan-10 reconnaissance UAV,captured,https://i.postimg.cc/zX4cH9kG/378.png,88,136,67,NA,69,NA,2022-10-04T21:08:09Z
Unmanned Aerial Vehicles,Russia,https://upload.wikimedia.org/wikipedia/commons/thumb/c/ca/Flag_of_Iran.svg/23px-Flag_of_Iran.svg.png,Orlan-10 reconnaissance UAV,captured,https://i.postimg.cc/YqNCVRZ8/689.jpg,88,136,67,NA,69,NA,2022-10-04T21:08:09Z
Unmanned Aerial Vehicles,Russia,https://upload.wikimedia.org/wikipedia/commons/thumb/c/ca/Flag_of_Iran.svg/23px-Flag_of_Iran.svg.png,Orlan-10 reconnaissance UAV,captured,https://i.postimg.cc/vBGZW9Dm/769.jpg,88,136,67,NA,69,NA,2022-10-04T21:08:09Z
Unmanned Aerial Vehicles,Russia,https://upload.wikimedia.org/wikipedia/commons/thumb/c/ca/Flag_of_Iran.svg/23px-Flag_of_Iran.svg.png,Orlan-10 reconnaissance UAV,captured,https://i.postimg.cc/jdHNY3wM/5471.jpg,88,136,67,NA,69,NA,2022-10-04T21:08:09Z
Unmanned Aerial Vehicles,Russia,https://upload.wikimedia.org/wikipedia/commons/thumb/c/ca/Flag_of_Iran.svg/23px-Flag_of_Iran.svg.png,Orlan-10 reconnaissance UAV,captured,https://i.postimg.cc/sxc4pmht/684.png,88,136,67,NA,69,NA,2022-10-04T21:08:09Z
Unmanned Aerial Vehicles,Russia,https://upload.wikimedia.org/wikipedia/commons/thumb/c/ca/Flag_of_Iran.svg/23px-Flag_of_Iran.svg.png,Orlan-10 reconnaissance UAV,captured,https://i.postimg.cc/fL9zMkcJ/f4.jpg,88,136,67,NA,69,NA,2022-10-04T21:08:09Z
Unmanned Aerial Vehicles,Russia,https://upload.wikimedia.org/wikipedia/commons/thumb/c/ca/Flag_of_Iran.svg/23px-Flag_of_Iran.svg.png,Orlan-10 reconnaissance UAV,captured,https://i.postimg.cc/1X19XPBM/f5.jpg,88,136,67,NA,69,NA,2022-10-04T21:08:09Z
Unmanned Aerial Vehicles,Russia,https://upload.wikimedia.org/wikipedia/commons/thumb/c/ca/Flag_of_Iran.svg/23px-Flag_of_Iran.svg.png,Orlan-10 reconnaissance UAV,captured,https://i.postimg.cc/8zkzDNf8/o1.png,88,136,67,NA,69,NA,2022-10-04T21:08:09Z
Unmanned Aerial Vehicles,Russia,https://upload.wikimedia.org/wikipedia/commons/thumb/c/ca/Flag_of_Iran.svg/23px-Flag_of_Iran.svg.png,Orlan-10 reconnaissance UAV,captured,https://i.postimg.cc/hGqMhZgq/o3.png,88,136,67,NA,69,NA,2022-10-04T21:08:09Z
Unmanned Aerial Vehicles,Russia,https://upload.wikimedia.org/wikipedia/commons/thumb/c/ca/Flag_of_Iran.svg/23px-Flag_of_Iran.svg.png,Orlan-10 reconnaissance UAV,captured,https://i.postimg.cc/9fZz7drg/778.jpg,88,136,67,NA,69,NA,2022-10-04T21:08:09Z
Unmanned Aerial Vehicles,Russia,https://upload.wikimedia.org/wikipedia/commons/thumb/c/ca/Flag_of_Iran.svg/23px-Flag_of_Iran.svg.png,Orlan-10 reconnaissance UAV,captured,https://i.postimg.cc/wM3vnwmj/548.png,88,136,67,NA,69,NA,2022-10-04T21:08:09Z
Unmanned Aerial Vehicles,Russia,https://upload.wikimedia.org/wikipedia/commons/thumb/c/ca/Flag_of_Iran.svg/23px-Flag_of_Iran.svg.png,Orlan-10 reconnaissance UAV,captured,https://i.postimg.cc/bJ9tZDL2/j77.jpg,88,136,67,NA,69,NA,2022-10-04T21:08:09Z
Unmanned Aerial Vehicles,Russia,https://upload.wikimedia.org/wikipedia/commons/thumb/c/ca/Flag_of_Iran.svg/23px-Flag_of_Iran.svg.png,Orlan-10 reconnaissance UAV,captured,https://i.postimg.cc/nLwDTbvD/o1.jpg,88,136,67,NA,69,NA,2022-10-04T21:08:09Z
Unmanned Aerial Vehicles,Russia,https://upload.wikimedia.org/wikipedia/commons/thumb/c/ca/Flag_of_Iran.svg/23px-Flag_of_Iran.svg.png,Orlan-10 reconnaissance UAV,captured,https://i.postimg.cc/Y95mK6D2/o2.jpg,88,136,67,NA,69,NA,2022-10-04T21:08:09Z
Unmanned Aerial Vehicles,Russia,https://upload.wikimedia.org/wikipedia/commons/thumb/c/ca/Flag_of_Iran.svg/23px-Flag_of_Iran.svg.png,Orlan-10 reconnaissance UAV,captured,https://i.postimg.cc/JnpJ6DcS/4f88.png,88,136,67,NA,69,NA,2022-10-04T21:08:09Z
Unmanned Aerial Vehicles,Russia,https://upload.wikimedia.org/wikipedia/commons/thumb/c/ca/Flag_of_Iran.svg/23px-Flag_of_Iran.svg.png,Orlan-10 reconnaissance UAV,captured,https://i.postimg.cc/wx21XFCw/090.jpg,88,136,67,NA,69,NA,2022-10-04T21:08:09Z
Unmanned Aerial Vehicles,Russia,https://upload.wikimedia.org/wikipedia/commons/thumb/c/ca/Flag_of_Iran.svg/23px-Flag_of_Iran.svg.png,Orlan-10 reconnaissance UAV,captured,https://i.postimg.cc/SsmD3Q1Q/489.png,88,136,67,NA,69,NA,2022-10-04T21:08:09Z
Unmanned Aerial Vehicles,Russia,https://upload.wikimedia.org/wikipedia/commons/thumb/c/ca/Flag_of_Iran.svg/23px-Flag_of_Iran.svg.png,Orlan-10 reconnaissance UAV,captured,https://i.postimg.cc/nhnvjKN9/433.png,88,136,67,NA,69,NA,2022-10-04T21:08:09Z
Unmanned Aerial Vehicles,Russia,https://upload.wikimedia.org/wikipedia/commons/thumb/c/ca/Flag_of_Iran.svg/23px-Flag_of_Iran.svg.png,Orlan-10 reconnaissance UAV,captured,https://i.postimg.cc/CKJQDtPK/4488.png,88,136,67,NA,69,NA,2022-10-04T21:08:09Z
Unmanned Aerial Vehicles,Russia,https://upload.wikimedia.org/wikipedia/commons/thumb/c/ca/Flag_of_Iran.svg/23px-Flag_of_Iran.svg.png,Orlan-10 reconnaissance UAV,captured,https://i.postimg.cc/vH8mfDPF/178.png,88,136,67,NA,69,NA,2022-10-04T21:08:09Z
Unmanned Aerial Vehicles,Russia,https://upload.wikimedia.org/wikipedia/commons/thumb/c/ca/Flag_of_Iran.svg/23px-Flag_of_Iran.svg.png,Orlan-10 reconnaissance UAV,captured,https://i.postimg.cc/BbxhgctG/7761.jpg,88,136,67,NA,69,NA,2022-10-04T21:08:09Z
Unmanned Aerial Vehicles,Russia,https://upload.wikimedia.org/wikipedia/commons/thumb/c/ca/Flag_of_Iran.svg/23px-Flag_of_Iran.svg.png,Orlan-10 reconnaissance UAV,captured,https://twitter.com/UAWeapons/status/1557721655991885824,88,136,67,NA,69,NA,2022-10-04T21:08:09Z
Unmanned Aerial Vehicles,Russia,https://upload.wikimedia.org/wikipedia/commons/thumb/c/ca/Flag_of_Iran.svg/23px-Flag_of_Iran.svg.png,Orlan-10 reconnaissance UAV,captured,https://i.postimg.cc/xCxn758d/1100-orlan10.jpg,88,136,67,NA,69,NA,2022-10-04T21:08:09Z
Unmanned Aerial Vehicles,Russia,https://upload.wikimedia.org/wikipedia/commons/thumb/c/ca/Flag_of_Iran.svg/23px-Flag_of_Iran.svg.png,Orlan-10 reconnaissance UAV,captured,https://i.postimg.cc/X7DyWsdF/1007-orlan10.jpg,88,136,67,NA,69,NA,2022-10-04T21:08:09Z
Unmanned Aerial Vehicles,Russia,https://upload.wikimedia.org/wikipedia/commons/thumb/c/ca/Flag_of_Iran.svg/23px-Flag_of_Iran.svg.png,Orlan-10 reconnaissance UAV,captured,https://twitter.com/RALee85/status/1561460268994965505,88,136,67,NA,69,NA,2022-10-04T21:08:09Z
Unmanned Aerial Vehicles,Russia,https://upload.wikimedia.org/wikipedia/commons/thumb/c/ca/Flag_of_Iran.svg/23px-Flag_of_Iran.svg.png,Orlan-10 reconnaissance UAV,captured,https://twitter.com/RALee85/status/1561952181779156993,88,136,67,NA,69,NA,2022-10-04T21:08:09Z
Unmanned Aerial Vehicles,Russia,https://upload.wikimedia.org/wikipedia/commons/thumb/c/ca/Flag_of_Iran.svg/23px-Flag_of_Iran.svg.png,Orlan-10 reconnaissance UAV,captured,https://twitter.com/UAWeapons/status/1562762515993358336,88,136,67,NA,69,NA,2022-10-04T21:08:09Z
Unmanned Aerial Vehicles,Russia,https://upload.wikimedia.org/wikipedia/commons/thumb/c/ca/Flag_of_Iran.svg/23px-Flag_of_Iran.svg.png,Orlan-10 reconnaissance UAV,captured,https://i.postimg.cc/0QzQdnnK/1002-orlan10.jpg,88,136,67,NA,69,NA,2022-10-04T21:08:09Z
Unmanned Aerial Vehicles,Russia,https://upload.wikimedia.org/wikipedia/commons/thumb/c/ca/Flag_of_Iran.svg/23px-Flag_of_Iran.svg.png,Orlan-10 reconnaissance UAV,captured,https://twitter.com/UAWeapons/status/1566364893661511680,88,136,67,NA,69,NA,2022-10-04T21:08:09Z
Unmanned Aerial Vehicles,Russia,https://upload.wikimedia.org/wikipedia/commons/thumb/c/ca/Flag_of_Iran.svg/23px-Flag_of_Iran.svg.png,Orlan-10 reconnaissance UAV,captured,https://twitter.com/UAWeapons/status/1568935751777415168,88,136,67,NA,69,NA,2022-10-04T21:08:09Z
Unmanned Aerial Vehicles,Russia,https://upload.wikimedia.org/wikipedia/commons/thumb/c/ca/Flag_of_Iran.svg/23px-Flag_of_Iran.svg.png,Orlan-10 reconnaissance UAV,captured,https://twitter.com/UAWeapons/status/1568935751777415168,88,136,67,NA,69,NA,2022-10-04T21:08:09Z
Unmanned Aerial Vehicles,Russia,https://upload.wikimedia.org/wikipedia/commons/thumb/c/ca/Flag_of_Iran.svg/23px-Flag_of_Iran.svg.png,Orlan-10 reconnaissance UAV,captured,https://twitter.com/UAWeapons/status/1573271316521787392,88,136,67,NA,69,NA,2022-10-04T21:08:09Z
Unmanned Aerial Vehicles,Russia,https://upload.wikimedia.org/wikipedia/commons/thumb/c/ca/Flag_of_Iran.svg/23px-Flag_of_Iran.svg.png,Orlan-10 reconnaissance UAV,captured,https://twitter.com/UAWeapons/status/1575211477380001792,88,136,67,NA,69,NA,2022-10-04T21:08:09Z
Unmanned Aerial Vehicles,Russia,https://upload.wikimedia.org/wikipedia/commons/thumb/c/ca/Flag_of_Iran.svg/23px-Flag_of_Iran.svg.png,Orlan-10 jamming UAV,destroyed,https://twitter.com/UAWeapons/status/1548015648613154818,3,136,67,NA,69,NA,2022-10-04T21:08:09Z
Unmanned Aerial Vehicles,Russia,https://upload.wikimedia.org/wikipedia/commons/thumb/c/ca/Flag_of_Iran.svg/23px-Flag_of_Iran.svg.png,Orlan-10 jamming UAV,captured,https://i.postimg.cc/bJTQmCp8/6899.png,3,136,67,NA,69,NA,2022-10-04T21:08:09Z
Unmanned Aerial Vehicles,Russia,https://upload.wikimedia.org/wikipedia/commons/thumb/c/ca/Flag_of_Iran.svg/23px-Flag_of_Iran.svg.png,Orlan-10 jamming UAV,captured,https://i.postimg.cc/TYLmNYfv/546.jpg,3,136,67,NA,69,NA,2022-10-04T21:08:09Z
Unmanned Aerial Vehicles,Russia,https://upload.wikimedia.org/wikipedia/commons/thumb/c/ca/Flag_of_Iran.svg/23px-Flag_of_Iran.svg.png,'Orlan-20' ''Kartograf'' reconnaissance UAV,destroyed,https://i.postimg.cc/wjfQ6sKd/7j.jpg,8,136,67,NA,69,NA,2022-10-04T21:08:09Z
Unmanned Aerial Vehicles,Russia,https://upload.wikimedia.org/wikipedia/commons/thumb/c/ca/Flag_of_Iran.svg/23px-Flag_of_Iran.svg.png,'Orlan-20' ''Kartograf'' reconnaissance UAV,destroyed,https://i.postimg.cc/tgwcwDnq/544.png,8,136,67,NA,69,NA,2022-10-04T21:08:09Z
Unmanned Aerial Vehicles,Russia,https://upload.wikimedia.org/wikipedia/commons/thumb/c/ca/Flag_of_Iran.svg/23px-Flag_of_Iran.svg.png,'Orlan-20' ''Kartograf'' reconnaissance UAV,destroyed,https://i.postimg.cc/nrJ7kC7g/51.png,8,136,67,NA,69,NA,2022-10-04T21:08:09Z
Unmanned Aerial Vehicles,Russia,https://upload.wikimedia.org/wikipedia/commons/thumb/c/ca/Flag_of_Iran.svg/23px-Flag_of_Iran.svg.png,'Orlan-20' ''Kartograf'' reconnaissance UAV,destroyed,https://twitter.com/UAWeapons/status/1553733587639353346,8,136,67,NA,69,NA,2022-10-04T21:08:09Z
Unmanned Aerial Vehicles,Russia,https://upload.wikimedia.org/wikipedia/commons/thumb/c/ca/Flag_of_Iran.svg/23px-Flag_of_Iran.svg.png,'Orlan-20' ''Kartograf'' reconnaissance UAV,destroyed,https://twitter.com/UAWeapons/status/1561282572369403904,8,136,67,NA,69,NA,2022-10-04T21:08:09Z
Unmanned Aerial Vehicles,Russia,https://upload.wikimedia.org/wikipedia/commons/thumb/c/ca/Flag_of_Iran.svg/23px-Flag_of_Iran.svg.png,'Orlan-20' ''Kartograf'' reconnaissance UAV,destroyed,https://twitter.com/UAWeapons/status/1571824407169101824,8,136,67,NA,69,NA,2022-10-04T21:08:09Z
Unmanned Aerial Vehicles,Russia,https://upload.wikimedia.org/wikipedia/commons/thumb/c/ca/Flag_of_Iran.svg/23px-Flag_of_Iran.svg.png,'Orlan-20' ''Kartograf'' reconnaissance UAV,captured,https://i.postimg.cc/hPPz5cxF/877.jpg,8,136,67,NA,69,NA,2022-10-04T21:08:09Z
Unmanned Aerial Vehicles,Russia,https://upload.wikimedia.org/wikipedia/commons/thumb/c/ca/Flag_of_Iran.svg/23px-Flag_of_Iran.svg.png,'Orlan-20' ''Kartograf'' reconnaissance UAV,damaged,https://twitter.com/UAWeapons/status/1565678439952269312,8,136,67,NA,69,NA,2022-10-04T21:08:09Z
Unmanned Aerial Vehicles,Russia,https://upload.wikimedia.org/wikipedia/commons/thumb/c/ca/Flag_of_Iran.svg/23px-Flag_of_Iran.svg.png,Orlan-30 reconnaissance UAV,destroyed,https://i.postimg.cc/sgB11ZNw/68.png,4,136,67,NA,69,NA,2022-10-04T21:08:09Z
Unmanned Aerial Vehicles,Russia,https://upload.wikimedia.org/wikipedia/commons/thumb/c/ca/Flag_of_Iran.svg/23px-Flag_of_Iran.svg.png,Orlan-30 reconnaissance UAV,destroyed,https://i.postimg.cc/Hkdgvsp2/652.jpg,4,136,67,NA,69,NA,2022-10-04T21:08:09Z
Unmanned Aerial Vehicles,Russia,https://upload.wikimedia.org/wikipedia/commons/thumb/c/ca/Flag_of_Iran.svg/23px-Flag_of_Iran.svg.png,Orlan-30 reconnaissance UAV,captured,https://i.postimg.cc/Y9Ps2VXG/f5.png,4,136,67,NA,69,NA,2022-10-04T21:08:09Z
Unmanned Aerial Vehicles,Russia,https://upload.wikimedia.org/wikipedia/commons/thumb/c/ca/Flag_of_Iran.svg/23px-Flag_of_Iran.svg.png,Orlan-30 reconnaissance UAV,captured,https://twitter.com/UAWeapons/status/1573271316521787392,4,136,67,NA,69,NA,2022-10-04T21:08:09Z
Unmanned Aerial Vehicles,Russia,https://upload.wikimedia.org/wikipedia/commons/thumb/c/ca/Flag_of_Iran.svg/23px-Flag_of_Iran.svg.png,Eleron-3 reconnaissance UAV,destroyed,https://twitter.com/UAWeapons/status/1525923825333960705,14,136,67,NA,69,NA,2022-10-04T21:08:09Z
Unmanned Aerial Vehicles,Russia,https://upload.wikimedia.org/wikipedia/commons/thumb/c/ca/Flag_of_Iran.svg/23px-Flag_of_Iran.svg.png,Eleron-3 reconnaissance UAV,captured,https://i.postimg.cc/hGsW7Rwk/36hp.png,14,136,67,NA,69,NA,2022-10-04T21:08:09Z
Unmanned Aerial Vehicles,Russia,https://upload.wikimedia.org/wikipedia/commons/thumb/c/ca/Flag_of_Iran.svg/23px-Flag_of_Iran.svg.png,Eleron-3 reconnaissance UAV,captured,https://i.postimg.cc/ncWt99Cy/4ff.png,14,136,67,NA,69,NA,2022-10-04T21:08:09Z
Unmanned Aerial Vehicles,Russia,https://upload.wikimedia.org/wikipedia/commons/thumb/c/ca/Flag_of_Iran.svg/23px-Flag_of_Iran.svg.png,Eleron-3 reconnaissance UAV,captured,https://i.postimg.cc/yxRnwVzy/421.png,14,136,67,NA,69,NA,2022-10-04T21:08:09Z
Unmanned Aerial Vehicles,Russia,https://upload.wikimedia.org/wikipedia/commons/thumb/c/ca/Flag_of_Iran.svg/23px-Flag_of_Iran.svg.png,Eleron-3 reconnaissance UAV,captured,https://i.postimg.cc/dtTP9TgR/f50.png,14,136,67,NA,69,NA,2022-10-04T21:08:09Z
Unmanned Aerial Vehicles,Russia,https://upload.wikimedia.org/wikipedia/commons/thumb/c/ca/Flag_of_Iran.svg/23px-Flag_of_Iran.svg.png,Eleron-3 reconnaissance UAV,captured,https://i.postimg.cc/V6S9fK6Z/769.png,14,136,67,NA,69,NA,2022-10-04T21:08:09Z
Unmanned Aerial Vehicles,Russia,https://upload.wikimedia.org/wikipedia/commons/thumb/c/ca/Flag_of_Iran.svg/23px-Flag_of_Iran.svg.png,Eleron-3 reconnaissance UAV,captured,https://i.postimg.cc/G3GCT98B/479.png,14,136,67,NA,69,NA,2022-10-04T21:08:09Z
Unmanned Aerial Vehicles,Russia,https://upload.wikimedia.org/wikipedia/commons/thumb/c/ca/Flag_of_Iran.svg/23px-Flag_of_Iran.svg.png,Eleron-3 reconnaissance UAV,captured,https://i.postimg.cc/t43HgRz7/49.png,14,136,67,NA,69,NA,2022-10-04T21:08:09Z
Unmanned Aerial Vehicles,Russia,https://upload.wikimedia.org/wikipedia/commons/thumb/c/ca/Flag_of_Iran.svg/23px-Flag_of_Iran.svg.png,Eleron-3 reconnaissance UAV,captured,https://i.postimg.cc/8CbDZkFx/589.png,14,136,67,NA,69,NA,2022-10-04T21:08:09Z
Unmanned Aerial Vehicles,Russia,https://upload.wikimedia.org/wikipedia/commons/thumb/c/ca/Flag_of_Iran.svg/23px-Flag_of_Iran.svg.png,Eleron-3 reconnaissance UAV,captured,https://i.postimg.cc/brBpB1P1/434.png,14,136,67,NA,69,NA,2022-10-04T21:08:09Z
Unmanned Aerial Vehicles,Russia,https://upload.wikimedia.org/wikipedia/commons/thumb/c/ca/Flag_of_Iran.svg/23px-Flag_of_Iran.svg.png,Eleron-3 reconnaissance UAV,captured,https://i.postimg.cc/ht00FV6v/5g5.png,14,136,67,NA,69,NA,2022-10-04T21:08:09Z
Unmanned Aerial Vehicles,Russia,https://upload.wikimedia.org/wikipedia/commons/thumb/c/ca/Flag_of_Iran.svg/23px-Flag_of_Iran.svg.png,Eleron-3 reconnaissance UAV,captured,https://i.postimg.cc/3RLLMqnV/1007-Eleron-3-reconnaissance-UAV.jpg,14,136,67,NA,69,NA,2022-10-04T21:08:09Z
Unmanned Aerial Vehicles,Russia,https://upload.wikimedia.org/wikipedia/commons/thumb/c/ca/Flag_of_Iran.svg/23px-Flag_of_Iran.svg.png,Eleron-3 reconnaissance UAV,captured,https://twitter.com/UAWeapons/status/1561452400619159558,14,136,67,NA,69,NA,2022-10-04T21:08:09Z
Unmanned Aerial Vehicles,Russia,https://upload.wikimedia.org/wikipedia/commons/thumb/c/ca/Flag_of_Iran.svg/23px-Flag_of_Iran.svg.png,Eleron-3 reconnaissance UAV,captured,https://postimg.cc/QFpQ5z8d,14,136,67,NA,69,NA,2022-10-04T21:08:09Z
Unmanned Aerial Vehicles,Russia,https://upload.wikimedia.org/wikipedia/commons/thumb/c/ca/Flag_of_Iran.svg/23px-Flag_of_Iran.svg.png,Eleron T28ME reconnaissance UAV,captured,https://twitter.com/UAWeapons/status/1559628435819044864,1,136,67,NA,69,NA,2022-10-04T21:08:09Z
Unmanned Aerial Vehicles,Russia,https://upload.wikimedia.org/wikipedia/commons/thumb/c/ca/Flag_of_Iran.svg/23px-Flag_of_Iran.svg.png,Takhion reconnaissance UAV,captured,https://i.postimg.cc/L8Hsjzh6/41.png,2,136,67,NA,69,NA,2022-10-04T21:08:09Z
Unmanned Aerial Vehicles,Russia,https://upload.wikimedia.org/wikipedia/commons/thumb/c/ca/Flag_of_Iran.svg/23px-Flag_of_Iran.svg.png,Takhion reconnaissance UAV,captured,https://i.postimg.cc/26dxtGgS/554.jpg,2,136,67,NA,69,NA,2022-10-04T21:08:09Z
Unmanned Aerial Vehicles,Russia,https://upload.wikimedia.org/wikipedia/commons/thumb/c/ca/Flag_of_Iran.svg/23px-Flag_of_Iran.svg.png,ZALA 421-16Е2 reconnaissance UAV,destroyed,https://i.postimg.cc/g0PSJpwZ/g2.jpg,5,136,67,NA,69,NA,2022-10-04T21:08:09Z
Unmanned Aerial Vehicles,Russia,https://upload.wikimedia.org/wikipedia/commons/thumb/c/ca/Flag_of_Iran.svg/23px-Flag_of_Iran.svg.png,ZALA 421-16Е2 reconnaissance UAV,destroyed,https://i.postimg.cc/qqBxnjfW/480.png,5,136,67,NA,69,NA,2022-10-04T21:08:09Z
Unmanned Aerial Vehicles,Russia,https://upload.wikimedia.org/wikipedia/commons/thumb/c/ca/Flag_of_Iran.svg/23px-Flag_of_Iran.svg.png,ZALA 421-16Е2 reconnaissance UAV,captured,https://i.postimg.cc/XqR7yK79/8744.jpg,5,136,67,NA,69,NA,2022-10-04T21:08:09Z
Unmanned Aerial Vehicles,Russia,https://upload.wikimedia.org/wikipedia/commons/thumb/c/ca/Flag_of_Iran.svg/23px-Flag_of_Iran.svg.png,ZALA 421-16Е2 reconnaissance UAV,captured,https://i.postimg.cc/mZM31swq/1006.jpg,5,136,67,NA,69,NA,2022-10-04T21:08:09Z
Unmanned Aerial Vehicles,Russia,https://upload.wikimedia.org/wikipedia/commons/thumb/c/ca/Flag_of_Iran.svg/23px-Flag_of_Iran.svg.png,ZALA 421-16Е2 reconnaissance UAV,captured,https://twitter.com/UAWeapons/status/1565999784208498689,5,136,67,NA,69,NA,2022-10-04T21:08:09Z
Unmanned Aerial Vehicles,Russia,https://upload.wikimedia.org/wikipedia/commons/thumb/c/ca/Flag_of_Iran.svg/23px-Flag_of_Iran.svg.png,ZALA 421-16ЕM,captured,https://twitter.com/UAWeapons/status/1576500730478764032,1,136,67,NA,69,NA,2022-10-04T21:08:09Z
Unmanned Aerial Vehicles,Russia,https://upload.wikimedia.org/wikipedia/commons/thumb/c/ca/Flag_of_Iran.svg/23px-Flag_of_Iran.svg.png,Merlin-VR reconnaissance UAV,destroyed,https://i.postimg.cc/x1NDqL6V/433.png,1,136,67,NA,69,NA,2022-10-04T21:08:09Z
Unmanned Aerial Vehicles,Russia,https://upload.wikimedia.org/wikipedia/commons/thumb/c/ca/Flag_of_Iran.svg/23px-Flag_of_Iran.svg.png,Lastochka-M reconnaissance UAV,captured,https://i.postimg.cc/5NfHCQZp/4144.png,1,136,67,NA,69,NA,2022-10-04T21:08:09Z
Unmanned Aerial Vehicles,Russia,https://upload.wikimedia.org/wikipedia/commons/thumb/c/ca/Flag_of_Iran.svg/23px-Flag_of_Iran.svg.png,Supercam S450 reconnaissance UAV,captured,https://i.postimg.cc/9fSnXycR/46g.png,1,136,67,NA,69,NA,2022-10-04T21:08:09Z
Unmanned Aerial Vehicles,Russia,https://upload.wikimedia.org/wikipedia/en/thumb/f/f3/Flag_of_Russia.svg/23px-Flag_of_Russia.svg.png,Unknown UAV,destroyed,https://twitter.com/UAWeapons/status/1534994117691949082,2,136,67,NA,69,NA,2022-10-04T21:08:09Z
Unmanned Aerial Vehicles,Russia,https://upload.wikimedia.org/wikipedia/en/thumb/f/f3/Flag_of_Russia.svg/23px-Flag_of_Russia.svg.png,Unknown UAV,destroyed,https://twitter.com/UAWeapons/status/1539305630963482626,2,136,67,NA,69,NA,2022-10-04T21:08:09Z
Naval Ships,Russia,https://upload.wikimedia.org/wikipedia/commons/thumb/a/a9/Flag_of_the_Soviet_Union.svg/23px-Flag_of_the_Soviet_Union.svg.png,Project 1164 Slava class guided missile cruiser 'Moskva',destroyed,https://i.postimg.cc/GhPrsQVH/68.png,1,11,8,NA,NA,3,2022-10-04T21:08:09Z
Naval Ships,Russia,https://upload.wikimedia.org/wikipedia/commons/thumb/a/a9/Flag_of_the_Soviet_Union.svg/23px-Flag_of_the_Soviet_Union.svg.png,Project 03160 Raptor class patrol boat,destroyed,https://i.postimg.cc/LX8JW4dJ/46.png,5,11,8,NA,NA,3,2022-10-04T21:08:09Z
Naval Ships,Russia,https://upload.wikimedia.org/wikipedia/commons/thumb/a/a9/Flag_of_the_Soviet_Union.svg/23px-Flag_of_the_Soviet_Union.svg.png,Project 03160 Raptor class patrol boat,destroyed,https://i.postimg.cc/0yycFg18/6j.jpg,5,11,8,NA,NA,3,2022-10-04T21:08:09Z
Naval Ships,Russia,https://upload.wikimedia.org/wikipedia/commons/thumb/a/a9/Flag_of_the_Soviet_Union.svg/23px-Flag_of_the_Soviet_Union.svg.png,Project 03160 Raptor class patrol boat,destroyed,https://i.postimg.cc/qqhnJFrH/1011.jpg,5,11,8,NA,NA,3,2022-10-04T21:08:09Z
Naval Ships,Russia,https://upload.wikimedia.org/wikipedia/commons/thumb/a/a9/Flag_of_the_Soviet_Union.svg/23px-Flag_of_the_Soviet_Union.svg.png,Project 03160 Raptor class patrol boat,damaged,https://i.postimg.cc/Gh7yVRxL/4438.png,5,11,8,NA,NA,3,2022-10-04T21:08:09Z
Naval Ships,Russia,https://upload.wikimedia.org/wikipedia/commons/thumb/a/a9/Flag_of_the_Soviet_Union.svg/23px-Flag_of_the_Soviet_Union.svg.png,Project 03160 Raptor class patrol boat,damaged,https://twitter.com/UAWeapons/status/1506229325598756872,5,11,8,NA,NA,3,2022-10-04T21:08:09Z
Naval Ships,Russia,https://upload.wikimedia.org/wikipedia/commons/thumb/a/a9/Flag_of_the_Soviet_Union.svg/23px-Flag_of_the_Soviet_Union.svg.png,Project 02510 BK-16E high-speed assault boat,destroyed,https://i.postimg.cc/V6TjLx6w/7769.png,1,11,8,NA,NA,3,2022-10-04T21:08:09Z
Naval Ships,Russia,https://upload.wikimedia.org/wikipedia/commons/thumb/a/a9/Flag_of_the_Soviet_Union.svg/23px-Flag_of_the_Soviet_Union.svg.png,Project 1171 Tapir class landing ship 'Saratov (BDK-65)',destroyed,https://twitter.com/RALee85/status/1506953417935179793,1,11,8,NA,NA,3,2022-10-04T21:08:09Z
Naval Ships,Russia,https://upload.wikimedia.org/wikipedia/en/thumb/1/12/Flag_of_Poland.svg/23px-Flag_of_Poland.svg.png,Project 775 Ropucha class landing ship,damaged,https://i.postimg.cc/k4zbP5Ff/13.png,1,11,8,NA,NA,3,2022-10-04T21:08:09Z
Naval Ships,Russia,https://upload.wikimedia.org/wikipedia/en/thumb/1/12/Flag_of_Poland.svg/23px-Flag_of_Poland.svg.png,Project 11770 Serna class landing craft,destroyed,https://i.postimg.cc/cJWjtN8s/437.png,1,11,8,NA,NA,3,2022-10-04T21:08:09Z
Naval Ships,Russia,https://upload.wikimedia.org/wikipedia/en/thumb/1/12/Flag_of_Poland.svg/23px-Flag_of_Poland.svg.png,Project 22870 SB-739 Vasily Bekh rescue tug,destroyed,https://twitter.com/UAWeapons/status/1538455159914876928,1,11,8,NA,NA,3,2022-10-04T21:08:09Z
Logistics Trains,Russia,https://upload.wikimedia.org/wikipedia/en/thumb/f/f3/Flag_of_Russia.svg/23px-Flag_of_Russia.svg.png,Fuel train,destroyed,https://i.postimg.cc/tTsYnFXR/325.png,3,3,3,NA,NA,NA,2022-10-04T21:08:09Z
Logistics Trains,Russia,https://upload.wikimedia.org/wikipedia/en/thumb/f/f3/Flag_of_Russia.svg/23px-Flag_of_Russia.svg.png,Fuel train,destroyed,https://i.postimg.cc/3NC7kwDJ/mn6.png,3,3,3,NA,NA,NA,2022-10-04T21:08:09Z
Logistics Trains,Russia,https://upload.wikimedia.org/wikipedia/en/thumb/f/f3/Flag_of_Russia.svg/23px-Flag_of_Russia.svg.png,Fuel train,destroyed,https://i.postimg.cc/HW76G4bv/1007.jpg,3,3,3,NA,NA,NA,2022-10-04T21:08:09Z
Tanks,Ukraine,https://upload.wikimedia.org/wikipedia/commons/thumb/a/a9/Flag_of_the_Soviet_Union.svg/23px-Flag_of_the_Soviet_Union.svg.png,T-64A,captured,https://i.postimg.cc/kXYMFPXM/39.jpg,1,278,153,10,109,6,2022-10-04T21:08:09Z
Tanks,Ukraine,https://upload.wikimedia.org/wikipedia/commons/thumb/a/a9/Flag_of_the_Soviet_Union.svg/23px-Flag_of_the_Soviet_Union.svg.png,T-64B,destroyed,https://i.postimg.cc/pX1zHz7L/431.png,1,278,153,10,109,6,2022-10-04T21:08:09Z
Tanks,Ukraine,https://upload.wikimedia.org/wikipedia/commons/thumb/a/a9/Flag_of_the_Soviet_Union.svg/23px-Flag_of_the_Soviet_Union.svg.png,T-64BV,destroyed,https://i.postimg.cc/vZnd6LYT/f321.png,121,278,153,10,109,6,2022-10-04T21:08:09Z
Tanks,Ukraine,https://upload.wikimedia.org/wikipedia/commons/thumb/a/a9/Flag_of_the_Soviet_Union.svg/23px-Flag_of_the_Soviet_Union.svg.png,T-64BV,destroyed,https://i.postimg.cc/59wN4Ybq/689.png,121,278,153,10,109,6,2022-10-04T21:08:09Z
Tanks,Ukraine,https://upload.wikimedia.org/wikipedia/commons/thumb/a/a9/Flag_of_the_Soviet_Union.svg/23px-Flag_of_the_Soviet_Union.svg.png,T-64BV,destroyed,https://i.postimg.cc/442p3Kn8/443.png,121,278,153,10,109,6,2022-10-04T21:08:09Z
Tanks,Ukraine,https://upload.wikimedia.org/wikipedia/commons/thumb/a/a9/Flag_of_the_Soviet_Union.svg/23px-Flag_of_the_Soviet_Union.svg.png,T-64BV,destroyed,https://i.postimg.cc/xCXPxnKM/g3.png,121,278,153,10,109,6,2022-10-04T21:08:09Z
Tanks,Ukraine,https://upload.wikimedia.org/wikipedia/commons/thumb/a/a9/Flag_of_the_Soviet_Union.svg/23px-Flag_of_the_Soviet_Union.svg.png,T-64BV,destroyed,https://i.postimg.cc/jSkfDQJC/765.png,121,278,153,10,109,6,2022-10-04T21:08:09Z
Tanks,Ukraine,https://upload.wikimedia.org/wikipedia/commons/thumb/a/a9/Flag_of_the_Soviet_Union.svg/23px-Flag_of_the_Soviet_Union.svg.png,T-64BV,destroyed,https://i.postimg.cc/jSkfDQJC/765.png,121,278,153,10,109,6,2022-10-04T21:08:09Z
Tanks,Ukraine,https://upload.wikimedia.org/wikipedia/commons/thumb/a/a9/Flag_of_the_Soviet_Union.svg/23px-Flag_of_the_Soviet_Union.svg.png,T-64BV,destroyed,https://i.postimg.cc/C1XTdKjW/n8.png,121,278,153,10,109,6,2022-10-04T21:08:09Z
Tanks,Ukraine,https://upload.wikimedia.org/wikipedia/commons/thumb/a/a9/Flag_of_the_Soviet_Union.svg/23px-Flag_of_the_Soviet_Union.svg.png,T-64BV,destroyed,https://i.postimg.cc/44zyTqfZ/o9.png,121,278,153,10,109,6,2022-10-04T21:08:09Z
Tanks,Ukraine,https://upload.wikimedia.org/wikipedia/commons/thumb/a/a9/Flag_of_the_Soviet_Union.svg/23px-Flag_of_the_Soviet_Union.svg.png,T-64BV,destroyed,https://i.postimg.cc/zfdggTnG/17.png,121,278,153,10,109,6,2022-10-04T21:08:09Z
Tanks,Ukraine,https://upload.wikimedia.org/wikipedia/commons/thumb/a/a9/Flag_of_the_Soviet_Union.svg/23px-Flag_of_the_Soviet_Union.svg.png,T-64BV,destroyed,https://i.postimg.cc/rFvVhTXT/l9.png,121,278,153,10,109,6,2022-10-04T21:08:09Z
Tanks,Ukraine,https://upload.wikimedia.org/wikipedia/commons/thumb/a/a9/Flag_of_the_Soviet_Union.svg/23px-Flag_of_the_Soviet_Union.svg.png,T-64BV,destroyed,https://i.postimg.cc/QCjpjn7n/4f6.png,121,278,153,10,109,6,2022-10-04T21:08:09Z
Tanks,Ukraine,https://upload.wikimedia.org/wikipedia/commons/thumb/a/a9/Flag_of_the_Soviet_Union.svg/23px-Flag_of_the_Soviet_Union.svg.png,T-64BV,destroyed,https://i.postimg.cc/XvZLPhKf/24.png,121,278,153,10,109,6,2022-10-04T21:08:09Z
Tanks,Ukraine,https://upload.wikimedia.org/wikipedia/commons/thumb/a/a9/Flag_of_the_Soviet_Union.svg/23px-Flag_of_the_Soviet_Union.svg.png,T-64BV,destroyed,https://i.postimg.cc/8zC4rW64/321.png,121,278,153,10,109,6,2022-10-04T21:08:09Z
Tanks,Ukraine,https://upload.wikimedia.org/wikipedia/commons/thumb/a/a9/Flag_of_the_Soviet_Union.svg/23px-Flag_of_the_Soviet_Union.svg.png,T-64BV,destroyed,https://i.postimg.cc/LXjZKyB3/gy6.png,121,278,153,10,109,6,2022-10-04T21:08:09Z
Tanks,Ukraine,https://upload.wikimedia.org/wikipedia/commons/thumb/a/a9/Flag_of_the_Soviet_Union.svg/23px-Flag_of_the_Soviet_Union.svg.png,T-64BV,destroyed,https://i.postimg.cc/GpXfM7DH/12.png,121,278,153,10,109,6,2022-10-04T21:08:09Z
Tanks,Ukraine,https://upload.wikimedia.org/wikipedia/commons/thumb/a/a9/Flag_of_the_Soviet_Union.svg/23px-Flag_of_the_Soviet_Union.svg.png,T-64BV,destroyed,https://i.postimg.cc/MpP3ydft/35.png,121,278,153,10,109,6,2022-10-04T21:08:09Z
Tanks,Ukraine,https://upload.wikimedia.org/wikipedia/commons/thumb/a/a9/Flag_of_the_Soviet_Union.svg/23px-Flag_of_the_Soviet_Union.svg.png,T-64BV,destroyed,https://i.postimg.cc/15YP8yQG/467.png,121,278,153,10,109,6,2022-10-04T21:08:09Z
Tanks,Ukraine,https://upload.wikimedia.org/wikipedia/commons/thumb/a/a9/Flag_of_the_Soviet_Union.svg/23px-Flag_of_the_Soviet_Union.svg.png,T-64BV,destroyed,https://i.postimg.cc/15hWDxMQ/388.png,121,278,153,10,109,6,2022-10-04T21:08:09Z
Tanks,Ukraine,https://upload.wikimedia.org/wikipedia/commons/thumb/a/a9/Flag_of_the_Soviet_Union.svg/23px-Flag_of_the_Soviet_Union.svg.png,T-64BV,destroyed,https://i.postimg.cc/T2L13XTz/47.png,121,278,153,10,109,6,2022-10-04T21:08:09Z
Tanks,Ukraine,https://upload.wikimedia.org/wikipedia/commons/thumb/a/a9/Flag_of_the_Soviet_Union.svg/23px-Flag_of_the_Soviet_Union.svg.png,T-64BV,destroyed,https://i.postimg.cc/YqRKxCHL/4f8.png,121,278,153,10,109,6,2022-10-04T21:08:09Z
Tanks,Ukraine,https://upload.wikimedia.org/wikipedia/commons/thumb/a/a9/Flag_of_the_Soviet_Union.svg/23px-Flag_of_the_Soviet_Union.svg.png,T-64BV,destroyed,https://i.postimg.cc/Dw7LbFQz/f7.png,121,278,153,10,109,6,2022-10-04T21:08:09Z
Tanks,Ukraine,https://upload.wikimedia.org/wikipedia/commons/thumb/a/a9/Flag_of_the_Soviet_Union.svg/23px-Flag_of_the_Soviet_Union.svg.png,T-64BV,destroyed,https://i.postimg.cc/xTdfVcCD/57888.png,121,278,153,10,109,6,2022-10-04T21:08:09Z
Tanks,Ukraine,https://upload.wikimedia.org/wikipedia/commons/thumb/a/a9/Flag_of_the_Soviet_Union.svg/23px-Flag_of_the_Soviet_Union.svg.png,T-64BV,destroyed,https://i.postimg.cc/fLNrqgBC/64.jpg,121,278,153,10,109,6,2022-10-04T21:08:09Z
Tanks,Ukraine,https://upload.wikimedia.org/wikipedia/commons/thumb/a/a9/Flag_of_the_Soviet_Union.svg/23px-Flag_of_the_Soviet_Union.svg.png,T-64BV,destroyed,https://i.postimg.cc/fyK8zRsN/4448.png,121,278,153,10,109,6,2022-10-04T21:08:09Z
Tanks,Ukraine,https://upload.wikimedia.org/wikipedia/commons/thumb/a/a9/Flag_of_the_Soviet_Union.svg/23px-Flag_of_the_Soviet_Union.svg.png,T-64BV,destroyed,https://i.postimg.cc/prjPXPJ9/566.jpg,121,278,153,10,109,6,2022-10-04T21:08:09Z
Tanks,Ukraine,https://upload.wikimedia.org/wikipedia/commons/thumb/a/a9/Flag_of_the_Soviet_Union.svg/23px-Flag_of_the_Soviet_Union.svg.png,T-64BV,destroyed,https://i.postimg.cc/prjPXPJ9/566.jpg,121,278,153,10,109,6,2022-10-04T21:08:09Z
Tanks,Ukraine,https://upload.wikimedia.org/wikipedia/commons/thumb/a/a9/Flag_of_the_Soviet_Union.svg/23px-Flag_of_the_Soviet_Union.svg.png,T-64BV,destroyed,https://i.postimg.cc/QNwyyn6n/433.png,121,278,153,10,109,6,2022-10-04T21:08:09Z
Tanks,Ukraine,https://upload.wikimedia.org/wikipedia/commons/thumb/a/a9/Flag_of_the_Soviet_Union.svg/23px-Flag_of_the_Soviet_Union.svg.png,T-64BV,destroyed,https://i.postimg.cc/hvN4Jb1P/321.jpg,121,278,153,10,109,6,2022-10-04T21:08:09Z
Tanks,Ukraine,https://upload.wikimedia.org/wikipedia/commons/thumb/a/a9/Flag_of_the_Soviet_Union.svg/23px-Flag_of_the_Soviet_Union.svg.png,T-64BV,destroyed,https://i.postimg.cc/HxJTB3XX/3.png,121,278,153,10,109,6,2022-10-04T21:08:09Z
Tanks,Ukraine,https://upload.wikimedia.org/wikipedia/commons/thumb/a/a9/Flag_of_the_Soviet_Union.svg/23px-Flag_of_the_Soviet_Union.svg.png,T-64BV,destroyed,https://i.postimg.cc/Z5qPwc6K/329.png,121,278,153,10,109,6,2022-10-04T21:08:09Z
Tanks,Ukraine,https://upload.wikimedia.org/wikipedia/commons/thumb/a/a9/Flag_of_the_Soviet_Union.svg/23px-Flag_of_the_Soviet_Union.svg.png,T-64BV,destroyed,https://twitter.com/UAWeapons/status/1521098647341043715,121,278,153,10,109,6,2022-10-04T21:08:09Z
Tanks,Ukraine,https://upload.wikimedia.org/wikipedia/commons/thumb/a/a9/Flag_of_the_Soviet_Union.svg/23px-Flag_of_the_Soviet_Union.svg.png,T-64BV,destroyed,https://i.postimg.cc/8zZSVwcp/3d.png,121,278,153,10,109,6,2022-10-04T21:08:09Z
Tanks,Ukraine,https://upload.wikimedia.org/wikipedia/commons/thumb/a/a9/Flag_of_the_Soviet_Union.svg/23px-Flag_of_the_Soviet_Union.svg.png,T-64BV,destroyed,https://i.postimg.cc/6QWpB0Bh/436.jpg,121,278,153,10,109,6,2022-10-04T21:08:09Z
Tanks,Ukraine,https://upload.wikimedia.org/wikipedia/commons/thumb/a/a9/Flag_of_the_Soviet_Union.svg/23px-Flag_of_the_Soviet_Union.svg.png,T-64BV,destroyed,https://i.postimg.cc/PJJcNT5T/5.png,121,278,153,10,109,6,2022-10-04T21:08:09Z
Tanks,Ukraine,https://upload.wikimedia.org/wikipedia/commons/thumb/a/a9/Flag_of_the_Soviet_Union.svg/23px-Flag_of_the_Soviet_Union.svg.png,T-64BV,destroyed,https://i.postimg.cc/3NhkLQWD/s2.jpg,121,278,153,10,109,6,2022-10-04T21:08:09Z
Tanks,Ukraine,https://upload.wikimedia.org/wikipedia/commons/thumb/a/a9/Flag_of_the_Soviet_Union.svg/23px-Flag_of_the_Soviet_Union.svg.png,T-64BV,destroyed,https://i.postimg.cc/kGb27KBJ/t1.png,121,278,153,10,109,6,2022-10-04T21:08:09Z
Tanks,Ukraine,https://upload.wikimedia.org/wikipedia/commons/thumb/a/a9/Flag_of_the_Soviet_Union.svg/23px-Flag_of_the_Soviet_Union.svg.png,T-64BV,destroyed,https://i.postimg.cc/xjcFVR3v/t1.png,121,278,153,10,109,6,2022-10-04T21:08:09Z
Tanks,Ukraine,https://upload.wikimedia.org/wikipedia/commons/thumb/a/a9/Flag_of_the_Soviet_Union.svg/23px-Flag_of_the_Soviet_Union.svg.png,T-64BV,destroyed,https://i.postimg.cc/x8f0b3Jf/f99.png,121,278,153,10,109,6,2022-10-04T21:08:09Z
Tanks,Ukraine,https://upload.wikimedia.org/wikipedia/commons/thumb/a/a9/Flag_of_the_Soviet_Union.svg/23px-Flag_of_the_Soviet_Union.svg.png,T-64BV,destroyed,https://i.postimg.cc/QNqTRbSk/437.png,121,278,153,10,109,6,2022-10-04T21:08:09Z
Tanks,Ukraine,https://upload.wikimedia.org/wikipedia/commons/thumb/a/a9/Flag_of_the_Soviet_Union.svg/23px-Flag_of_the_Soviet_Union.svg.png,T-64BV,destroyed,https://i.postimg.cc/s2D0vSXN/6h9.png,121,278,153,10,109,6,2022-10-04T21:08:09Z
Tanks,Ukraine,https://upload.wikimedia.org/wikipedia/commons/thumb/a/a9/Flag_of_the_Soviet_Union.svg/23px-Flag_of_the_Soviet_Union.svg.png,T-64BV,destroyed,https://i.postimg.cc/sfT5q0yc/2101.jpg,121,278,153,10,109,6,2022-10-04T21:08:09Z
Tanks,Ukraine,https://upload.wikimedia.org/wikipedia/commons/thumb/a/a9/Flag_of_the_Soviet_Union.svg/23px-Flag_of_the_Soviet_Union.svg.png,T-64BV,destroyed,https://i.postimg.cc/T1pRFTnS/r1.png,121,278,153,10,109,6,2022-10-04T21:08:09Z
Tanks,Ukraine,https://upload.wikimedia.org/wikipedia/commons/thumb/a/a9/Flag_of_the_Soviet_Union.svg/23px-Flag_of_the_Soviet_Union.svg.png,T-64BV,destroyed,https://i.postimg.cc/3w0fSRSV/f433.png,121,278,153,10,109,6,2022-10-04T21:08:09Z
Tanks,Ukraine,https://upload.wikimedia.org/wikipedia/commons/thumb/a/a9/Flag_of_the_Soviet_Union.svg/23px-Flag_of_the_Soviet_Union.svg.png,T-64BV,destroyed,https://i.postimg.cc/d3f4jcRw/332.png,121,278,153,10,109,6,2022-10-04T21:08:09Z
Tanks,Ukraine,https://upload.wikimedia.org/wikipedia/commons/thumb/a/a9/Flag_of_the_Soviet_Union.svg/23px-Flag_of_the_Soviet_Union.svg.png,T-64BV,destroyed,https://i.postimg.cc/RZ5F4Cnx/33211.png,121,278,153,10,109,6,2022-10-04T21:08:09Z
Tanks,Ukraine,https://upload.wikimedia.org/wikipedia/commons/thumb/a/a9/Flag_of_the_Soviet_Union.svg/23px-Flag_of_the_Soviet_Union.svg.png,T-64BV,destroyed,https://i.postimg.cc/4N4WpZ7X/2000-T-64-46.jpg,121,278,153,10,109,6,2022-10-04T21:08:09Z
Tanks,Ukraine,https://upload.wikimedia.org/wikipedia/commons/thumb/a/a9/Flag_of_the_Soviet_Union.svg/23px-Flag_of_the_Soviet_Union.svg.png,T-64BV,destroyed,https://i.postimg.cc/XqDcPG25/43f.png,121,278,153,10,109,6,2022-10-04T21:08:09Z
Tanks,Ukraine,https://upload.wikimedia.org/wikipedia/commons/thumb/a/a9/Flag_of_the_Soviet_Union.svg/23px-Flag_of_the_Soviet_Union.svg.png,T-64BV,destroyed,https://i.postimg.cc/FKrR44Bb/fvv.png,121,278,153,10,109,6,2022-10-04T21:08:09Z
Tanks,Ukraine,https://upload.wikimedia.org/wikipedia/commons/thumb/a/a9/Flag_of_the_Soviet_Union.svg/23px-Flag_of_the_Soviet_Union.svg.png,T-64BV,destroyed,https://i.postimg.cc/Hnr1mp5N/f45.png,121,278,153,10,109,6,2022-10-04T21:08:09Z
Tanks,Ukraine,https://upload.wikimedia.org/wikipedia/commons/thumb/a/a9/Flag_of_the_Soviet_Union.svg/23px-Flag_of_the_Soviet_Union.svg.png,T-64BV,destroyed,https://i.postimg.cc/jdgTvHMR/v8.png,121,278,153,10,109,6,2022-10-04T21:08:09Z
Tanks,Ukraine,https://upload.wikimedia.org/wikipedia/commons/thumb/a/a9/Flag_of_the_Soviet_Union.svg/23px-Flag_of_the_Soviet_Union.svg.png,T-64BV,destroyed,https://i.postimg.cc/PfS1c0GG/32d.png,121,278,153,10,109,6,2022-10-04T21:08:09Z
Tanks,Ukraine,https://upload.wikimedia.org/wikipedia/commons/thumb/a/a9/Flag_of_the_Soviet_Union.svg/23px-Flag_of_the_Soviet_Union.svg.png,T-64BV,destroyed,https://i.postimg.cc/pVSp1P3g/1d4.png,121,278,153,10,109,6,2022-10-04T21:08:09Z
Tanks,Ukraine,https://upload.wikimedia.org/wikipedia/commons/thumb/a/a9/Flag_of_the_Soviet_Union.svg/23px-Flag_of_the_Soviet_Union.svg.png,T-64BV,destroyed,https://i.postimg.cc/9MSNY0Yb/7j.png,121,278,153,10,109,6,2022-10-04T21:08:09Z
Tanks,Ukraine,https://upload.wikimedia.org/wikipedia/commons/thumb/a/a9/Flag_of_the_Soviet_Union.svg/23px-Flag_of_the_Soviet_Union.svg.png,T-64BV,destroyed,https://i.postimg.cc/9MSNY0Yb/7j.png,121,278,153,10,109,6,2022-10-04T21:08:09Z
Tanks,Ukraine,https://upload.wikimedia.org/wikipedia/commons/thumb/a/a9/Flag_of_the_Soviet_Union.svg/23px-Flag_of_the_Soviet_Union.svg.png,T-64BV,destroyed,https://i.postimg.cc/9MSNY0Yb/7j.png,121,278,153,10,109,6,2022-10-04T21:08:09Z
Tanks,Ukraine,https://upload.wikimedia.org/wikipedia/commons/thumb/a/a9/Flag_of_the_Soviet_Union.svg/23px-Flag_of_the_Soviet_Union.svg.png,T-64BV,destroyed,https://i.postimg.cc/9MSNY0Yb/7j.png,121,278,153,10,109,6,2022-10-04T21:08:09Z
Tanks,Ukraine,https://upload.wikimedia.org/wikipedia/commons/thumb/a/a9/Flag_of_the_Soviet_Union.svg/23px-Flag_of_the_Soviet_Union.svg.png,T-64BV,destroyed,https://i.postimg.cc/9MSNY0Yb/7j.png,121,278,153,10,109,6,2022-10-04T21:08:09Z
Tanks,Ukraine,https://upload.wikimedia.org/wikipedia/commons/thumb/a/a9/Flag_of_the_Soviet_Union.svg/23px-Flag_of_the_Soviet_Union.svg.png,T-64BV,destroyed,https://i.postimg.cc/L8pWr96x/48.png,121,278,153,10,109,6,2022-10-04T21:08:09Z
Tanks,Ukraine,https://upload.wikimedia.org/wikipedia/commons/thumb/a/a9/Flag_of_the_Soviet_Union.svg/23px-Flag_of_the_Soviet_Union.svg.png,T-64BV,destroyed,https://i.postimg.cc/L8pWr96x/48.png,121,278,153,10,109,6,2022-10-04T21:08:09Z
Tanks,Ukraine,https://upload.wikimedia.org/wikipedia/commons/thumb/a/a9/Flag_of_the_Soviet_Union.svg/23px-Flag_of_the_Soviet_Union.svg.png,T-64BV,destroyed,https://i.postimg.cc/L8pWr96x/48.png,121,278,153,10,109,6,2022-10-04T21:08:09Z
Tanks,Ukraine,https://upload.wikimedia.org/wikipedia/commons/thumb/a/a9/Flag_of_the_Soviet_Union.svg/23px-Flag_of_the_Soviet_Union.svg.png,T-64BV,destroyed,https://i.postimg.cc/CLKqfNn2/2000-t64bv.jpg,121,278,153,10,109,6,2022-10-04T21:08:09Z
Tanks,Ukraine,https://upload.wikimedia.org/wikipedia/commons/thumb/a/a9/Flag_of_the_Soviet_Union.svg/23px-Flag_of_the_Soviet_Union.svg.png,T-64BV,destroyed,https://i.postimg.cc/bNn2tsjG/2000-t64bv.jpg,121,278,153,10,109,6,2022-10-04T21:08:09Z
Tanks,Ukraine,https://upload.wikimedia.org/wikipedia/commons/thumb/a/a9/Flag_of_the_Soviet_Union.svg/23px-Flag_of_the_Soviet_Union.svg.png,T-64BV,destroyed,https://i.postimg.cc/Vs3kp383/63.png,121,278,153,10,109,6,2022-10-04T21:08:09Z
Tanks,Ukraine,https://upload.wikimedia.org/wikipedia/commons/thumb/a/a9/Flag_of_the_Soviet_Union.svg/23px-Flag_of_the_Soviet_Union.svg.png,T-64BV,destroyed,https://i.postimg.cc/VsbYqDC4/14.png,121,278,153,10,109,6,2022-10-04T21:08:09Z
Tanks,Ukraine,https://upload.wikimedia.org/wikipedia/commons/thumb/a/a9/Flag_of_the_Soviet_Union.svg/23px-Flag_of_the_Soviet_Union.svg.png,T-64BV,destroyed,https://postimg.cc/MMHB68H0,121,278,153,10,109,6,2022-10-04T21:08:09Z
Tanks,Ukraine,https://upload.wikimedia.org/wikipedia/commons/thumb/a/a9/Flag_of_the_Soviet_Union.svg/23px-Flag_of_the_Soviet_Union.svg.png,T-64BV,destroyed,https://twitter.com/UAWeapons/status/1569426437119123458,121,278,153,10,109,6,2022-10-04T21:08:09Z
Tanks,Ukraine,https://upload.wikimedia.org/wikipedia/commons/thumb/a/a9/Flag_of_the_Soviet_Union.svg/23px-Flag_of_the_Soviet_Union.svg.png,T-64BV,destroyed,https://i.postimg.cc/FRgG4nP8/6.png,121,278,153,10,109,6,2022-10-04T21:08:09Z
Tanks,Ukraine,https://upload.wikimedia.org/wikipedia/commons/thumb/a/a9/Flag_of_the_Soviet_Union.svg/23px-Flag_of_the_Soviet_Union.svg.png,T-64BV,destroyed,https://i.postimg.cc/4yfhPvLm/1000.jpg,121,278,153,10,109,6,2022-10-04T21:08:09Z
Tanks,Ukraine,https://upload.wikimedia.org/wikipedia/commons/thumb/a/a9/Flag_of_the_Soviet_Union.svg/23px-Flag_of_the_Soviet_Union.svg.png,T-64BV,destroyed,https://i.postimg.cc/x1Wv1Fcw/2022-09-28-UA-T-64-BV.jpg,121,278,153,10,109,6,2022-10-04T21:08:09Z
Tanks,Ukraine,https://upload.wikimedia.org/wikipedia/commons/thumb/a/a9/Flag_of_the_Soviet_Union.svg/23px-Flag_of_the_Soviet_Union.svg.png,T-64BV,destroyed,https://twitter.com/UAWeapons/status/1575440756449361923,121,278,153,10,109,6,2022-10-04T21:08:09Z
Tanks,Ukraine,https://upload.wikimedia.org/wikipedia/commons/thumb/a/a9/Flag_of_the_Soviet_Union.svg/23px-Flag_of_the_Soviet_Union.svg.png,T-64BV,destroyed,https://i.postimg.cc/bNdBsBtr/2000-t64bv.jpg,121,278,153,10,109,6,2022-10-04T21:08:09Z
Tanks,Ukraine,https://upload.wikimedia.org/wikipedia/commons/thumb/a/a9/Flag_of_the_Soviet_Union.svg/23px-Flag_of_the_Soviet_Union.svg.png,T-64BV,destroyed,https://i.postimg.cc/65WY63JV/T-64-BV-Izium.png,121,278,153,10,109,6,2022-10-04T21:08:09Z
Tanks,Ukraine,https://upload.wikimedia.org/wikipedia/commons/thumb/a/a9/Flag_of_the_Soviet_Union.svg/23px-Flag_of_the_Soviet_Union.svg.png,T-64BV,destroyed,https://twitter.com/UAWeapons/status/1576654734726864896,121,278,153,10,109,6,2022-10-04T21:08:09Z
Tanks,Ukraine,https://upload.wikimedia.org/wikipedia/commons/thumb/a/a9/Flag_of_the_Soviet_Union.svg/23px-Flag_of_the_Soviet_Union.svg.png,T-64BV,damaged,https://twitter.com/UAWeapons/status/1522308548440563715,121,278,153,10,109,6,2022-10-04T21:08:09Z
Tanks,Ukraine,https://upload.wikimedia.org/wikipedia/commons/thumb/a/a9/Flag_of_the_Soviet_Union.svg/23px-Flag_of_the_Soviet_Union.svg.png,T-64BV,damaged,https://i.postimg.cc/DwwCthLG/322.jpg,121,278,153,10,109,6,2022-10-04T21:08:09Z
Tanks,Ukraine,https://upload.wikimedia.org/wikipedia/commons/thumb/a/a9/Flag_of_the_Soviet_Union.svg/23px-Flag_of_the_Soviet_Union.svg.png,T-64BV,damaged,https://twitter.com/UAWeapons/status/1537541023018139650,121,278,153,10,109,6,2022-10-04T21:08:09Z
Tanks,Ukraine,https://upload.wikimedia.org/wikipedia/commons/thumb/a/a9/Flag_of_the_Soviet_Union.svg/23px-Flag_of_the_Soviet_Union.svg.png,T-64BV,abandoned,https://i.postimg.cc/fTV39LBr/5570.png,121,278,153,10,109,6,2022-10-04T21:08:09Z
Tanks,Ukraine,https://upload.wikimedia.org/wikipedia/commons/thumb/a/a9/Flag_of_the_Soviet_Union.svg/23px-Flag_of_the_Soviet_Union.svg.png,T-64BV,abandoned,https://i.postimg.cc/k5m1QQ2y/dd3.png,121,278,153,10,109,6,2022-10-04T21:08:09Z
Tanks,Ukraine,https://upload.wikimedia.org/wikipedia/commons/thumb/a/a9/Flag_of_the_Soviet_Union.svg/23px-Flag_of_the_Soviet_Union.svg.png,T-64BV,abandoned,https://i.postimg.cc/k5m1QQ2y/dd3.png,121,278,153,10,109,6,2022-10-04T21:08:09Z
Tanks,Ukraine,https://upload.wikimedia.org/wikipedia/commons/thumb/a/a9/Flag_of_the_Soviet_Union.svg/23px-Flag_of_the_Soviet_Union.svg.png,T-64BV,abandoned,https://twitter.com/UAWeapons/status/1572668027933495297,121,278,153,10,109,6,2022-10-04T21:08:09Z
Tanks,Ukraine,https://upload.wikimedia.org/wikipedia/commons/thumb/a/a9/Flag_of_the_Soviet_Union.svg/23px-Flag_of_the_Soviet_Union.svg.png,T-64BV,damaged,https://i.postimg.cc/6QWhgDnj/j8.png,121,278,153,10,109,6,2022-10-04T21:08:09Z
Tanks,Ukraine,https://upload.wikimedia.org/wikipedia/commons/thumb/a/a9/Flag_of_the_Soviet_Union.svg/23px-Flag_of_the_Soviet_Union.svg.png,T-64BV,damaged,https://i.postimg.cc/Nff9Q7xw/90.jpg,121,278,153,10,109,6,2022-10-04T21:08:09Z
Tanks,Ukraine,https://upload.wikimedia.org/wikipedia/commons/thumb/a/a9/Flag_of_the_Soviet_Union.svg/23px-Flag_of_the_Soviet_Union.svg.png,T-64BV,damaged,https://i.postimg.cc/DZyRGvkf/688.png,121,278,153,10,109,6,2022-10-04T21:08:09Z
Tanks,Ukraine,https://upload.wikimedia.org/wikipedia/commons/thumb/a/a9/Flag_of_the_Soviet_Union.svg/23px-Flag_of_the_Soviet_Union.svg.png,T-64BV,captured,https://i.postimg.cc/nL9rTN9h/r134.png,121,278,153,10,109,6,2022-10-04T21:08:09Z
Tanks,Ukraine,https://upload.wikimedia.org/wikipedia/commons/thumb/a/a9/Flag_of_the_Soviet_Union.svg/23px-Flag_of_the_Soviet_Union.svg.png,T-64BV,captured,https://i.postimg.cc/3Rpyrz3c/r133.png,121,278,153,10,109,6,2022-10-04T21:08:09Z
Tanks,Ukraine,https://upload.wikimedia.org/wikipedia/commons/thumb/a/a9/Flag_of_the_Soviet_Union.svg/23px-Flag_of_the_Soviet_Union.svg.png,T-64BV,captured,https://i.postimg.cc/2y3ZvYBj/447.png,121,278,153,10,109,6,2022-10-04T21:08:09Z
Tanks,Ukraine,https://upload.wikimedia.org/wikipedia/commons/thumb/a/a9/Flag_of_the_Soviet_Union.svg/23px-Flag_of_the_Soviet_Union.svg.png,T-64BV,captured,https://i.postimg.cc/G2TXN9cy/5g2.png,121,278,153,10,109,6,2022-10-04T21:08:09Z
Tanks,Ukraine,https://upload.wikimedia.org/wikipedia/commons/thumb/a/a9/Flag_of_the_Soviet_Union.svg/23px-Flag_of_the_Soviet_Union.svg.png,T-64BV,captured,https://i.postimg.cc/0jpxNpJv/43177.png,121,278,153,10,109,6,2022-10-04T21:08:09Z
Tanks,Ukraine,https://upload.wikimedia.org/wikipedia/commons/thumb/a/a9/Flag_of_the_Soviet_Union.svg/23px-Flag_of_the_Soviet_Union.svg.png,T-64BV,captured,https://i.postimg.cc/3J251m83/38.png,121,278,153,10,109,6,2022-10-04T21:08:09Z
Tanks,Ukraine,https://upload.wikimedia.org/wikipedia/commons/thumb/a/a9/Flag_of_the_Soviet_Union.svg/23px-Flag_of_the_Soviet_Union.svg.png,T-64BV,captured,https://i.postimg.cc/YS1Yrpw6/63.png,121,278,153,10,109,6,2022-10-04T21:08:09Z
Tanks,Ukraine,https://upload.wikimedia.org/wikipedia/commons/thumb/a/a9/Flag_of_the_Soviet_Union.svg/23px-Flag_of_the_Soviet_Union.svg.png,T-64BV,captured,https://i.postimg.cc/zfLHhQLW/dg.png,121,278,153,10,109,6,2022-10-04T21:08:09Z
Tanks,Ukraine,https://upload.wikimedia.org/wikipedia/commons/thumb/a/a9/Flag_of_the_Soviet_Union.svg/23px-Flag_of_the_Soviet_Union.svg.png,T-64BV,captured,https://postlmg.cc/56yhT3pX,121,278,153,10,109,6,2022-10-04T21:08:09Z
Tanks,Ukraine,https://upload.wikimedia.org/wikipedia/commons/thumb/a/a9/Flag_of_the_Soviet_Union.svg/23px-Flag_of_the_Soviet_Union.svg.png,T-64BV,captured,https://i.postimg.cc/sDFKKK91/54.png,121,278,153,10,109,6,2022-10-04T21:08:09Z
Tanks,Ukraine,https://upload.wikimedia.org/wikipedia/commons/thumb/a/a9/Flag_of_the_Soviet_Union.svg/23px-Flag_of_the_Soviet_Union.svg.png,T-64BV,captured,https://i.postimg.cc/BQjyj4bG/488.png,121,278,153,10,109,6,2022-10-04T21:08:09Z
Tanks,Ukraine,https://upload.wikimedia.org/wikipedia/commons/thumb/a/a9/Flag_of_the_Soviet_Union.svg/23px-Flag_of_the_Soviet_Union.svg.png,T-64BV,captured,https://i.postimg.cc/W1WwgJHW/86.png,121,278,153,10,109,6,2022-10-04T21:08:09Z
Tanks,Ukraine,https://upload.wikimedia.org/wikipedia/commons/thumb/a/a9/Flag_of_the_Soviet_Union.svg/23px-Flag_of_the_Soviet_Union.svg.png,T-64BV,captured,https://i.postimg.cc/gjpfPnRp/5j.png,121,278,153,10,109,6,2022-10-04T21:08:09Z
Tanks,Ukraine,https://upload.wikimedia.org/wikipedia/commons/thumb/a/a9/Flag_of_the_Soviet_Union.svg/23px-Flag_of_the_Soviet_Union.svg.png,T-64BV,captured,https://i.postimg.cc/JzrNdFy7/478.png,121,278,153,10,109,6,2022-10-04T21:08:09Z
Tanks,Ukraine,https://upload.wikimedia.org/wikipedia/commons/thumb/a/a9/Flag_of_the_Soviet_Union.svg/23px-Flag_of_the_Soviet_Union.svg.png,T-64BV,captured,https://i.postimg.cc/cCFqFNny/657.png,121,278,153,10,109,6,2022-10-04T21:08:09Z
Tanks,Ukraine,https://upload.wikimedia.org/wikipedia/commons/thumb/a/a9/Flag_of_the_Soviet_Union.svg/23px-Flag_of_the_Soviet_Union.svg.png,T-64BV,captured,https://i.postimg.cc/L4yq9P6p/97.png,121,278,153,10,109,6,2022-10-04T21:08:09Z
Tanks,Ukraine,https://upload.wikimedia.org/wikipedia/commons/thumb/a/a9/Flag_of_the_Soviet_Union.svg/23px-Flag_of_the_Soviet_Union.svg.png,T-64BV,captured,https://i.postimg.cc/8Pp9dbcf/b22.jpg,121,278,153,10,109,6,2022-10-04T21:08:09Z
Tanks,Ukraine,https://upload.wikimedia.org/wikipedia/commons/thumb/a/a9/Flag_of_the_Soviet_Union.svg/23px-Flag_of_the_Soviet_Union.svg.png,T-64BV,captured,https://i.postimg.cc/QdVzwxpX/b1.jpg,121,278,153,10,109,6,2022-10-04T21:08:09Z
Tanks,Ukraine,https://upload.wikimedia.org/wikipedia/commons/thumb/a/a9/Flag_of_the_Soviet_Union.svg/23px-Flag_of_the_Soviet_Union.svg.png,T-64BV,captured,https://i.postimg.cc/6QbtWYWJ/446.png,121,278,153,10,109,6,2022-10-04T21:08:09Z
Tanks,Ukraine,https://upload.wikimedia.org/wikipedia/commons/thumb/a/a9/Flag_of_the_Soviet_Union.svg/23px-Flag_of_the_Soviet_Union.svg.png,T-64BV,captured,https://i.postimg.cc/zvptnPV0/468.png,121,278,153,10,109,6,2022-10-04T21:08:09Z
Tanks,Ukraine,https://upload.wikimedia.org/wikipedia/commons/thumb/a/a9/Flag_of_the_Soviet_Union.svg/23px-Flag_of_the_Soviet_Union.svg.png,T-64BV,captured,https://i.postimg.cc/V6mxyh0W/499.png,121,278,153,10,109,6,2022-10-04T21:08:09Z
Tanks,Ukraine,https://upload.wikimedia.org/wikipedia/commons/thumb/a/a9/Flag_of_the_Soviet_Union.svg/23px-Flag_of_the_Soviet_Union.svg.png,T-64BV,captured,https://i.postimg.cc/qqYpK8YH/d7.jpg,121,278,153,10,109,6,2022-10-04T21:08:09Z
Tanks,Ukraine,https://upload.wikimedia.org/wikipedia/commons/thumb/a/a9/Flag_of_the_Soviet_Union.svg/23px-Flag_of_the_Soviet_Union.svg.png,T-64BV,captured,https://i.postimg.cc/d1Tdz9Vt/133.png,121,278,153,10,109,6,2022-10-04T21:08:09Z
Tanks,Ukraine,https://upload.wikimedia.org/wikipedia/commons/thumb/a/a9/Flag_of_the_Soviet_Union.svg/23px-Flag_of_the_Soviet_Union.svg.png,T-64BV,captured,https://i.postimg.cc/RVmydn25/15.png,121,278,153,10,109,6,2022-10-04T21:08:09Z
Tanks,Ukraine,https://upload.wikimedia.org/wikipedia/commons/thumb/a/a9/Flag_of_the_Soviet_Union.svg/23px-Flag_of_the_Soviet_Union.svg.png,T-64BV,captured,https://i.postimg.cc/DfC3hYw7/35.png,121,278,153,10,109,6,2022-10-04T21:08:09Z
Tanks,Ukraine,https://upload.wikimedia.org/wikipedia/commons/thumb/a/a9/Flag_of_the_Soviet_Union.svg/23px-Flag_of_the_Soviet_Union.svg.png,T-64BV,captured,https://i.postimg.cc/dV7Vd1MB/69.png,121,278,153,10,109,6,2022-10-04T21:08:09Z
Tanks,Ukraine,https://upload.wikimedia.org/wikipedia/commons/thumb/a/a9/Flag_of_the_Soviet_Union.svg/23px-Flag_of_the_Soviet_Union.svg.png,T-64BV,captured,https://i.postimg.cc/5yBFw81P/44fs.png,121,278,153,10,109,6,2022-10-04T21:08:09Z
Tanks,Ukraine,https://upload.wikimedia.org/wikipedia/commons/thumb/a/a9/Flag_of_the_Soviet_Union.svg/23px-Flag_of_the_Soviet_Union.svg.png,T-64BV,captured,https://i.postimg.cc/76xvHkhf/f467.png,121,278,153,10,109,6,2022-10-04T21:08:09Z
Tanks,Ukraine,https://upload.wikimedia.org/wikipedia/commons/thumb/a/a9/Flag_of_the_Soviet_Union.svg/23px-Flag_of_the_Soviet_Union.svg.png,T-64BV,captured,https://i.postimg.cc/2yh1TrML/2000.jpg,121,278,153,10,109,6,2022-10-04T21:08:09Z
Tanks,Ukraine,https://upload.wikimedia.org/wikipedia/commons/thumb/a/a9/Flag_of_the_Soviet_Union.svg/23px-Flag_of_the_Soviet_Union.svg.png,T-64BV,captured,https://i.postimg.cc/WzKkTv85/4433.png,121,278,153,10,109,6,2022-10-04T21:08:09Z
Tanks,Ukraine,https://upload.wikimedia.org/wikipedia/commons/thumb/a/a9/Flag_of_the_Soviet_Union.svg/23px-Flag_of_the_Soviet_Union.svg.png,T-64BV,captured,https://twitter.com/UAWeapons/status/1545899307802365953,121,278,153,10,109,6,2022-10-04T21:08:09Z
Tanks,Ukraine,https://upload.wikimedia.org/wikipedia/commons/thumb/a/a9/Flag_of_the_Soviet_Union.svg/23px-Flag_of_the_Soviet_Union.svg.png,T-64BV,captured,https://twitter.com/UAWeapons/status/1545899329633898496,121,278,153,10,109,6,2022-10-04T21:08:09Z
Tanks,Ukraine,https://upload.wikimedia.org/wikipedia/commons/thumb/a/a9/Flag_of_the_Soviet_Union.svg/23px-Flag_of_the_Soviet_Union.svg.png,T-64BV,captured,https://i.postimg.cc/KYQn2WKg/89.png,121,278,153,10,109,6,2022-10-04T21:08:09Z
Tanks,Ukraine,https://upload.wikimedia.org/wikipedia/commons/thumb/a/a9/Flag_of_the_Soviet_Union.svg/23px-Flag_of_the_Soviet_Union.svg.png,T-64BV,captured,https://i.postimg.cc/J0QyNDbH/d8.png,121,278,153,10,109,6,2022-10-04T21:08:09Z
Tanks,Ukraine,https://upload.wikimedia.org/wikipedia/commons/thumb/a/a9/Flag_of_the_Soviet_Union.svg/23px-Flag_of_the_Soviet_Union.svg.png,T-64BV,captured,https://i.postimg.cc/1Xj69nby/316.png,121,278,153,10,109,6,2022-10-04T21:08:09Z
Tanks,Ukraine,https://upload.wikimedia.org/wikipedia/commons/thumb/a/a9/Flag_of_the_Soviet_Union.svg/23px-Flag_of_the_Soviet_Union.svg.png,T-64BV,captured,https://i.postimg.cc/9fjZRhmN/t2.png,121,278,153,10,109,6,2022-10-04T21:08:09Z
Tanks,Ukraine,https://upload.wikimedia.org/wikipedia/commons/thumb/a/a9/Flag_of_the_Soviet_Union.svg/23px-Flag_of_the_Soviet_Union.svg.png,T-64BV,captured,https://i.postimg.cc/6pZCp3Xv/t1.png,121,278,153,10,109,6,2022-10-04T21:08:09Z
Tanks,Ukraine,https://upload.wikimedia.org/wikipedia/commons/thumb/a/a9/Flag_of_the_Soviet_Union.svg/23px-Flag_of_the_Soviet_Union.svg.png,T-64BV,captured,https://twitter.com/RALee85/status/1558887657324875777,121,278,153,10,109,6,2022-10-04T21:08:09Z
Tanks,Ukraine,https://upload.wikimedia.org/wikipedia/commons/thumb/a/a9/Flag_of_the_Soviet_Union.svg/23px-Flag_of_the_Soviet_Union.svg.png,T-64BV,captured,https://i.postimg.cc/Bvd6csGs/2002-t64bv.jpg,121,278,153,10,109,6,2022-10-04T21:08:09Z
Tanks,Ukraine,https://upload.wikimedia.org/wikipedia/commons/thumb/a/a9/Flag_of_the_Soviet_Union.svg/23px-Flag_of_the_Soviet_Union.svg.png,T-64BV,damaged,https://i.postimg.cc/d3FsgJDL/6898.png,121,278,153,10,109,6,2022-10-04T21:08:09Z
Tanks,Ukraine,https://upload.wikimedia.org/wikipedia/commons/thumb/a/a9/Flag_of_the_Soviet_Union.svg/23px-Flag_of_the_Soviet_Union.svg.png,T-64BV,captured,https://i.postimg.cc/1Xf6NdyB/f4.png,121,278,153,10,109,6,2022-10-04T21:08:09Z
Tanks,Ukraine,https://upload.wikimedia.org/wikipedia/commons/thumb/a/a9/Flag_of_the_Soviet_Union.svg/23px-Flag_of_the_Soviet_Union.svg.png,T-64BV,captured,https://i.postimg.cc/XqS9FJwj/2001-t64bv.jpg,121,278,153,10,109,6,2022-10-04T21:08:09Z
Tanks,Ukraine,https://upload.wikimedia.org/wikipedia/commons/thumb/4/49/Flag_of_Ukraine.svg/23px-Flag_of_Ukraine.svg.png,T-64BV Zr. 2017,destroyed,https://i.postimg.cc/gjqt7JQh/445.png,47,278,153,10,109,6,2022-10-04T21:08:09Z
Tanks,Ukraine,https://upload.wikimedia.org/wikipedia/commons/thumb/4/49/Flag_of_Ukraine.svg/23px-Flag_of_Ukraine.svg.png,T-64BV Zr. 2017,destroyed,https://i.postimg.cc/Vs7vQZSZ/316.png,47,278,153,10,109,6,2022-10-04T21:08:09Z
Tanks,Ukraine,https://upload.wikimedia.org/wikipedia/commons/thumb/4/49/Flag_of_Ukraine.svg/23px-Flag_of_Ukraine.svg.png,T-64BV Zr. 2017,destroyed,https://i.postimg.cc/zfsFJ69L/4318.png,47,278,153,10,109,6,2022-10-04T21:08:09Z
Tanks,Ukraine,https://upload.wikimedia.org/wikipedia/commons/thumb/4/49/Flag_of_Ukraine.svg/23px-Flag_of_Ukraine.svg.png,T-64BV Zr. 2017,destroyed,https://i.postimg.cc/kGMZ6sDS/5800.png,47,278,153,10,109,6,2022-10-04T21:08:09Z
Tanks,Ukraine,https://upload.wikimedia.org/wikipedia/commons/thumb/4/49/Flag_of_Ukraine.svg/23px-Flag_of_Ukraine.svg.png,T-64BV Zr. 2017,destroyed,https://i.postimg.cc/pdJks2vZ/478.png,47,278,153,10,109,6,2022-10-04T21:08:09Z
Tanks,Ukraine,https://upload.wikimedia.org/wikipedia/commons/thumb/4/49/Flag_of_Ukraine.svg/23px-Flag_of_Ukraine.svg.png,T-64BV Zr. 2017,destroyed,https://i.postimg.cc/dQpxYw9C/43.jpg,47,278,153,10,109,6,2022-10-04T21:08:09Z
Tanks,Ukraine,https://upload.wikimedia.org/wikipedia/commons/thumb/4/49/Flag_of_Ukraine.svg/23px-Flag_of_Ukraine.svg.png,T-64BV Zr. 2017,destroyed,https://i.postimg.cc/vHpYPGNQ/480.png,47,278,153,10,109,6,2022-10-04T21:08:09Z
Tanks,Ukraine,https://upload.wikimedia.org/wikipedia/commons/thumb/4/49/Flag_of_Ukraine.svg/23px-Flag_of_Ukraine.svg.png,T-64BV Zr. 2017,destroyed,https://i.postimg.cc/HkwhgSWw/d1g.png,47,278,153,10,109,6,2022-10-04T21:08:09Z
Tanks,Ukraine,https://upload.wikimedia.org/wikipedia/commons/thumb/4/49/Flag_of_Ukraine.svg/23px-Flag_of_Ukraine.svg.png,T-64BV Zr. 2017,destroyed,https://i.postimg.cc/QMzCS7rk/577.png,47,278,153,10,109,6,2022-10-04T21:08:09Z
Tanks,Ukraine,https://upload.wikimedia.org/wikipedia/commons/thumb/4/49/Flag_of_Ukraine.svg/23px-Flag_of_Ukraine.svg.png,T-64BV Zr. 2017,destroyed,https://i.postimg.cc/zB5nZsVd/2100.jpg,47,278,153,10,109,6,2022-10-04T21:08:09Z
Tanks,Ukraine,https://upload.wikimedia.org/wikipedia/commons/thumb/4/49/Flag_of_Ukraine.svg/23px-Flag_of_Ukraine.svg.png,T-64BV Zr. 2017,destroyed,https://i.postimg.cc/023D2MzK/2102.jpg,47,278,153,10,109,6,2022-10-04T21:08:09Z
Tanks,Ukraine,https://upload.wikimedia.org/wikipedia/commons/thumb/4/49/Flag_of_Ukraine.svg/23px-Flag_of_Ukraine.svg.png,T-64BV Zr. 2017,destroyed,https://i.postimg.cc/XJfhfrWd/3d7.png,47,278,153,10,109,6,2022-10-04T21:08:09Z
Tanks,Ukraine,https://upload.wikimedia.org/wikipedia/commons/thumb/4/49/Flag_of_Ukraine.svg/23px-Flag_of_Ukraine.svg.png,T-64BV Zr. 2017,destroyed,https://i.postimg.cc/N0CXKHQN/m90.png,47,278,153,10,109,6,2022-10-04T21:08:09Z
Tanks,Ukraine,https://upload.wikimedia.org/wikipedia/commons/thumb/4/49/Flag_of_Ukraine.svg/23px-Flag_of_Ukraine.svg.png,T-64BV Zr. 2017,destroyed,https://i.postimg.cc/fyQrfB6H/221.png,47,278,153,10,109,6,2022-10-04T21:08:09Z
Tanks,Ukraine,https://upload.wikimedia.org/wikipedia/commons/thumb/4/49/Flag_of_Ukraine.svg/23px-Flag_of_Ukraine.svg.png,T-64BV Zr. 2017,destroyed,https://postimg.cc/gL8dFh08,47,278,153,10,109,6,2022-10-04T21:08:09Z
Tanks,Ukraine,https://upload.wikimedia.org/wikipedia/commons/thumb/4/49/Flag_of_Ukraine.svg/23px-Flag_of_Ukraine.svg.png,T-64BV Zr. 2017,destroyed,https://i.postimg.cc/htCxmY20/33288.jpg,47,278,153,10,109,6,2022-10-04T21:08:09Z
Tanks,Ukraine,https://upload.wikimedia.org/wikipedia/commons/thumb/4/49/Flag_of_Ukraine.svg/23px-Flag_of_Ukraine.svg.png,T-64BV Zr. 2017,abandoned,https://i.postimg.cc/CLn96SZZ/f7.png,47,278,153,10,109,6,2022-10-04T21:08:09Z
Tanks,Ukraine,https://upload.wikimedia.org/wikipedia/commons/thumb/4/49/Flag_of_Ukraine.svg/23px-Flag_of_Ukraine.svg.png,T-64BV Zr. 2017,abandoned,https://i.postimg.cc/qBsnPDXc/5548.png,47,278,153,10,109,6,2022-10-04T21:08:09Z
Tanks,Ukraine,https://upload.wikimedia.org/wikipedia/commons/thumb/4/49/Flag_of_Ukraine.svg/23px-Flag_of_Ukraine.svg.png,T-64BV Zr. 2017,abandoned,https://i.postimg.cc/8Pf8WQWH/557l.png,47,278,153,10,109,6,2022-10-04T21:08:09Z
Tanks,Ukraine,https://upload.wikimedia.org/wikipedia/commons/thumb/4/49/Flag_of_Ukraine.svg/23px-Flag_of_Ukraine.svg.png,T-64BV Zr. 2017,abandoned,https://i.postimg.cc/8Pf8WQWH/557l.png,47,278,153,10,109,6,2022-10-04T21:08:09Z
Tanks,Ukraine,https://upload.wikimedia.org/wikipedia/commons/thumb/4/49/Flag_of_Ukraine.svg/23px-Flag_of_Ukraine.svg.png,T-64BV Zr. 2017,captured,https://i.postimg.cc/L88FZp4R/d135.png,47,278,153,10,109,6,2022-10-04T21:08:09Z
Tanks,Ukraine,https://upload.wikimedia.org/wikipedia/commons/thumb/4/49/Flag_of_Ukraine.svg/23px-Flag_of_Ukraine.svg.png,T-64BV Zr. 2017,captured,https://i.postimg.cc/L88FZp4R/d135.png,47,278,153,10,109,6,2022-10-04T21:08:09Z
Tanks,Ukraine,https://upload.wikimedia.org/wikipedia/commons/thumb/4/49/Flag_of_Ukraine.svg/23px-Flag_of_Ukraine.svg.png,T-64BV Zr. 2017,captured,https://i.postimg.cc/L88FZp4R/d135.png,47,278,153,10,109,6,2022-10-04T21:08:09Z
Tanks,Ukraine,https://upload.wikimedia.org/wikipedia/commons/thumb/4/49/Flag_of_Ukraine.svg/23px-Flag_of_Ukraine.svg.png,T-64BV Zr. 2017,captured,https://i.postimg.cc/L88FZp4R/d135.png,47,278,153,10,109,6,2022-10-04T21:08:09Z
Tanks,Ukraine,https://upload.wikimedia.org/wikipedia/commons/thumb/4/49/Flag_of_Ukraine.svg/23px-Flag_of_Ukraine.svg.png,T-64BV Zr. 2017,captured,https://i.postimg.cc/hhF2509S/270.png,47,278,153,10,109,6,2022-10-04T21:08:09Z
Tanks,Ukraine,https://upload.wikimedia.org/wikipedia/commons/thumb/4/49/Flag_of_Ukraine.svg/23px-Flag_of_Ukraine.svg.png,T-64BV Zr. 2017,captured,https://i.postimg.cc/hhF2509S/270.png,47,278,153,10,109,6,2022-10-04T21:08:09Z
Tanks,Ukraine,https://upload.wikimedia.org/wikipedia/commons/thumb/4/49/Flag_of_Ukraine.svg/23px-Flag_of_Ukraine.svg.png,T-64BV Zr. 2017,captured,https://i.postimg.cc/dtSpqWyp/7jj.png,47,278,153,10,109,6,2022-10-04T21:08:09Z
Tanks,Ukraine,https://upload.wikimedia.org/wikipedia/commons/thumb/4/49/Flag_of_Ukraine.svg/23px-Flag_of_Ukraine.svg.png,T-64BV Zr. 2017,captured,https://i.postimg.cc/dtSpqWyp/7jj.png,47,278,153,10,109,6,2022-10-04T21:08:09Z
Tanks,Ukraine,https://upload.wikimedia.org/wikipedia/commons/thumb/4/49/Flag_of_Ukraine.svg/23px-Flag_of_Ukraine.svg.png,T-64BV Zr. 2017,captured,https://i.postimg.cc/k5dJtVjX/4f28.png,47,278,153,10,109,6,2022-10-04T21:08:09Z
Tanks,Ukraine,https://upload.wikimedia.org/wikipedia/commons/thumb/4/49/Flag_of_Ukraine.svg/23px-Flag_of_Ukraine.svg.png,T-64BV Zr. 2017,captured,https://i.postimg.cc/VN6JN05r/ff7.png,47,278,153,10,109,6,2022-10-04T21:08:09Z
Tanks,Ukraine,https://upload.wikimedia.org/wikipedia/commons/thumb/4/49/Flag_of_Ukraine.svg/23px-Flag_of_Ukraine.svg.png,T-64BV Zr. 2017,captured,https://i.postimg.cc/k5p35dF5/64.png,47,278,153,10,109,6,2022-10-04T21:08:09Z
Tanks,Ukraine,https://upload.wikimedia.org/wikipedia/commons/thumb/4/49/Flag_of_Ukraine.svg/23px-Flag_of_Ukraine.svg.png,T-64BV Zr. 2017,captured,https://i.postimg.cc/yxJgybJk/5t.png,47,278,153,10,109,6,2022-10-04T21:08:09Z
Tanks,Ukraine,https://upload.wikimedia.org/wikipedia/commons/thumb/4/49/Flag_of_Ukraine.svg/23px-Flag_of_Ukraine.svg.png,T-64BV Zr. 2017,captured,https://i.postimg.cc/vHhDkn9Q/4f.png,47,278,153,10,109,6,2022-10-04T21:08:09Z
Tanks,Ukraine,https://upload.wikimedia.org/wikipedia/commons/thumb/4/49/Flag_of_Ukraine.svg/23px-Flag_of_Ukraine.svg.png,T-64BV Zr. 2017,captured,https://i.postimg.cc/3r9hx6BG/54.jpg,47,278,153,10,109,6,2022-10-04T21:08:09Z
Tanks,Ukraine,https://upload.wikimedia.org/wikipedia/commons/thumb/4/49/Flag_of_Ukraine.svg/23px-Flag_of_Ukraine.svg.png,T-64BV Zr. 2017,captured,https://i.postimg.cc/NFdzWLQW/f8.png,47,278,153,10,109,6,2022-10-04T21:08:09Z
Tanks,Ukraine,https://upload.wikimedia.org/wikipedia/commons/thumb/4/49/Flag_of_Ukraine.svg/23px-Flag_of_Ukraine.svg.png,T-64BV Zr. 2017,captured,https://i.postimg.cc/Nf6rZd3y/4f.png,47,278,153,10,109,6,2022-10-04T21:08:09Z
Tanks,Ukraine,https://upload.wikimedia.org/wikipedia/commons/thumb/4/49/Flag_of_Ukraine.svg/23px-Flag_of_Ukraine.svg.png,T-64BV Zr. 2017,captured,https://i.postimg.cc/fy36bD8m/4f.png,47,278,153,10,109,6,2022-10-04T21:08:09Z
Tanks,Ukraine,https://upload.wikimedia.org/wikipedia/commons/thumb/4/49/Flag_of_Ukraine.svg/23px-Flag_of_Ukraine.svg.png,T-64BV Zr. 2017,captured,https://i.postimg.cc/gJP4b5sH/g7.png,47,278,153,10,109,6,2022-10-04T21:08:09Z
Tanks,Ukraine,https://upload.wikimedia.org/wikipedia/commons/thumb/4/49/Flag_of_Ukraine.svg/23px-Flag_of_Ukraine.svg.png,T-64BV Zr. 2017,captured,https://i.postimg.cc/280btFGT/d3.png,47,278,153,10,109,6,2022-10-04T21:08:09Z
Tanks,Ukraine,https://upload.wikimedia.org/wikipedia/commons/thumb/4/49/Flag_of_Ukraine.svg/23px-Flag_of_Ukraine.svg.png,T-64BV Zr. 2017,captured,https://i.postimg.cc/HnwDJT4x/3d.png,47,278,153,10,109,6,2022-10-04T21:08:09Z
Tanks,Ukraine,https://upload.wikimedia.org/wikipedia/commons/thumb/4/49/Flag_of_Ukraine.svg/23px-Flag_of_Ukraine.svg.png,T-64BV Zr. 2017,captured,https://i.postimg.cc/s2Yp08cW/96.png,47,278,153,10,109,6,2022-10-04T21:08:09Z
Tanks,Ukraine,https://upload.wikimedia.org/wikipedia/commons/thumb/4/49/Flag_of_Ukraine.svg/23px-Flag_of_Ukraine.svg.png,T-64BV Zr. 2017,captured,https://i.postimg.cc/nrZLNHw2/ca1.png,47,278,153,10,109,6,2022-10-04T21:08:09Z
Tanks,Ukraine,https://upload.wikimedia.org/wikipedia/commons/thumb/4/49/Flag_of_Ukraine.svg/23px-Flag_of_Ukraine.svg.png,T-64BV Zr. 2017,captured,https://i.postimg.cc/W3QJncFg/m91.png,47,278,153,10,109,6,2022-10-04T21:08:09Z
Tanks,Ukraine,https://upload.wikimedia.org/wikipedia/commons/thumb/4/49/Flag_of_Ukraine.svg/23px-Flag_of_Ukraine.svg.png,T-64BV Zr. 2017,captured,https://i.postimg.cc/J7ZyLgHY/d70.png,47,278,153,10,109,6,2022-10-04T21:08:09Z
Tanks,Ukraine,https://upload.wikimedia.org/wikipedia/commons/thumb/4/49/Flag_of_Ukraine.svg/23px-Flag_of_Ukraine.svg.png,T-64BV Zr. 2017,captured,https://i.postimg.cc/g0GqzfGF/da1.png,47,278,153,10,109,6,2022-10-04T21:08:09Z
Tanks,Ukraine,https://upload.wikimedia.org/wikipedia/commons/thumb/4/49/Flag_of_Ukraine.svg/23px-Flag_of_Ukraine.svg.png,T-64BV Zr. 2017,captured,https://postimg.cc/vxWbnnfX,47,278,153,10,109,6,2022-10-04T21:08:09Z
Tanks,Ukraine,https://upload.wikimedia.org/wikipedia/commons/thumb/4/49/Flag_of_Ukraine.svg/23px-Flag_of_Ukraine.svg.png,T-64BV Zr. 2017,captured,https://i.postimg.cc/qR73wNL8/31d.png,47,278,153,10,109,6,2022-10-04T21:08:09Z
Tanks,Ukraine,https://upload.wikimedia.org/wikipedia/commons/thumb/4/49/Flag_of_Ukraine.svg/23px-Flag_of_Ukraine.svg.png,T-64B1M,captured,https://i.postimg.cc/yYvXnZnp/489.png,4,278,153,10,109,6,2022-10-04T21:08:09Z
Tanks,Ukraine,https://upload.wikimedia.org/wikipedia/commons/thumb/4/49/Flag_of_Ukraine.svg/23px-Flag_of_Ukraine.svg.png,T-64B1M,captured,https://i.postimg.cc/SsBBNR2Q/2000.jpg,4,278,153,10,109,6,2022-10-04T21:08:09Z
Tanks,Ukraine,https://upload.wikimedia.org/wikipedia/commons/thumb/4/49/Flag_of_Ukraine.svg/23px-Flag_of_Ukraine.svg.png,T-64B1M,captured,https://i.postimg.cc/76RdfgGd/11d.png,4,278,153,10,109,6,2022-10-04T21:08:09Z
Tanks,Ukraine,https://upload.wikimedia.org/wikipedia/commons/thumb/4/49/Flag_of_Ukraine.svg/23px-Flag_of_Ukraine.svg.png,T-64B1M,captured,https://twitter.com/Militarylandnet/status/1549028799949508610,4,278,153,10,109,6,2022-10-04T21:08:09Z
Tanks,Ukraine,https://upload.wikimedia.org/wikipedia/commons/thumb/4/49/Flag_of_Ukraine.svg/23px-Flag_of_Ukraine.svg.png,T-64BM 'Bulat',destroyed,https://i.postimg.cc/bNx0nWSP/18.png,7,278,153,10,109,6,2022-10-04T21:08:09Z
Tanks,Ukraine,https://upload.wikimedia.org/wikipedia/commons/thumb/4/49/Flag_of_Ukraine.svg/23px-Flag_of_Ukraine.svg.png,T-64BM 'Bulat',destroyed,https://postimg.cc/Z0TNNMpN,7,278,153,10,109,6,2022-10-04T21:08:09Z
Tanks,Ukraine,https://upload.wikimedia.org/wikipedia/commons/thumb/4/49/Flag_of_Ukraine.svg/23px-Flag_of_Ukraine.svg.png,T-64BM 'Bulat',destroyed,https://i.postimg.cc/7Zj68RhN/f8.jpg,7,278,153,10,109,6,2022-10-04T21:08:09Z
Tanks,Ukraine,https://upload.wikimedia.org/wikipedia/commons/thumb/4/49/Flag_of_Ukraine.svg/23px-Flag_of_Ukraine.svg.png,T-64BM 'Bulat',destroyed,https://i.postimg.cc/CxrCX8V9/2000.jpg,7,278,153,10,109,6,2022-10-04T21:08:09Z
Tanks,Ukraine,https://upload.wikimedia.org/wikipedia/commons/thumb/4/49/Flag_of_Ukraine.svg/23px-Flag_of_Ukraine.svg.png,T-64BM 'Bulat',captured,https://i.postimg.cc/zfM54XwB/41.png,7,278,153,10,109,6,2022-10-04T21:08:09Z
Tanks,Ukraine,https://upload.wikimedia.org/wikipedia/commons/thumb/4/49/Flag_of_Ukraine.svg/23px-Flag_of_Ukraine.svg.png,T-64BM 'Bulat',captured,https://i.postimg.cc/q7x0jxG7/85.png,7,278,153,10,109,6,2022-10-04T21:08:09Z
Tanks,Ukraine,https://upload.wikimedia.org/wikipedia/commons/thumb/4/49/Flag_of_Ukraine.svg/23px-Flag_of_Ukraine.svg.png,T-64BM 'Bulat',captured,https://i.postimg.cc/tJbw1Xvk/2001.jpg,7,278,153,10,109,6,2022-10-04T21:08:09Z
Tanks,Ukraine,https://upload.wikimedia.org/wikipedia/commons/thumb/4/49/Flag_of_Ukraine.svg/23px-Flag_of_Ukraine.svg.png,T-64BM2 'Bulat',destroyed,https://i.postimg.cc/ydCY0QZq/18.png,1,278,153,10,109,6,2022-10-04T21:08:09Z
Tanks,Ukraine,https://upload.wikimedia.org/wikipedia/commons/thumb/a/a9/Flag_of_the_Soviet_Union.svg/23px-Flag_of_the_Soviet_Union.svg.png,Unknown T-64,destroyed,https://postimg.cc/dL4rP92y,1,278,153,10,109,6,2022-10-04T21:08:09Z
Tanks,Ukraine,https://upload.wikimedia.org/wikipedia/commons/thumb/a/a9/Flag_of_the_Soviet_Union.svg/23px-Flag_of_the_Soviet_Union.svg.png,T-72 'Ural',destroyed,https://i.postimg.cc/G2b9DLfn/224.jpg,3,278,153,10,109,6,2022-10-04T21:08:09Z
Tanks,Ukraine,https://upload.wikimedia.org/wikipedia/commons/thumb/a/a9/Flag_of_the_Soviet_Union.svg/23px-Flag_of_the_Soviet_Union.svg.png,T-72 'Ural',damaged,https://i.postimg.cc/28hSgCVJ/ur3.png,3,278,153,10,109,6,2022-10-04T21:08:09Z
Tanks,Ukraine,https://upload.wikimedia.org/wikipedia/commons/thumb/a/a9/Flag_of_the_Soviet_Union.svg/23px-Flag_of_the_Soviet_Union.svg.png,T-72 'Ural',captured,https://i.postimg.cc/fTr9bZyZ/d7k.png,3,278,153,10,109,6,2022-10-04T21:08:09Z
Tanks,Ukraine,https://upload.wikimedia.org/wikipedia/commons/thumb/c/cb/Flag_of_the_Czech_Republic.svg/23px-Flag_of_the_Czech_Republic.svg.png,T-72M/M1(R),destroyed,https://i.postimg.cc/C1WBWGGb/43ff.png,17,278,153,10,109,6,2022-10-04T21:08:09Z
Tanks,Ukraine,https://upload.wikimedia.org/wikipedia/commons/thumb/c/cb/Flag_of_the_Czech_Republic.svg/23px-Flag_of_the_Czech_Republic.svg.png,T-72M/M1(R),destroyed,https://i.postimg.cc/fLG1tZ6f/326.png,17,278,153,10,109,6,2022-10-04T21:08:09Z
Tanks,Ukraine,https://upload.wikimedia.org/wikipedia/commons/thumb/c/cb/Flag_of_the_Czech_Republic.svg/23px-Flag_of_the_Czech_Republic.svg.png,T-72M/M1(R),destroyed,https://i.postimg.cc/sDrMJHLM/2002-t72m1.jpg,17,278,153,10,109,6,2022-10-04T21:08:09Z
Tanks,Ukraine,https://upload.wikimedia.org/wikipedia/commons/thumb/c/cb/Flag_of_the_Czech_Republic.svg/23px-Flag_of_the_Czech_Republic.svg.png,T-72M/M1(R),destroyed,https://i.postimg.cc/pdsjGw7W/2007-t72m1.jpg,17,278,153,10,109,6,2022-10-04T21:08:09Z
Tanks,Ukraine,https://upload.wikimedia.org/wikipedia/commons/thumb/c/cb/Flag_of_the_Czech_Republic.svg/23px-Flag_of_the_Czech_Republic.svg.png,T-72M/M1(R),destroyed,https://i.postimg.cc/8P7mnpgD/2001-t72m1.jpg,17,278,153,10,109,6,2022-10-04T21:08:09Z
Tanks,Ukraine,https://upload.wikimedia.org/wikipedia/commons/thumb/c/cb/Flag_of_the_Czech_Republic.svg/23px-Flag_of_the_Czech_Republic.svg.png,T-72M/M1(R),destroyed,https://i.postimg.cc/rmpr0j8c/2003-t72m1.png,17,278,153,10,109,6,2022-10-04T21:08:09Z
Tanks,Ukraine,https://upload.wikimedia.org/wikipedia/commons/thumb/c/cb/Flag_of_the_Czech_Republic.svg/23px-Flag_of_the_Czech_Republic.svg.png,T-72M/M1(R),destroyed,https://i.postimg.cc/yNgZmHWd/2004-t72m1.jpg,17,278,153,10,109,6,2022-10-04T21:08:09Z
Tanks,Ukraine,https://upload.wikimedia.org/wikipedia/commons/thumb/c/cb/Flag_of_the_Czech_Republic.svg/23px-Flag_of_the_Czech_Republic.svg.png,T-72M/M1(R),destroyed,https://twitter.com/UAWeapons/status/1570138869227470848,17,278,153,10,109,6,2022-10-04T21:08:09Z
Tanks,Ukraine,https://upload.wikimedia.org/wikipedia/commons/thumb/c/cb/Flag_of_the_Czech_Republic.svg/23px-Flag_of_the_Czech_Republic.svg.png,T-72M/M1(R),destroyed,https://twitter.com/UAWeapons/status/1570138869227470848,17,278,153,10,109,6,2022-10-04T21:08:09Z
Tanks,Ukraine,https://upload.wikimedia.org/wikipedia/commons/thumb/c/cb/Flag_of_the_Czech_Republic.svg/23px-Flag_of_the_Czech_Republic.svg.png,T-72M/M1(R),destroyed,https://twitter.com/UAWeapons/status/1576654734726864896,17,278,153,10,109,6,2022-10-04T21:08:09Z
Tanks,Ukraine,https://upload.wikimedia.org/wikipedia/commons/thumb/c/cb/Flag_of_the_Czech_Republic.svg/23px-Flag_of_the_Czech_Republic.svg.png,T-72M/M1(R),abandoned,https://i.postimg.cc/XqMpms7D/2000-t72m1.jpg,17,278,153,10,109,6,2022-10-04T21:08:09Z
Tanks,Ukraine,https://upload.wikimedia.org/wikipedia/commons/thumb/c/cb/Flag_of_the_Czech_Republic.svg/23px-Flag_of_the_Czech_Republic.svg.png,T-72M/M1(R),abandoned,https://i.postimg.cc/TYJpNq8C/2001-t72m1.jpg,17,278,153,10,109,6,2022-10-04T21:08:09Z
Tanks,Ukraine,https://upload.wikimedia.org/wikipedia/commons/thumb/c/cb/Flag_of_the_Czech_Republic.svg/23px-Flag_of_the_Czech_Republic.svg.png,T-72M/M1(R),abandoned,https://twitter.com/UAWeapons/status/1576654743560388608,17,278,153,10,109,6,2022-10-04T21:08:09Z
Tanks,Ukraine,https://upload.wikimedia.org/wikipedia/commons/thumb/c/cb/Flag_of_the_Czech_Republic.svg/23px-Flag_of_the_Czech_Republic.svg.png,T-72M/M1(R),captured,https://i.postimg.cc/hjkddd8B/47.png,17,278,153,10,109,6,2022-10-04T21:08:09Z
Tanks,Ukraine,https://upload.wikimedia.org/wikipedia/commons/thumb/c/cb/Flag_of_the_Czech_Republic.svg/23px-Flag_of_the_Czech_Republic.svg.png,T-72M/M1(R),captured,https://twitter.com/UAWeapons/status/1549762508885565441,17,278,153,10,109,6,2022-10-04T21:08:09Z
Tanks,Ukraine,https://upload.wikimedia.org/wikipedia/commons/thumb/c/cb/Flag_of_the_Czech_Republic.svg/23px-Flag_of_the_Czech_Republic.svg.png,T-72M/M1(R),captured,https://i.postimg.cc/3J5D4qNT/4380.png,17,278,153,10,109,6,2022-10-04T21:08:09Z
Tanks,Ukraine,https://upload.wikimedia.org/wikipedia/commons/thumb/c/cb/Flag_of_the_Czech_Republic.svg/23px-Flag_of_the_Czech_Republic.svg.png,T-72M/M1(R),captured,https://twitter.com/UAWeapons/status/1572151857451274241,17,278,153,10,109,6,2022-10-04T21:08:09Z
Tanks,Ukraine,https://upload.wikimedia.org/wikipedia/commons/thumb/a/a9/Flag_of_the_Soviet_Union.svg/23px-Flag_of_the_Soviet_Union.svg.png,T-72AV,destroyed,https://i.postimg.cc/GhcK4SxB/4370.png,7,278,153,10,109,6,2022-10-04T21:08:09Z
Tanks,Ukraine,https://upload.wikimedia.org/wikipedia/commons/thumb/a/a9/Flag_of_the_Soviet_Union.svg/23px-Flag_of_the_Soviet_Union.svg.png,T-72AV,destroyed,https://i.postimg.cc/05VtgVcv/437.png,7,278,153,10,109,6,2022-10-04T21:08:09Z
Tanks,Ukraine,https://upload.wikimedia.org/wikipedia/commons/thumb/a/a9/Flag_of_the_Soviet_Union.svg/23px-Flag_of_the_Soviet_Union.svg.png,T-72AV,destroyed,https://i.postimg.cc/d3XDd2Ct/33d.png,7,278,153,10,109,6,2022-10-04T21:08:09Z
Tanks,Ukraine,https://upload.wikimedia.org/wikipedia/commons/thumb/a/a9/Flag_of_the_Soviet_Union.svg/23px-Flag_of_the_Soviet_Union.svg.png,T-72AV,destroyed,https://i.postimg.cc/Hkb7WfTP/2001-t80bv.jpg,7,278,153,10,109,6,2022-10-04T21:08:09Z
Tanks,Ukraine,https://upload.wikimedia.org/wikipedia/commons/thumb/a/a9/Flag_of_the_Soviet_Union.svg/23px-Flag_of_the_Soviet_Union.svg.png,T-72AV,captured,https://twitter.com/UAWeapons/status/1545899307802365953,7,278,153,10,109,6,2022-10-04T21:08:09Z
Tanks,Ukraine,https://upload.wikimedia.org/wikipedia/commons/thumb/a/a9/Flag_of_the_Soviet_Union.svg/23px-Flag_of_the_Soviet_Union.svg.png,T-72AV,captured,https://twitter.com/RALee85/status/1558887657324875777,7,278,153,10,109,6,2022-10-04T21:08:09Z
Tanks,Ukraine,https://upload.wikimedia.org/wikipedia/commons/thumb/a/a9/Flag_of_the_Soviet_Union.svg/23px-Flag_of_the_Soviet_Union.svg.png,T-72AV,captured,https://i.postimg.cc/TY5yXFcQ/2002-t72av.jpg,7,278,153,10,109,6,2022-10-04T21:08:09Z
Tanks,Ukraine,https://upload.wikimedia.org/wikipedia/commons/thumb/a/a9/Flag_of_the_Soviet_Union.svg/23px-Flag_of_the_Soviet_Union.svg.png,T-72B,destroyed,https://i.postimg.cc/bv64mYDK/31.jpg,15,278,153,10,109,6,2022-10-04T21:08:09Z
Tanks,Ukraine,https://upload.wikimedia.org/wikipedia/commons/thumb/a/a9/Flag_of_the_Soviet_Union.svg/23px-Flag_of_the_Soviet_Union.svg.png,T-72B,destroyed,https://i.postimg.cc/nh72ydxf/665g.jpg,15,278,153,10,109,6,2022-10-04T21:08:09Z
Tanks,Ukraine,https://upload.wikimedia.org/wikipedia/commons/thumb/a/a9/Flag_of_the_Soviet_Union.svg/23px-Flag_of_the_Soviet_Union.svg.png,T-72B,destroyed,https://i.postimg.cc/fb66Bc5s/4f54.png,15,278,153,10,109,6,2022-10-04T21:08:09Z
Tanks,Ukraine,https://upload.wikimedia.org/wikipedia/commons/thumb/a/a9/Flag_of_the_Soviet_Union.svg/23px-Flag_of_the_Soviet_Union.svg.png,T-72B,destroyed,https://i.postimg.cc/C1k9tR6q/7j7.png,15,278,153,10,109,6,2022-10-04T21:08:09Z
Tanks,Ukraine,https://upload.wikimedia.org/wikipedia/commons/thumb/a/a9/Flag_of_the_Soviet_Union.svg/23px-Flag_of_the_Soviet_Union.svg.png,T-72B,destroyed,https://i.postimg.cc/4NYRbPdZ/3315.png,15,278,153,10,109,6,2022-10-04T21:08:09Z
Tanks,Ukraine,https://upload.wikimedia.org/wikipedia/commons/thumb/a/a9/Flag_of_the_Soviet_Union.svg/23px-Flag_of_the_Soviet_Union.svg.png,T-72B,destroyed,https://i.postimg.cc/dt0yfr27/t33.png,15,278,153,10,109,6,2022-10-04T21:08:09Z
Tanks,Ukraine,https://upload.wikimedia.org/wikipedia/commons/thumb/a/a9/Flag_of_the_Soviet_Union.svg/23px-Flag_of_the_Soviet_Union.svg.png,T-72B,destroyed,https://twitter.com/UAWeapons/status/1569014536824553473,15,278,153,10,109,6,2022-10-04T21:08:09Z
Tanks,Ukraine,https://upload.wikimedia.org/wikipedia/commons/thumb/a/a9/Flag_of_the_Soviet_Union.svg/23px-Flag_of_the_Soviet_Union.svg.png,T-72B,destroyed,https://i.postimg.cc/7Y7NWPXP/1004-t72b.jpg,15,278,153,10,109,6,2022-10-04T21:08:09Z
Tanks,Ukraine,https://upload.wikimedia.org/wikipedia/commons/thumb/a/a9/Flag_of_the_Soviet_Union.svg/23px-Flag_of_the_Soviet_Union.svg.png,T-72B,destroyed,https://i.postimg.cc/GpyjgTGR/T-72-B-Kharkiv-region.png,15,278,153,10,109,6,2022-10-04T21:08:09Z
Tanks,Ukraine,https://upload.wikimedia.org/wikipedia/commons/thumb/a/a9/Flag_of_the_Soviet_Union.svg/23px-Flag_of_the_Soviet_Union.svg.png,T-72B,damaged,https://i.postimg.cc/7Lr4jy27/54d.jpg,15,278,153,10,109,6,2022-10-04T21:08:09Z
Tanks,Ukraine,https://upload.wikimedia.org/wikipedia/commons/thumb/a/a9/Flag_of_the_Soviet_Union.svg/23px-Flag_of_the_Soviet_Union.svg.png,T-72B,captured,https://i.postimg.cc/Qt0YYkvD/321.png,15,278,153,10,109,6,2022-10-04T21:08:09Z
Tanks,Ukraine,https://upload.wikimedia.org/wikipedia/commons/thumb/a/a9/Flag_of_the_Soviet_Union.svg/23px-Flag_of_the_Soviet_Union.svg.png,T-72B,captured,https://postlmg.cc/PLBJrr0x,15,278,153,10,109,6,2022-10-04T21:08:09Z
Tanks,Ukraine,https://upload.wikimedia.org/wikipedia/commons/thumb/a/a9/Flag_of_the_Soviet_Union.svg/23px-Flag_of_the_Soviet_Union.svg.png,T-72B,captured,https://i.postimg.cc/gcvHPYnx/43.png,15,278,153,10,109,6,2022-10-04T21:08:09Z
Tanks,Ukraine,https://upload.wikimedia.org/wikipedia/commons/thumb/a/a9/Flag_of_the_Soviet_Union.svg/23px-Flag_of_the_Soviet_Union.svg.png,T-72B,captured,https://postimg.cc/8smZ5GpV,15,278,153,10,109,6,2022-10-04T21:08:09Z
Tanks,Ukraine,https://upload.wikimedia.org/wikipedia/commons/thumb/a/a9/Flag_of_the_Soviet_Union.svg/23px-Flag_of_the_Soviet_Union.svg.png,T-72B,captured,https://i.postimg.cc/FFbtjVK4/54.png,15,278,153,10,109,6,2022-10-04T21:08:09Z
Tanks,Ukraine,https://upload.wikimedia.org/wikipedia/commons/thumb/a/a9/Flag_of_the_Soviet_Union.svg/23px-Flag_of_the_Soviet_Union.svg.png,T-72B,captured,https://i.postimg.cc/VLR2r3gr/29.png,15,278,153,10,109,6,2022-10-04T21:08:09Z
Tanks,Ukraine,https://upload.wikimedia.org/wikipedia/commons/thumb/4/49/Flag_of_Ukraine.svg/23px-Flag_of_Ukraine.svg.png,T-72AMT,destroyed,https://i.postimg.cc/vmXWC41y/578.png,12,278,153,10,109,6,2022-10-04T21:08:09Z
Tanks,Ukraine,https://upload.wikimedia.org/wikipedia/commons/thumb/4/49/Flag_of_Ukraine.svg/23px-Flag_of_Ukraine.svg.png,T-72AMT,destroyed,https://i.postimg.cc/3JdLkxCn/52.png,12,278,153,10,109,6,2022-10-04T21:08:09Z
Tanks,Ukraine,https://upload.wikimedia.org/wikipedia/commons/thumb/4/49/Flag_of_Ukraine.svg/23px-Flag_of_Ukraine.svg.png,T-72AMT,destroyed,https://i.postimg.cc/Y2J7KwT7/358.png,12,278,153,10,109,6,2022-10-04T21:08:09Z
Tanks,Ukraine,https://upload.wikimedia.org/wikipedia/commons/thumb/4/49/Flag_of_Ukraine.svg/23px-Flag_of_Ukraine.svg.png,T-72AMT,destroyed,https://i.postimg.cc/sf8DdfMG/5777.jpg,12,278,153,10,109,6,2022-10-04T21:08:09Z
Tanks,Ukraine,https://upload.wikimedia.org/wikipedia/commons/thumb/4/49/Flag_of_Ukraine.svg/23px-Flag_of_Ukraine.svg.png,T-72AMT,destroyed,https://i.postimg.cc/j50rsXb3/2103.jpg,12,278,153,10,109,6,2022-10-04T21:08:09Z
Tanks,Ukraine,https://upload.wikimedia.org/wikipedia/commons/thumb/4/49/Flag_of_Ukraine.svg/23px-Flag_of_Ukraine.svg.png,T-72AMT,destroyed,https://i.postimg.cc/mkTf9ghQ/2104.jpg,12,278,153,10,109,6,2022-10-04T21:08:09Z
Tanks,Ukraine,https://upload.wikimedia.org/wikipedia/commons/thumb/4/49/Flag_of_Ukraine.svg/23px-Flag_of_Ukraine.svg.png,T-72AMT,destroyed,https://i.postimg.cc/MZgpmdQw/554.png,12,278,153,10,109,6,2022-10-04T21:08:09Z
Tanks,Ukraine,https://upload.wikimedia.org/wikipedia/commons/thumb/4/49/Flag_of_Ukraine.svg/23px-Flag_of_Ukraine.svg.png,T-72AMT,abandoned,https://twitter.com/UAWeapons/status/1569014536824553473,12,278,153,10,109,6,2022-10-04T21:08:09Z
Tanks,Ukraine,https://upload.wikimedia.org/wikipedia/commons/thumb/4/49/Flag_of_Ukraine.svg/23px-Flag_of_Ukraine.svg.png,T-72AMT,damaged,https://i.postimg.cc/QdkdMWKj/2000.jpg,12,278,153,10,109,6,2022-10-04T21:08:09Z
Tanks,Ukraine,https://upload.wikimedia.org/wikipedia/commons/thumb/4/49/Flag_of_Ukraine.svg/23px-Flag_of_Ukraine.svg.png,T-72AMT,captured,https://i.postimg.cc/nzS4xq5Z/310.png,12,278,153,10,109,6,2022-10-04T21:08:09Z
Tanks,Ukraine,https://upload.wikimedia.org/wikipedia/commons/thumb/4/49/Flag_of_Ukraine.svg/23px-Flag_of_Ukraine.svg.png,T-72AMT,captured,https://i.postimg.cc/qqjdYB88/543.png,12,278,153,10,109,6,2022-10-04T21:08:09Z
Tanks,Ukraine,https://upload.wikimedia.org/wikipedia/commons/thumb/4/49/Flag_of_Ukraine.svg/23px-Flag_of_Ukraine.svg.png,T-72AMT,captured,https://i.postimg.cc/P5Ssy6vp/24.jpg,12,278,153,10,109,6,2022-10-04T21:08:09Z
Tanks,Ukraine,https://upload.wikimedia.org/wikipedia/commons/thumb/a/a9/Flag_of_the_Soviet_Union.svg/23px-Flag_of_the_Soviet_Union.svg.png,T-80BV,destroyed,https://i.postimg.cc/TYx2VkmB/58.png,19,278,153,10,109,6,2022-10-04T21:08:09Z
Tanks,Ukraine,https://upload.wikimedia.org/wikipedia/commons/thumb/a/a9/Flag_of_the_Soviet_Union.svg/23px-Flag_of_the_Soviet_Union.svg.png,T-80BV,destroyed,https://i.postimg.cc/TYx2VkmB/58.png,19,278,153,10,109,6,2022-10-04T21:08:09Z
Tanks,Ukraine,https://upload.wikimedia.org/wikipedia/commons/thumb/a/a9/Flag_of_the_Soviet_Union.svg/23px-Flag_of_the_Soviet_Union.svg.png,T-80BV,destroyed,https://i.postimg.cc/Fzm2Jyps/49.png,19,278,153,10,109,6,2022-10-04T21:08:09Z
Tanks,Ukraine,https://upload.wikimedia.org/wikipedia/commons/thumb/a/a9/Flag_of_the_Soviet_Union.svg/23px-Flag_of_the_Soviet_Union.svg.png,T-80BV,destroyed,https://twitter.com/UAWeapons/status/1534632102955720709,19,278,153,10,109,6,2022-10-04T21:08:09Z
Tanks,Ukraine,https://upload.wikimedia.org/wikipedia/commons/thumb/a/a9/Flag_of_the_Soviet_Union.svg/23px-Flag_of_the_Soviet_Union.svg.png,T-80BV,destroyed,https://i.postimg.cc/pdGFLp4T/444.png,19,278,153,10,109,6,2022-10-04T21:08:09Z
Tanks,Ukraine,https://upload.wikimedia.org/wikipedia/commons/thumb/a/a9/Flag_of_the_Soviet_Union.svg/23px-Flag_of_the_Soviet_Union.svg.png,T-80BV,destroyed,https://postimg.cc/d76zVQMS,19,278,153,10,109,6,2022-10-04T21:08:09Z
Tanks,Ukraine,https://upload.wikimedia.org/wikipedia/commons/thumb/a/a9/Flag_of_the_Soviet_Union.svg/23px-Flag_of_the_Soviet_Union.svg.png,T-80BV,damaged,https://twitter.com/UAWeapons/status/1577254567708094464,19,278,153,10,109,6,2022-10-04T21:08:09Z
Tanks,Ukraine,https://upload.wikimedia.org/wikipedia/commons/thumb/a/a9/Flag_of_the_Soviet_Union.svg/23px-Flag_of_the_Soviet_Union.svg.png,T-80BV,abandoned,https://i.postimg.cc/MHW2qp47/d39.png,19,278,153,10,109,6,2022-10-04T21:08:09Z
Tanks,Ukraine,https://upload.wikimedia.org/wikipedia/commons/thumb/a/a9/Flag_of_the_Soviet_Union.svg/23px-Flag_of_the_Soviet_Union.svg.png,T-80BV,abandoned,https://twitter.com/UAWeapons/status/1572568028587626496,19,278,153,10,109,6,2022-10-04T21:08:09Z
Tanks,Ukraine,https://upload.wikimedia.org/wikipedia/commons/thumb/a/a9/Flag_of_the_Soviet_Union.svg/23px-Flag_of_the_Soviet_Union.svg.png,T-80BV,damaged,https://i.postimg.cc/0jXKJsjL/f58.png,19,278,153,10,109,6,2022-10-04T21:08:09Z
Tanks,Ukraine,https://upload.wikimedia.org/wikipedia/commons/thumb/a/a9/Flag_of_the_Soviet_Union.svg/23px-Flag_of_the_Soviet_Union.svg.png,T-80BV,damaged,https://i.postimg.cc/fb3dc6LV/389.png,19,278,153,10,109,6,2022-10-04T21:08:09Z
Tanks,Ukraine,https://upload.wikimedia.org/wikipedia/commons/thumb/a/a9/Flag_of_the_Soviet_Union.svg/23px-Flag_of_the_Soviet_Union.svg.png,T-80BV,damaged,https://i.postimg.cc/VsJn5zPD/43f.jpg,19,278,153,10,109,6,2022-10-04T21:08:09Z
Tanks,Ukraine,https://upload.wikimedia.org/wikipedia/commons/thumb/a/a9/Flag_of_the_Soviet_Union.svg/23px-Flag_of_the_Soviet_Union.svg.png,T-80BV,damaged,https://i.postimg.cc/VsJn5zPD/43f.jpg,19,278,153,10,109,6,2022-10-04T21:08:09Z
Tanks,Ukraine,https://upload.wikimedia.org/wikipedia/commons/thumb/a/a9/Flag_of_the_Soviet_Union.svg/23px-Flag_of_the_Soviet_Union.svg.png,T-80BV,damaged,https://i.postimg.cc/MT0KSR08/6522.png,19,278,153,10,109,6,2022-10-04T21:08:09Z
Tanks,Ukraine,https://upload.wikimedia.org/wikipedia/commons/thumb/a/a9/Flag_of_the_Soviet_Union.svg/23px-Flag_of_the_Soviet_Union.svg.png,T-80BV,captured,https://i.postimg.cc/4NkSDvHN/f21.png,19,278,153,10,109,6,2022-10-04T21:08:09Z
Tanks,Ukraine,https://upload.wikimedia.org/wikipedia/commons/thumb/a/a9/Flag_of_the_Soviet_Union.svg/23px-Flag_of_the_Soviet_Union.svg.png,T-80BV,captured,https://i.postimg.cc/rFbMJRqZ/4f.png,19,278,153,10,109,6,2022-10-04T21:08:09Z
Tanks,Ukraine,https://upload.wikimedia.org/wikipedia/commons/thumb/a/a9/Flag_of_the_Soviet_Union.svg/23px-Flag_of_the_Soviet_Union.svg.png,T-80BV,captured,https://i.postimg.cc/G352G9YJ/580.png,19,278,153,10,109,6,2022-10-04T21:08:09Z
Tanks,Ukraine,https://upload.wikimedia.org/wikipedia/commons/thumb/a/a9/Flag_of_the_Soviet_Union.svg/23px-Flag_of_the_Soviet_Union.svg.png,T-80BV,captured,https://i.postimg.cc/zvh7qCq7/2105.jpg,19,278,153,10,109,6,2022-10-04T21:08:09Z
Tanks,Ukraine,https://upload.wikimedia.org/wikipedia/commons/thumb/a/a9/Flag_of_the_Soviet_Union.svg/23px-Flag_of_the_Soviet_Union.svg.png,T-80BV,captured,https://postimg.cc/DJfV8xMx,19,278,153,10,109,6,2022-10-04T21:08:09Z
Tanks,Ukraine,https://upload.wikimedia.org/wikipedia/commons/thumb/4/49/Flag_of_Ukraine.svg/23px-Flag_of_Ukraine.svg.png,Unknown tank,destroyed,https://i.postimg.cc/Gh328kFC/9p.jpg,25,278,153,10,109,6,2022-10-04T21:08:09Z
Tanks,Ukraine,https://upload.wikimedia.org/wikipedia/commons/thumb/4/49/Flag_of_Ukraine.svg/23px-Flag_of_Ukraine.svg.png,Unknown tank,destroyed,https://i.postimg.cc/bNcWpXjf/18.png,25,278,153,10,109,6,2022-10-04T21:08:09Z
Tanks,Ukraine,https://upload.wikimedia.org/wikipedia/commons/thumb/4/49/Flag_of_Ukraine.svg/23px-Flag_of_Ukraine.svg.png,Unknown tank,destroyed,https://i.postimg.cc/c1YzsdvS/t1.jpg,25,278,153,10,109,6,2022-10-04T21:08:09Z
Tanks,Ukraine,https://upload.wikimedia.org/wikipedia/commons/thumb/4/49/Flag_of_Ukraine.svg/23px-Flag_of_Ukraine.svg.png,Unknown tank,destroyed,https://i.postimg.cc/NF1Cbk3M/t2.jpg,25,278,153,10,109,6,2022-10-04T21:08:09Z
Tanks,Ukraine,https://upload.wikimedia.org/wikipedia/commons/thumb/4/49/Flag_of_Ukraine.svg/23px-Flag_of_Ukraine.svg.png,Unknown tank,destroyed,https://i.postimg.cc/3w3ndgMR/5785.jpg,25,278,153,10,109,6,2022-10-04T21:08:09Z
Tanks,Ukraine,https://upload.wikimedia.org/wikipedia/commons/thumb/4/49/Flag_of_Ukraine.svg/23px-Flag_of_Ukraine.svg.png,Unknown tank,destroyed,https://i.postimg.cc/TY2SVWkd/7j6.jpg,25,278,153,10,109,6,2022-10-04T21:08:09Z
Tanks,Ukraine,https://upload.wikimedia.org/wikipedia/commons/thumb/4/49/Flag_of_Ukraine.svg/23px-Flag_of_Ukraine.svg.png,Unknown tank,destroyed,https://i.postimg.cc/HWRkvB0S/3d.jpg,25,278,153,10,109,6,2022-10-04T21:08:09Z
Tanks,Ukraine,https://upload.wikimedia.org/wikipedia/commons/thumb/4/49/Flag_of_Ukraine.svg/23px-Flag_of_Ukraine.svg.png,Unknown tank,destroyed,https://i.postimg.cc/Hxx5wgcW/7h.jpg,25,278,153,10,109,6,2022-10-04T21:08:09Z
Tanks,Ukraine,https://upload.wikimedia.org/wikipedia/commons/thumb/4/49/Flag_of_Ukraine.svg/23px-Flag_of_Ukraine.svg.png,Unknown tank,destroyed,https://i.postimg.cc/mD59V5CY/8k.jpg,25,278,153,10,109,6,2022-10-04T21:08:09Z
Tanks,Ukraine,https://upload.wikimedia.org/wikipedia/commons/thumb/4/49/Flag_of_Ukraine.svg/23px-Flag_of_Ukraine.svg.png,Unknown tank,destroyed,https://i.postimg.cc/VNpV1yC4/554.jpg,25,278,153,10,109,6,2022-10-04T21:08:09Z
Tanks,Ukraine,https://upload.wikimedia.org/wikipedia/commons/thumb/4/49/Flag_of_Ukraine.svg/23px-Flag_of_Ukraine.svg.png,Unknown tank,destroyed,https://twitter.com/UAWeapons/status/1529407748768669699,25,278,153,10,109,6,2022-10-04T21:08:09Z
Tanks,Ukraine,https://upload.wikimedia.org/wikipedia/commons/thumb/4/49/Flag_of_Ukraine.svg/23px-Flag_of_Ukraine.svg.png,Unknown tank,destroyed,https://twitter.com/UAWeapons/status/1538541806329155585,25,278,153,10,109,6,2022-10-04T21:08:09Z
Tanks,Ukraine,https://upload.wikimedia.org/wikipedia/commons/thumb/4/49/Flag_of_Ukraine.svg/23px-Flag_of_Ukraine.svg.png,Unknown tank,destroyed,https://twitter.com/UAWeapons/status/1538541806329155585,25,278,153,10,109,6,2022-10-04T21:08:09Z
Tanks,Ukraine,https://upload.wikimedia.org/wikipedia/commons/thumb/4/49/Flag_of_Ukraine.svg/23px-Flag_of_Ukraine.svg.png,Unknown tank,destroyed,https://i.postimg.cc/Rhfdc4Mx/2000.jpg,25,278,153,10,109,6,2022-10-04T21:08:09Z
Tanks,Ukraine,https://upload.wikimedia.org/wikipedia/commons/thumb/4/49/Flag_of_Ukraine.svg/23px-Flag_of_Ukraine.svg.png,Unknown tank,destroyed,https://twitter.com/RALee85/status/1552954454797914115,25,278,153,10,109,6,2022-10-04T21:08:09Z
Tanks,Ukraine,https://upload.wikimedia.org/wikipedia/commons/thumb/4/49/Flag_of_Ukraine.svg/23px-Flag_of_Ukraine.svg.png,Unknown tank,destroyed,https://i.postimg.cc/j2SP6vwP/443.png,25,278,153,10,109,6,2022-10-04T21:08:09Z
Tanks,Ukraine,https://upload.wikimedia.org/wikipedia/commons/thumb/4/49/Flag_of_Ukraine.svg/23px-Flag_of_Ukraine.svg.png,Unknown tank,destroyed,https://twitter.com/RALee85/status/1556356059161366529,25,278,153,10,109,6,2022-10-04T21:08:09Z
Tanks,Ukraine,https://upload.wikimedia.org/wikipedia/commons/thumb/4/49/Flag_of_Ukraine.svg/23px-Flag_of_Ukraine.svg.png,Unknown tank,destroyed,https://i.postimg.cc/L4Y3j6JK/2001-unkn-tank.jpg,25,278,153,10,109,6,2022-10-04T21:08:09Z
Tanks,Ukraine,https://upload.wikimedia.org/wikipedia/commons/thumb/4/49/Flag_of_Ukraine.svg/23px-Flag_of_Ukraine.svg.png,Unknown tank,destroyed,https://i.postimg.cc/HkCbV4Xg/2004-unkn-tank.jpg,25,278,153,10,109,6,2022-10-04T21:08:09Z
Tanks,Ukraine,https://upload.wikimedia.org/wikipedia/commons/thumb/4/49/Flag_of_Ukraine.svg/23px-Flag_of_Ukraine.svg.png,Unknown tank,destroyed,https://i.postimg.cc/3w8pZ8tf/2006-unkn-tank.jpg,25,278,153,10,109,6,2022-10-04T21:08:09Z
Tanks,Ukraine,https://upload.wikimedia.org/wikipedia/commons/thumb/4/49/Flag_of_Ukraine.svg/23px-Flag_of_Ukraine.svg.png,Unknown tank,destroyed,https://i.postimg.cc/rpswWCnN/2002-unkn-tank-2x.jpg,25,278,153,10,109,6,2022-10-04T21:08:09Z
Tanks,Ukraine,https://upload.wikimedia.org/wikipedia/commons/thumb/4/49/Flag_of_Ukraine.svg/23px-Flag_of_Ukraine.svg.png,Unknown tank,destroyed,https://i.postimg.cc/CKRXtDyS/2003-unkn-tank.jpg,25,278,153,10,109,6,2022-10-04T21:08:09Z
Tanks,Ukraine,https://upload.wikimedia.org/wikipedia/commons/thumb/4/49/Flag_of_Ukraine.svg/23px-Flag_of_Ukraine.svg.png,Unknown tank,destroyed,https://twitter.com/UAWeapons/status/1571509015301046272,25,278,153,10,109,6,2022-10-04T21:08:09Z
Tanks,Ukraine,https://upload.wikimedia.org/wikipedia/commons/thumb/4/49/Flag_of_Ukraine.svg/23px-Flag_of_Ukraine.svg.png,Unknown tank,destroyed,https://i.postimg.cc/nLrKfNFJ/2000-unkn-afv.jpg,25,278,153,10,109,6,2022-10-04T21:08:09Z
Tanks,Ukraine,https://upload.wikimedia.org/wikipedia/commons/thumb/4/49/Flag_of_Ukraine.svg/23px-Flag_of_Ukraine.svg.png,Unknown tank,captured,https://i.postimg.cc/NjnfBYFT/2001-unkn-tank.jpg,25,278,153,10,109,6,2022-10-04T21:08:09Z
Armoured Fighting Vehicles,Ukraine,https://upload.wikimedia.org/wikipedia/commons/thumb/a/a9/Flag_of_the_Soviet_Union.svg/23px-Flag_of_the_Soviet_Union.svg.png,BRM-1K reconnaissance vehicle,destroyed,https://i.postimg.cc/3JbrsBB1/d21.jpg,17,143,79,5,59,NA,2022-10-04T21:08:09Z
Armoured Fighting Vehicles,Ukraine,https://upload.wikimedia.org/wikipedia/commons/thumb/a/a9/Flag_of_the_Soviet_Union.svg/23px-Flag_of_the_Soviet_Union.svg.png,BRM-1K reconnaissance vehicle,destroyed,https://postimg.cc/dDYSKnQw,17,143,79,5,59,NA,2022-10-04T21:08:09Z
Armoured Fighting Vehicles,Ukraine,https://upload.wikimedia.org/wikipedia/commons/thumb/a/a9/Flag_of_the_Soviet_Union.svg/23px-Flag_of_the_Soviet_Union.svg.png,BRM-1K reconnaissance vehicle,destroyed,https://i.postimg.cc/C1j135Gd/224.png,17,143,79,5,59,NA,2022-10-04T21:08:09Z
Armoured Fighting Vehicles,Ukraine,https://upload.wikimedia.org/wikipedia/commons/thumb/a/a9/Flag_of_the_Soviet_Union.svg/23px-Flag_of_the_Soviet_Union.svg.png,BRM-1K reconnaissance vehicle,destroyed,https://i.postimg.cc/4dsFzt7v/443.png,17,143,79,5,59,NA,2022-10-04T21:08:09Z
Armoured Fighting Vehicles,Ukraine,https://upload.wikimedia.org/wikipedia/commons/thumb/a/a9/Flag_of_the_Soviet_Union.svg/23px-Flag_of_the_Soviet_Union.svg.png,BRM-1K reconnaissance vehicle,destroyed,https://twitter.com/UAWeapons/status/1570492289751064577,17,143,79,5,59,NA,2022-10-04T21:08:09Z
Armoured Fighting Vehicles,Ukraine,https://upload.wikimedia.org/wikipedia/commons/thumb/a/a9/Flag_of_the_Soviet_Union.svg/23px-Flag_of_the_Soviet_Union.svg.png,BRM-1K reconnaissance vehicle,destroyed,https://twitter.com/UAWeapons/status/1577377873714888730,17,143,79,5,59,NA,2022-10-04T21:08:09Z
Armoured Fighting Vehicles,Ukraine,https://upload.wikimedia.org/wikipedia/commons/thumb/a/a9/Flag_of_the_Soviet_Union.svg/23px-Flag_of_the_Soviet_Union.svg.png,BRM-1K reconnaissance vehicle,abandoned,https://twitter.com/UAWeapons/status/1568241700921016320,17,143,79,5,59,NA,2022-10-04T21:08:09Z
Armoured Fighting Vehicles,Ukraine,https://upload.wikimedia.org/wikipedia/commons/thumb/a/a9/Flag_of_the_Soviet_Union.svg/23px-Flag_of_the_Soviet_Union.svg.png,BRM-1K reconnaissance vehicle,abandoned,https://twitter.com/UAWeapons/status/1574132894846648320,17,143,79,5,59,NA,2022-10-04T21:08:09Z
Armoured Fighting Vehicles,Ukraine,https://upload.wikimedia.org/wikipedia/commons/thumb/a/a9/Flag_of_the_Soviet_Union.svg/23px-Flag_of_the_Soviet_Union.svg.png,BRM-1K reconnaissance vehicle,damaged,https://i.postimg.cc/tC4jmbcK/446.png,17,143,79,5,59,NA,2022-10-04T21:08:09Z
Armoured Fighting Vehicles,Ukraine,https://upload.wikimedia.org/wikipedia/commons/thumb/a/a9/Flag_of_the_Soviet_Union.svg/23px-Flag_of_the_Soviet_Union.svg.png,BRM-1K reconnaissance vehicle,captured,https://i.postimg.cc/ZnMyg04W/6669.jpg,17,143,79,5,59,NA,2022-10-04T21:08:09Z
Armoured Fighting Vehicles,Ukraine,https://upload.wikimedia.org/wikipedia/commons/thumb/a/a9/Flag_of_the_Soviet_Union.svg/23px-Flag_of_the_Soviet_Union.svg.png,BRM-1K reconnaissance vehicle,captured,https://i.postimg.cc/0Q71gWbb/652.png,17,143,79,5,59,NA,2022-10-04T21:08:09Z
Armoured Fighting Vehicles,Ukraine,https://upload.wikimedia.org/wikipedia/commons/thumb/a/a9/Flag_of_the_Soviet_Union.svg/23px-Flag_of_the_Soviet_Union.svg.png,BRM-1K reconnaissance vehicle,captured,https://i.postimg.cc/ZKwfSH3R/t4.jpg,17,143,79,5,59,NA,2022-10-04T21:08:09Z
Armoured Fighting Vehicles,Ukraine,https://upload.wikimedia.org/wikipedia/commons/thumb/a/a9/Flag_of_the_Soviet_Union.svg/23px-Flag_of_the_Soviet_Union.svg.png,BRM-1K reconnaissance vehicle,captured,https://i.postimg.cc/65pcRcw1/448.png,17,143,79,5,59,NA,2022-10-04T21:08:09Z
Armoured Fighting Vehicles,Ukraine,https://upload.wikimedia.org/wikipedia/commons/thumb/a/a9/Flag_of_the_Soviet_Union.svg/23px-Flag_of_the_Soviet_Union.svg.png,BRM-1K reconnaissance vehicle,captured,https://postimg.cc/Xrdg4kJx,17,143,79,5,59,NA,2022-10-04T21:08:09Z
Armoured Fighting Vehicles,Ukraine,https://upload.wikimedia.org/wikipedia/commons/thumb/a/a9/Flag_of_the_Soviet_Union.svg/23px-Flag_of_the_Soviet_Union.svg.png,BRM-1K reconnaissance vehicle,captured,https://i.postimg.cc/gjKDwY6L/2110.jpg,17,143,79,5,59,NA,2022-10-04T21:08:09Z
Armoured Fighting Vehicles,Ukraine,https://upload.wikimedia.org/wikipedia/commons/thumb/a/a9/Flag_of_the_Soviet_Union.svg/23px-Flag_of_the_Soviet_Union.svg.png,BRM-1K reconnaissance vehicle,captured,https://i.postimg.cc/NfT6jcpW/98.png,17,143,79,5,59,NA,2022-10-04T21:08:09Z
Armoured Fighting Vehicles,Ukraine,https://upload.wikimedia.org/wikipedia/commons/thumb/a/a9/Flag_of_the_Soviet_Union.svg/23px-Flag_of_the_Soviet_Union.svg.png,BRM-1K reconnaissance vehicle,captured,https://i.postimg.cc/3xTgycqW/f1.png,17,143,79,5,59,NA,2022-10-04T21:08:09Z
Armoured Fighting Vehicles,Ukraine,https://upload.wikimedia.org/wikipedia/commons/thumb/a/a9/Flag_of_the_Soviet_Union.svg/23px-Flag_of_the_Soviet_Union.svg.png,BRDM-2,destroyed,https://postimg.cc/WhTyyztk,67,143,79,5,59,NA,2022-10-04T21:08:09Z
Armoured Fighting Vehicles,Ukraine,https://upload.wikimedia.org/wikipedia/commons/thumb/a/a9/Flag_of_the_Soviet_Union.svg/23px-Flag_of_the_Soviet_Union.svg.png,BRDM-2,destroyed,https://postimg.cc/R3y8pTnS,67,143,79,5,59,NA,2022-10-04T21:08:09Z
Armoured Fighting Vehicles,Ukraine,https://upload.wikimedia.org/wikipedia/commons/thumb/a/a9/Flag_of_the_Soviet_Union.svg/23px-Flag_of_the_Soviet_Union.svg.png,BRDM-2,destroyed,https://i.postimg.cc/gk37TCky/57h.png,67,143,79,5,59,NA,2022-10-04T21:08:09Z
Armoured Fighting Vehicles,Ukraine,https://upload.wikimedia.org/wikipedia/commons/thumb/a/a9/Flag_of_the_Soviet_Union.svg/23px-Flag_of_the_Soviet_Union.svg.png,BRDM-2,destroyed,https://i.postimg.cc/zB37hLrN/s3.png,67,143,79,5,59,NA,2022-10-04T21:08:09Z
Armoured Fighting Vehicles,Ukraine,https://upload.wikimedia.org/wikipedia/commons/thumb/a/a9/Flag_of_the_Soviet_Union.svg/23px-Flag_of_the_Soviet_Union.svg.png,BRDM-2,destroyed,https://postimg.cc/fVx7vWcJ,67,143,79,5,59,NA,2022-10-04T21:08:09Z
Armoured Fighting Vehicles,Ukraine,https://upload.wikimedia.org/wikipedia/commons/thumb/a/a9/Flag_of_the_Soviet_Union.svg/23px-Flag_of_the_Soviet_Union.svg.png,BRDM-2,destroyed,https://i.postimg.cc/XvY1CmCn/8j.png,67,143,79,5,59,NA,2022-10-04T21:08:09Z
Armoured Fighting Vehicles,Ukraine,https://upload.wikimedia.org/wikipedia/commons/thumb/a/a9/Flag_of_the_Soviet_Union.svg/23px-Flag_of_the_Soviet_Union.svg.png,BRDM-2,destroyed,https://i.postimg.cc/6pwbxCDL/62.png,67,143,79,5,59,NA,2022-10-04T21:08:09Z
Armoured Fighting Vehicles,Ukraine,https://upload.wikimedia.org/wikipedia/commons/thumb/a/a9/Flag_of_the_Soviet_Union.svg/23px-Flag_of_the_Soviet_Union.svg.png,BRDM-2,destroyed,https://i.postimg.cc/9M2VBs6f/25.png,67,143,79,5,59,NA,2022-10-04T21:08:09Z
Armoured Fighting Vehicles,Ukraine,https://upload.wikimedia.org/wikipedia/commons/thumb/a/a9/Flag_of_the_Soviet_Union.svg/23px-Flag_of_the_Soviet_Union.svg.png,BRDM-2,destroyed,https://i.postimg.cc/ht3GCSkq/388.png,67,143,79,5,59,NA,2022-10-04T21:08:09Z
Armoured Fighting Vehicles,Ukraine,https://upload.wikimedia.org/wikipedia/commons/thumb/a/a9/Flag_of_the_Soviet_Union.svg/23px-Flag_of_the_Soviet_Union.svg.png,BRDM-2,destroyed,https://i.postimg.cc/KYS1C2kz/7j.jpg,67,143,79,5,59,NA,2022-10-04T21:08:09Z
Armoured Fighting Vehicles,Ukraine,https://upload.wikimedia.org/wikipedia/commons/thumb/a/a9/Flag_of_the_Soviet_Union.svg/23px-Flag_of_the_Soviet_Union.svg.png,BRDM-2,destroyed,https://i.postimg.cc/ZngwN0QL/b1.png,67,143,79,5,59,NA,2022-10-04T21:08:09Z
Armoured Fighting Vehicles,Ukraine,https://upload.wikimedia.org/wikipedia/commons/thumb/a/a9/Flag_of_the_Soviet_Union.svg/23px-Flag_of_the_Soviet_Union.svg.png,BRDM-2,destroyed,https://i.postimg.cc/gJy48H5H/380.png,67,143,79,5,59,NA,2022-10-04T21:08:09Z
Armoured Fighting Vehicles,Ukraine,https://upload.wikimedia.org/wikipedia/commons/thumb/a/a9/Flag_of_the_Soviet_Union.svg/23px-Flag_of_the_Soviet_Union.svg.png,BRDM-2,destroyed,https://i.postimg.cc/JnSFMQKx/431.png,67,143,79,5,59,NA,2022-10-04T21:08:09Z
Armoured Fighting Vehicles,Ukraine,https://upload.wikimedia.org/wikipedia/commons/thumb/a/a9/Flag_of_the_Soviet_Union.svg/23px-Flag_of_the_Soviet_Union.svg.png,BRDM-2,destroyed,https://twitter.com/UAWeapons/status/1543956188957757441,67,143,79,5,59,NA,2022-10-04T21:08:09Z
Armoured Fighting Vehicles,Ukraine,https://upload.wikimedia.org/wikipedia/commons/thumb/a/a9/Flag_of_the_Soviet_Union.svg/23px-Flag_of_the_Soviet_Union.svg.png,BRDM-2,destroyed,https://twitter.com/UAWeapons/status/1545021770008240130,67,143,79,5,59,NA,2022-10-04T21:08:09Z
Armoured Fighting Vehicles,Ukraine,https://upload.wikimedia.org/wikipedia/commons/thumb/a/a9/Flag_of_the_Soviet_Union.svg/23px-Flag_of_the_Soviet_Union.svg.png,BRDM-2,destroyed,https://i.postimg.cc/SQMHBs2q/2006.png,67,143,79,5,59,NA,2022-10-04T21:08:09Z
Armoured Fighting Vehicles,Ukraine,https://upload.wikimedia.org/wikipedia/commons/thumb/a/a9/Flag_of_the_Soviet_Union.svg/23px-Flag_of_the_Soviet_Union.svg.png,BRDM-2,destroyed,https://postimg.cc/fS4PHG92,67,143,79,5,59,NA,2022-10-04T21:08:09Z
Armoured Fighting Vehicles,Ukraine,https://upload.wikimedia.org/wikipedia/commons/thumb/a/a9/Flag_of_the_Soviet_Union.svg/23px-Flag_of_the_Soviet_Union.svg.png,BRDM-2,destroyed,https://postimg.cc/gn7gNFbv,67,143,79,5,59,NA,2022-10-04T21:08:09Z
Armoured Fighting Vehicles,Ukraine,https://upload.wikimedia.org/wikipedia/commons/thumb/a/a9/Flag_of_the_Soviet_Union.svg/23px-Flag_of_the_Soviet_Union.svg.png,BRDM-2,destroyed,https://i.postimg.cc/ZR74W6B7/f4v.png,67,143,79,5,59,NA,2022-10-04T21:08:09Z
Armoured Fighting Vehicles,Ukraine,https://upload.wikimedia.org/wikipedia/commons/thumb/a/a9/Flag_of_the_Soviet_Union.svg/23px-Flag_of_the_Soviet_Union.svg.png,BRDM-2,destroyed,https://i.postimg.cc/wM4r5VgP/c9.png,67,143,79,5,59,NA,2022-10-04T21:08:09Z
Armoured Fighting Vehicles,Ukraine,https://upload.wikimedia.org/wikipedia/commons/thumb/a/a9/Flag_of_the_Soviet_Union.svg/23px-Flag_of_the_Soviet_Union.svg.png,BRDM-2,destroyed,https://i.postimg.cc/mZFYPYmc/331f.png,67,143,79,5,59,NA,2022-10-04T21:08:09Z
Armoured Fighting Vehicles,Ukraine,https://upload.wikimedia.org/wikipedia/commons/thumb/a/a9/Flag_of_the_Soviet_Union.svg/23px-Flag_of_the_Soviet_Union.svg.png,BRDM-2,destroyed,https://i.postimg.cc/zGqvmc01/d33.png,67,143,79,5,59,NA,2022-10-04T21:08:09Z
Armoured Fighting Vehicles,Ukraine,https://upload.wikimedia.org/wikipedia/commons/thumb/a/a9/Flag_of_the_Soviet_Union.svg/23px-Flag_of_the_Soviet_Union.svg.png,BRDM-2,destroyed,https://i.postimg.cc/mkykpPt7/6h8.png,67,143,79,5,59,NA,2022-10-04T21:08:09Z
Armoured Fighting Vehicles,Ukraine,https://upload.wikimedia.org/wikipedia/commons/thumb/a/a9/Flag_of_the_Soviet_Union.svg/23px-Flag_of_the_Soviet_Union.svg.png,BRDM-2,destroyed,https://i.postimg.cc/BnLsX84N/8j.png,67,143,79,5,59,NA,2022-10-04T21:08:09Z
Armoured Fighting Vehicles,Ukraine,https://upload.wikimedia.org/wikipedia/commons/thumb/a/a9/Flag_of_the_Soviet_Union.svg/23px-Flag_of_the_Soviet_Union.svg.png,BRDM-2,destroyed,https://i.postimg.cc/XY8hN4yx/7j.png,67,143,79,5,59,NA,2022-10-04T21:08:09Z
Armoured Fighting Vehicles,Ukraine,https://upload.wikimedia.org/wikipedia/commons/thumb/a/a9/Flag_of_the_Soviet_Union.svg/23px-Flag_of_the_Soviet_Union.svg.png,BRDM-2,destroyed,https://i.postimg.cc/Jn29hRYf/33270.png,67,143,79,5,59,NA,2022-10-04T21:08:09Z
Armoured Fighting Vehicles,Ukraine,https://upload.wikimedia.org/wikipedia/commons/thumb/a/a9/Flag_of_the_Soviet_Union.svg/23px-Flag_of_the_Soviet_Union.svg.png,BRDM-2,destroyed,https://postimg.cc/HjkmJ64K,67,143,79,5,59,NA,2022-10-04T21:08:09Z
Armoured Fighting Vehicles,Ukraine,https://upload.wikimedia.org/wikipedia/commons/thumb/a/a9/Flag_of_the_Soviet_Union.svg/23px-Flag_of_the_Soviet_Union.svg.png,BRDM-2,destroyed,https://postimg.cc/XBVT9YCd,67,143,79,5,59,NA,2022-10-04T21:08:09Z
Armoured Fighting Vehicles,Ukraine,https://upload.wikimedia.org/wikipedia/commons/thumb/a/a9/Flag_of_the_Soviet_Union.svg/23px-Flag_of_the_Soviet_Union.svg.png,BRDM-2,destroyed,https://twitter.com/UAWeapons/status/1566786799548223491,67,143,79,5,59,NA,2022-10-04T21:08:09Z
Armoured Fighting Vehicles,Ukraine,https://upload.wikimedia.org/wikipedia/commons/thumb/a/a9/Flag_of_the_Soviet_Union.svg/23px-Flag_of_the_Soviet_Union.svg.png,BRDM-2,damaged,https://i.postimg.cc/brg6QFkk/2.png,67,143,79,5,59,NA,2022-10-04T21:08:09Z
Armoured Fighting Vehicles,Ukraine,https://upload.wikimedia.org/wikipedia/commons/thumb/a/a9/Flag_of_the_Soviet_Union.svg/23px-Flag_of_the_Soviet_Union.svg.png,BRDM-2,captured,https://i.postimg.cc/Xq3SZTZj/d34.png,67,143,79,5,59,NA,2022-10-04T21:08:09Z
Armoured Fighting Vehicles,Ukraine,https://upload.wikimedia.org/wikipedia/commons/thumb/a/a9/Flag_of_the_Soviet_Union.svg/23px-Flag_of_the_Soviet_Union.svg.png,BRDM-2,captured,https://i.postimg.cc/wjZZCBgG/Screenshot-8367.png,67,143,79,5,59,NA,2022-10-04T21:08:09Z
Armoured Fighting Vehicles,Ukraine,https://upload.wikimedia.org/wikipedia/commons/thumb/a/a9/Flag_of_the_Soviet_Union.svg/23px-Flag_of_the_Soviet_Union.svg.png,BRDM-2,captured,https://i.postimg.cc/SxJH19F9/Screenshot-8366.png,67,143,79,5,59,NA,2022-10-04T21:08:09Z
Armoured Fighting Vehicles,Ukraine,https://upload.wikimedia.org/wikipedia/commons/thumb/a/a9/Flag_of_the_Soviet_Union.svg/23px-Flag_of_the_Soviet_Union.svg.png,BRDM-2,captured,https://i.postimg.cc/1RvcMjbR/3hl.png,67,143,79,5,59,NA,2022-10-04T21:08:09Z
Armoured Fighting Vehicles,Ukraine,https://upload.wikimedia.org/wikipedia/commons/thumb/a/a9/Flag_of_the_Soviet_Union.svg/23px-Flag_of_the_Soviet_Union.svg.png,BRDM-2,captured,https://i.postimg.cc/ry5PsgNL/d13.png,67,143,79,5,59,NA,2022-10-04T21:08:09Z
Armoured Fighting Vehicles,Ukraine,https://upload.wikimedia.org/wikipedia/commons/thumb/a/a9/Flag_of_the_Soviet_Union.svg/23px-Flag_of_the_Soviet_Union.svg.png,BRDM-2,captured,https://i.postimg.cc/ry5PsgNL/d13.png,67,143,79,5,59,NA,2022-10-04T21:08:09Z
Armoured Fighting Vehicles,Ukraine,https://upload.wikimedia.org/wikipedia/commons/thumb/a/a9/Flag_of_the_Soviet_Union.svg/23px-Flag_of_the_Soviet_Union.svg.png,BRDM-2,captured,https://i.postimg.cc/ZYQhmscP/438.png,67,143,79,5,59,NA,2022-10-04T21:08:09Z
Armoured Fighting Vehicles,Ukraine,https://upload.wikimedia.org/wikipedia/commons/thumb/a/a9/Flag_of_the_Soviet_Union.svg/23px-Flag_of_the_Soviet_Union.svg.png,BRDM-2,captured,https://i.postimg.cc/fRy80Tc8/542.png,67,143,79,5,59,NA,2022-10-04T21:08:09Z
Armoured Fighting Vehicles,Ukraine,https://upload.wikimedia.org/wikipedia/commons/thumb/a/a9/Flag_of_the_Soviet_Union.svg/23px-Flag_of_the_Soviet_Union.svg.png,BRDM-2,captured,https://i.postimg.cc/26hQJK6t/4f1.png,67,143,79,5,59,NA,2022-10-04T21:08:09Z
Armoured Fighting Vehicles,Ukraine,https://upload.wikimedia.org/wikipedia/commons/thumb/a/a9/Flag_of_the_Soviet_Union.svg/23px-Flag_of_the_Soviet_Union.svg.png,BRDM-2,captured,https://i.postimg.cc/KcC7csQq/477.png,67,143,79,5,59,NA,2022-10-04T21:08:09Z
Armoured Fighting Vehicles,Ukraine,https://upload.wikimedia.org/wikipedia/commons/thumb/a/a9/Flag_of_the_Soviet_Union.svg/23px-Flag_of_the_Soviet_Union.svg.png,BRDM-2,captured,https://i.postimg.cc/HL340vkC/27.png,67,143,79,5,59,NA,2022-10-04T21:08:09Z
Armoured Fighting Vehicles,Ukraine,https://upload.wikimedia.org/wikipedia/commons/thumb/a/a9/Flag_of_the_Soviet_Union.svg/23px-Flag_of_the_Soviet_Union.svg.png,BRDM-2,captured,https://i.postimg.cc/htZsSH95/443.jpg,67,143,79,5,59,NA,2022-10-04T21:08:09Z
Armoured Fighting Vehicles,Ukraine,https://upload.wikimedia.org/wikipedia/commons/thumb/a/a9/Flag_of_the_Soviet_Union.svg/23px-Flag_of_the_Soviet_Union.svg.png,BRDM-2,captured,https://i.postimg.cc/Lsmp3xYM/37.png,67,143,79,5,59,NA,2022-10-04T21:08:09Z
Armoured Fighting Vehicles,Ukraine,https://upload.wikimedia.org/wikipedia/commons/thumb/a/a9/Flag_of_the_Soviet_Union.svg/23px-Flag_of_the_Soviet_Union.svg.png,BRDM-2,captured,https://i.postimg.cc/RZfGyS3W/4330.png,67,143,79,5,59,NA,2022-10-04T21:08:09Z
Armoured Fighting Vehicles,Ukraine,https://upload.wikimedia.org/wikipedia/commons/thumb/a/a9/Flag_of_the_Soviet_Union.svg/23px-Flag_of_the_Soviet_Union.svg.png,BRDM-2,captured,https://i.postimg.cc/bYGkc8Kq/358.png,67,143,79,5,59,NA,2022-10-04T21:08:09Z
Armoured Fighting Vehicles,Ukraine,https://upload.wikimedia.org/wikipedia/commons/thumb/a/a9/Flag_of_the_Soviet_Union.svg/23px-Flag_of_the_Soviet_Union.svg.png,BRDM-2,captured,https://i.postimg.cc/4NkchXtV/6650.png,67,143,79,5,59,NA,2022-10-04T21:08:09Z
Armoured Fighting Vehicles,Ukraine,https://upload.wikimedia.org/wikipedia/commons/thumb/a/a9/Flag_of_the_Soviet_Union.svg/23px-Flag_of_the_Soviet_Union.svg.png,BRDM-2,captured,https://i.postimg.cc/Znpzq7dX/f9.png,67,143,79,5,59,NA,2022-10-04T21:08:09Z
Armoured Fighting Vehicles,Ukraine,https://upload.wikimedia.org/wikipedia/commons/thumb/a/a9/Flag_of_the_Soviet_Union.svg/23px-Flag_of_the_Soviet_Union.svg.png,BRDM-2,captured,https://i.postimg.cc/bwB497M3/a11.png,67,143,79,5,59,NA,2022-10-04T21:08:09Z
Armoured Fighting Vehicles,Ukraine,https://upload.wikimedia.org/wikipedia/commons/thumb/a/a9/Flag_of_the_Soviet_Union.svg/23px-Flag_of_the_Soviet_Union.svg.png,BRDM-2,captured,https://i.postimg.cc/V6jT1dNV/a22.png,67,143,79,5,59,NA,2022-10-04T21:08:09Z
Armoured Fighting Vehicles,Ukraine,https://upload.wikimedia.org/wikipedia/commons/thumb/a/a9/Flag_of_the_Soviet_Union.svg/23px-Flag_of_the_Soviet_Union.svg.png,BRDM-2,captured,https://i.postimg.cc/TYfDBCPr/577.png,67,143,79,5,59,NA,2022-10-04T21:08:09Z
Armoured Fighting Vehicles,Ukraine,https://upload.wikimedia.org/wikipedia/commons/thumb/a/a9/Flag_of_the_Soviet_Union.svg/23px-Flag_of_the_Soviet_Union.svg.png,BRDM-2,captured,https://i.postimg.cc/x1Pz37Vk/5577.png,67,143,79,5,59,NA,2022-10-04T21:08:09Z
Armoured Fighting Vehicles,Ukraine,https://upload.wikimedia.org/wikipedia/commons/thumb/a/a9/Flag_of_the_Soviet_Union.svg/23px-Flag_of_the_Soviet_Union.svg.png,BRDM-2,captured,https://i.postimg.cc/7Pg0LbtM/553.png,67,143,79,5,59,NA,2022-10-04T21:08:09Z
Armoured Fighting Vehicles,Ukraine,https://upload.wikimedia.org/wikipedia/commons/thumb/a/a9/Flag_of_the_Soviet_Union.svg/23px-Flag_of_the_Soviet_Union.svg.png,BRDM-2,captured,https://i.postimg.cc/Nf1s0JTN/a3.png,67,143,79,5,59,NA,2022-10-04T21:08:09Z
Armoured Fighting Vehicles,Ukraine,https://upload.wikimedia.org/wikipedia/commons/thumb/a/a9/Flag_of_the_Soviet_Union.svg/23px-Flag_of_the_Soviet_Union.svg.png,BRDM-2,captured,https://i.postimg.cc/MKcHscPj/g544.png,67,143,79,5,59,NA,2022-10-04T21:08:09Z
Armoured Fighting Vehicles,Ukraine,https://upload.wikimedia.org/wikipedia/commons/thumb/a/a9/Flag_of_the_Soviet_Union.svg/23px-Flag_of_the_Soviet_Union.svg.png,BRDM-2,captured,https://i.postimg.cc/XvMt3H7S/4gj.png,67,143,79,5,59,NA,2022-10-04T21:08:09Z
Armoured Fighting Vehicles,Ukraine,https://upload.wikimedia.org/wikipedia/commons/thumb/a/a9/Flag_of_the_Soviet_Union.svg/23px-Flag_of_the_Soviet_Union.svg.png,BRDM-2,captured,https://i.postimg.cc/x8NZ9VzQ/bl.png,67,143,79,5,59,NA,2022-10-04T21:08:09Z
Armoured Fighting Vehicles,Ukraine,https://upload.wikimedia.org/wikipedia/commons/thumb/a/a9/Flag_of_the_Soviet_Union.svg/23px-Flag_of_the_Soviet_Union.svg.png,BRDM-2,captured,https://i.postimg.cc/x8NZ9VzQ/bl.png,67,143,79,5,59,NA,2022-10-04T21:08:09Z
Armoured Fighting Vehicles,Ukraine,https://upload.wikimedia.org/wikipedia/commons/thumb/a/a9/Flag_of_the_Soviet_Union.svg/23px-Flag_of_the_Soviet_Union.svg.png,BRDM-2,captured,https://i.postimg.cc/x8NZ9VzQ/bl.png,67,143,79,5,59,NA,2022-10-04T21:08:09Z
Armoured Fighting Vehicles,Ukraine,https://upload.wikimedia.org/wikipedia/commons/thumb/a/a9/Flag_of_the_Soviet_Union.svg/23px-Flag_of_the_Soviet_Union.svg.png,BRDM-2,captured,https://i.postimg.cc/x8NZ9VzQ/bl.png,67,143,79,5,59,NA,2022-10-04T21:08:09Z
Armoured Fighting Vehicles,Ukraine,https://upload.wikimedia.org/wikipedia/commons/thumb/a/a9/Flag_of_the_Soviet_Union.svg/23px-Flag_of_the_Soviet_Union.svg.png,BRDM-2,captured,https://i.postimg.cc/x8NZ9VzQ/bl.png,67,143,79,5,59,NA,2022-10-04T21:08:09Z
Armoured Fighting Vehicles,Ukraine,https://upload.wikimedia.org/wikipedia/commons/thumb/a/a9/Flag_of_the_Soviet_Union.svg/23px-Flag_of_the_Soviet_Union.svg.png,BRDM-2,captured,https://i.postimg.cc/vBJzLg4R/bl.png,67,143,79,5,59,NA,2022-10-04T21:08:09Z
Armoured Fighting Vehicles,Ukraine,https://upload.wikimedia.org/wikipedia/commons/thumb/a/a9/Flag_of_the_Soviet_Union.svg/23px-Flag_of_the_Soviet_Union.svg.png,BRDM-2,captured,https://i.postimg.cc/Y0pYBKNR/325.png,67,143,79,5,59,NA,2022-10-04T21:08:09Z
Armoured Fighting Vehicles,Ukraine,https://upload.wikimedia.org/wikipedia/commons/thumb/a/a9/Flag_of_the_Soviet_Union.svg/23px-Flag_of_the_Soviet_Union.svg.png,BRDM-2,captured,https://i.postimg.cc/HLz3dRwD/f455.png,67,143,79,5,59,NA,2022-10-04T21:08:09Z
Armoured Fighting Vehicles,Ukraine,https://upload.wikimedia.org/wikipedia/commons/thumb/a/a9/Flag_of_the_Soviet_Union.svg/23px-Flag_of_the_Soviet_Union.svg.png,BRDM-2,captured,https://postimg.cc/qgxtrDB5,67,143,79,5,59,NA,2022-10-04T21:08:09Z
Armoured Fighting Vehicles,Ukraine,https://upload.wikimedia.org/wikipedia/commons/thumb/a/a9/Flag_of_the_Soviet_Union.svg/23px-Flag_of_the_Soviet_Union.svg.png,BRDM-2,captured,https://i.postimg.cc/QNKN2xMZ/a1.png,67,143,79,5,59,NA,2022-10-04T21:08:09Z
Armoured Fighting Vehicles,Ukraine,https://upload.wikimedia.org/wikipedia/commons/thumb/a/a9/Flag_of_the_Soviet_Union.svg/23px-Flag_of_the_Soviet_Union.svg.png,BRDM-2,captured,https://i.postimg.cc/3JMrY5y4/a2.png,67,143,79,5,59,NA,2022-10-04T21:08:09Z
Armoured Fighting Vehicles,Ukraine,https://upload.wikimedia.org/wikipedia/commons/thumb/a/a9/Flag_of_the_Soviet_Union.svg/23px-Flag_of_the_Soviet_Union.svg.png,BRDM-2,captured,https://twitter.com/UAWeapons/status/1569740914821664770,67,143,79,5,59,NA,2022-10-04T21:08:09Z
Armoured Fighting Vehicles,Ukraine,https://upload.wikimedia.org/wikipedia/commons/thumb/4/49/Flag_of_Ukraine.svg/23px-Flag_of_Ukraine.svg.png,Vepr,destroyed,https://i.postimg.cc/yxBhsQ50/2000-Vepr-BRDM.png,2,143,79,5,59,NA,2022-10-04T21:08:09Z
Armoured Fighting Vehicles,Ukraine,https://upload.wikimedia.org/wikipedia/commons/thumb/4/49/Flag_of_Ukraine.svg/23px-Flag_of_Ukraine.svg.png,Vepr,captured,https://i.postimg.cc/WbkQmHty/5gl.png,2,143,79,5,59,NA,2022-10-04T21:08:09Z
Armoured Fighting Vehicles,Ukraine,https://upload.wikimedia.org/wikipedia/commons/thumb/a/a9/Flag_of_the_Soviet_Union.svg/23px-Flag_of_the_Soviet_Union.svg.png,MT-LB,destroyed,https://i.postimg.cc/ry4rL6Zz/4fs.png,17,143,79,5,59,NA,2022-10-04T21:08:09Z
Armoured Fighting Vehicles,Ukraine,https://upload.wikimedia.org/wikipedia/commons/thumb/a/a9/Flag_of_the_Soviet_Union.svg/23px-Flag_of_the_Soviet_Union.svg.png,MT-LB,destroyed,https://i.postimg.cc/15LSXyBT/5488.png,17,143,79,5,59,NA,2022-10-04T21:08:09Z
Armoured Fighting Vehicles,Ukraine,https://upload.wikimedia.org/wikipedia/commons/thumb/a/a9/Flag_of_the_Soviet_Union.svg/23px-Flag_of_the_Soviet_Union.svg.png,MT-LB,destroyed,https://twitter.com/UAWeapons/status/1531327070852325377,17,143,79,5,59,NA,2022-10-04T21:08:09Z
Armoured Fighting Vehicles,Ukraine,https://upload.wikimedia.org/wikipedia/commons/thumb/a/a9/Flag_of_the_Soviet_Union.svg/23px-Flag_of_the_Soviet_Union.svg.png,MT-LB,destroyed,https://i.postimg.cc/SsjQ8RFg/2003.jpg,17,143,79,5,59,NA,2022-10-04T21:08:09Z
Armoured Fighting Vehicles,Ukraine,https://upload.wikimedia.org/wikipedia/commons/thumb/a/a9/Flag_of_the_Soviet_Union.svg/23px-Flag_of_the_Soviet_Union.svg.png,MT-LB,destroyed,https://i.postimg.cc/SsjQ8RFg/2003.jpg,17,143,79,5,59,NA,2022-10-04T21:08:09Z
Armoured Fighting Vehicles,Ukraine,https://upload.wikimedia.org/wikipedia/commons/thumb/a/a9/Flag_of_the_Soviet_Union.svg/23px-Flag_of_the_Soviet_Union.svg.png,MT-LB,destroyed,https://twitter.com/RALee85/status/1546178363567529984,17,143,79,5,59,NA,2022-10-04T21:08:09Z
Armoured Fighting Vehicles,Ukraine,https://upload.wikimedia.org/wikipedia/commons/thumb/a/a9/Flag_of_the_Soviet_Union.svg/23px-Flag_of_the_Soviet_Union.svg.png,MT-LB,destroyed,https://i.postimg.cc/1zTgwbHc/4478.png,17,143,79,5,59,NA,2022-10-04T21:08:09Z
Armoured Fighting Vehicles,Ukraine,https://upload.wikimedia.org/wikipedia/commons/thumb/a/a9/Flag_of_the_Soviet_Union.svg/23px-Flag_of_the_Soviet_Union.svg.png,MT-LB,destroyed,https://i.postimg.cc/NfD5FLv9/5g.png,17,143,79,5,59,NA,2022-10-04T21:08:09Z
Armoured Fighting Vehicles,Ukraine,https://upload.wikimedia.org/wikipedia/commons/thumb/a/a9/Flag_of_the_Soviet_Union.svg/23px-Flag_of_the_Soviet_Union.svg.png,MT-LB,destroyed,https://i.postimg.cc/hGJx5GSY/4fb.png,17,143,79,5,59,NA,2022-10-04T21:08:09Z
Armoured Fighting Vehicles,Ukraine,https://upload.wikimedia.org/wikipedia/commons/thumb/a/a9/Flag_of_the_Soviet_Union.svg/23px-Flag_of_the_Soviet_Union.svg.png,MT-LB,destroyed,https://i.postimg.cc/ydp0QSR2/fn.png,17,143,79,5,59,NA,2022-10-04T21:08:09Z
Armoured Fighting Vehicles,Ukraine,https://upload.wikimedia.org/wikipedia/commons/thumb/a/a9/Flag_of_the_Soviet_Union.svg/23px-Flag_of_the_Soviet_Union.svg.png,MT-LB,destroyed,https://i.postimg.cc/cH6bD7ny/321.png,17,143,79,5,59,NA,2022-10-04T21:08:09Z
Armoured Fighting Vehicles,Ukraine,https://upload.wikimedia.org/wikipedia/commons/thumb/a/a9/Flag_of_the_Soviet_Union.svg/23px-Flag_of_the_Soviet_Union.svg.png,MT-LB,destroyed,https://i.postimg.cc/nr9tsd8j/558.png,17,143,79,5,59,NA,2022-10-04T21:08:09Z
Armoured Fighting Vehicles,Ukraine,https://upload.wikimedia.org/wikipedia/commons/thumb/a/a9/Flag_of_the_Soviet_Union.svg/23px-Flag_of_the_Soviet_Union.svg.png,MT-LB,abandoned,https://i.postimg.cc/D00sLq8C/Screenshot-8261.png,17,143,79,5,59,NA,2022-10-04T21:08:09Z
Armoured Fighting Vehicles,Ukraine,https://upload.wikimedia.org/wikipedia/commons/thumb/a/a9/Flag_of_the_Soviet_Union.svg/23px-Flag_of_the_Soviet_Union.svg.png,MT-LB,captured,https://i.postimg.cc/fTkR5p00/12.png,17,143,79,5,59,NA,2022-10-04T21:08:09Z
Armoured Fighting Vehicles,Ukraine,https://upload.wikimedia.org/wikipedia/commons/thumb/a/a9/Flag_of_the_Soviet_Union.svg/23px-Flag_of_the_Soviet_Union.svg.png,MT-LB,captured,https://i.postimg.cc/66vbq3wB/776.png,17,143,79,5,59,NA,2022-10-04T21:08:09Z
Armoured Fighting Vehicles,Ukraine,https://upload.wikimedia.org/wikipedia/commons/thumb/a/a9/Flag_of_the_Soviet_Union.svg/23px-Flag_of_the_Soviet_Union.svg.png,MT-LB,captured,https://twitter.com/UAWeapons/status/1543548861653843968,17,143,79,5,59,NA,2022-10-04T21:08:09Z
Armoured Fighting Vehicles,Ukraine,https://upload.wikimedia.org/wikipedia/commons/thumb/a/a9/Flag_of_the_Soviet_Union.svg/23px-Flag_of_the_Soviet_Union.svg.png,MT-LB,captured,https://twitter.com/UAWeapons/status/1545899373724422151,17,143,79,5,59,NA,2022-10-04T21:08:09Z
Armoured Fighting Vehicles,Ukraine,https://upload.wikimedia.org/wikipedia/commons/thumb/a/a9/Flag_of_the_Soviet_Union.svg/23px-Flag_of_the_Soviet_Union.svg.png,MT-LB with ZU-23 AA gun,destroyed,https://i.postimg.cc/GmFC2VRb/456.png,7,143,79,5,59,NA,2022-10-04T21:08:09Z
Armoured Fighting Vehicles,Ukraine,https://upload.wikimedia.org/wikipedia/commons/thumb/a/a9/Flag_of_the_Soviet_Union.svg/23px-Flag_of_the_Soviet_Union.svg.png,MT-LB with ZU-23 AA gun,destroyed,https://postimg.cc/0zHcXggY,7,143,79,5,59,NA,2022-10-04T21:08:09Z
Armoured Fighting Vehicles,Ukraine,https://upload.wikimedia.org/wikipedia/commons/thumb/a/a9/Flag_of_the_Soviet_Union.svg/23px-Flag_of_the_Soviet_Union.svg.png,MT-LB with ZU-23 AA gun,destroyed,https://i.postimg.cc/Rhd3fZy0/id33166-06.jpg,7,143,79,5,59,NA,2022-10-04T21:08:09Z
Armoured Fighting Vehicles,Ukraine,https://upload.wikimedia.org/wikipedia/commons/thumb/a/a9/Flag_of_the_Soviet_Union.svg/23px-Flag_of_the_Soviet_Union.svg.png,MT-LB with ZU-23 AA gun,destroyed,https://i.postimg.cc/VkgPMXzY/f332.png,7,143,79,5,59,NA,2022-10-04T21:08:09Z
Armoured Fighting Vehicles,Ukraine,https://upload.wikimedia.org/wikipedia/commons/thumb/a/a9/Flag_of_the_Soviet_Union.svg/23px-Flag_of_the_Soviet_Union.svg.png,MT-LB with ZU-23 AA gun,destroyed,https://i.postimg.cc/L4PYbN1H/155.png,7,143,79,5,59,NA,2022-10-04T21:08:09Z
Armoured Fighting Vehicles,Ukraine,https://upload.wikimedia.org/wikipedia/commons/thumb/a/a9/Flag_of_the_Soviet_Union.svg/23px-Flag_of_the_Soviet_Union.svg.png,MT-LB with ZU-23 AA gun,destroyed,https://twitter.com/UAWeapons/status/1572307996771762178,7,143,79,5,59,NA,2022-10-04T21:08:09Z
Armoured Fighting Vehicles,Ukraine,https://upload.wikimedia.org/wikipedia/commons/thumb/a/a9/Flag_of_the_Soviet_Union.svg/23px-Flag_of_the_Soviet_Union.svg.png,MT-LB with ZU-23 AA gun,captured,https://i.postimg.cc/kMw23yTN/37h.png,7,143,79,5,59,NA,2022-10-04T21:08:09Z
Armoured Fighting Vehicles,Ukraine,https://upload.wikimedia.org/wikipedia/commons/thumb/a/a9/Flag_of_the_Soviet_Union.svg/23px-Flag_of_the_Soviet_Union.svg.png,MT-LB with ZU-23 AA gun,captured,https://i.postimg.cc/wxrq7CY2/4f4.png,7,143,79,5,59,NA,2022-10-04T21:08:09Z
Armoured Fighting Vehicles,Ukraine,https://upload.wikimedia.org/wikipedia/commons/thumb/a/a9/Flag_of_the_Soviet_Union.svg/23px-Flag_of_the_Soviet_Union.svg.png,BTS-4 ARV with ZU-23 AA gun,captured,https://i.postimg.cc/5tS2GFW7/d30.jpg,1,143,79,5,59,NA,2022-10-04T21:08:09Z
Armoured Fighting Vehicles,Ukraine,https://upload.wikimedia.org/wikipedia/commons/thumb/a/a9/Flag_of_the_Soviet_Union.svg/23px-Flag_of_the_Soviet_Union.svg.png,MT-LBu,destroyed,https://i.postimg.cc/tTtGQFZV/34.png,4,143,79,5,59,NA,2022-10-04T21:08:09Z
Armoured Fighting Vehicles,Ukraine,https://upload.wikimedia.org/wikipedia/commons/thumb/a/a9/Flag_of_the_Soviet_Union.svg/23px-Flag_of_the_Soviet_Union.svg.png,MT-LBu,destroyed,https://i.postimg.cc/RF2d9TK9/f89.png,4,143,79,5,59,NA,2022-10-04T21:08:09Z
Armoured Fighting Vehicles,Ukraine,https://upload.wikimedia.org/wikipedia/commons/thumb/a/a9/Flag_of_the_Soviet_Union.svg/23px-Flag_of_the_Soviet_Union.svg.png,MT-LBu,captured,https://i.postimg.cc/qqpf540b/a1.png,4,143,79,5,59,NA,2022-10-04T21:08:09Z
Armoured Fighting Vehicles,Ukraine,https://upload.wikimedia.org/wikipedia/commons/thumb/a/a9/Flag_of_the_Soviet_Union.svg/23px-Flag_of_the_Soviet_Union.svg.png,MT-LBu,captured,https://i.postimg.cc/RhB7NvQ0/776.png,4,143,79,5,59,NA,2022-10-04T21:08:09Z
Armoured Fighting Vehicles,Ukraine,https://upload.wikimedia.org/wikipedia/commons/thumb/4/49/Flag_of_Ukraine.svg/23px-Flag_of_Ukraine.svg.png,MT-LB-S Ambulance,destroyed,https://i.postimg.cc/Kcw23zMd/331.png,10,143,79,5,59,NA,2022-10-04T21:08:09Z
Armoured Fighting Vehicles,Ukraine,https://upload.wikimedia.org/wikipedia/commons/thumb/4/49/Flag_of_Ukraine.svg/23px-Flag_of_Ukraine.svg.png,MT-LB-S Ambulance,destroyed,https://i.postimg.cc/857p1Nfy/dd25.png,10,143,79,5,59,NA,2022-10-04T21:08:09Z
Armoured Fighting Vehicles,Ukraine,https://upload.wikimedia.org/wikipedia/commons/thumb/4/49/Flag_of_Ukraine.svg/23px-Flag_of_Ukraine.svg.png,MT-LB-S Ambulance,destroyed,https://i.postimg.cc/6pKNbR3y/6655.png,10,143,79,5,59,NA,2022-10-04T21:08:09Z
Armoured Fighting Vehicles,Ukraine,https://upload.wikimedia.org/wikipedia/commons/thumb/4/49/Flag_of_Ukraine.svg/23px-Flag_of_Ukraine.svg.png,MT-LB-S Ambulance,destroyed,https://i.postimg.cc/gjXpXXqd/144.png,10,143,79,5,59,NA,2022-10-04T21:08:09Z
Armoured Fighting Vehicles,Ukraine,https://upload.wikimedia.org/wikipedia/commons/thumb/4/49/Flag_of_Ukraine.svg/23px-Flag_of_Ukraine.svg.png,MT-LB-S Ambulance,destroyed,https://twitter.com/UAWeapons/status/1571108754393042947,10,143,79,5,59,NA,2022-10-04T21:08:09Z
Armoured Fighting Vehicles,Ukraine,https://upload.wikimedia.org/wikipedia/commons/thumb/4/49/Flag_of_Ukraine.svg/23px-Flag_of_Ukraine.svg.png,MT-LB-S Ambulance,destroyed,https://twitter.com/UAWeapons/status/1572307996771762178,10,143,79,5,59,NA,2022-10-04T21:08:09Z
Armoured Fighting Vehicles,Ukraine,https://upload.wikimedia.org/wikipedia/commons/thumb/4/49/Flag_of_Ukraine.svg/23px-Flag_of_Ukraine.svg.png,MT-LB-S Ambulance,destroyed,https://i.postimg.cc/yYmr4C2L/2001-mt-lb-s-destr.jpg,10,143,79,5,59,NA,2022-10-04T21:08:09Z
Armoured Fighting Vehicles,Ukraine,https://upload.wikimedia.org/wikipedia/commons/thumb/4/49/Flag_of_Ukraine.svg/23px-Flag_of_Ukraine.svg.png,MT-LB-S Ambulance,abandoned,https://i.postimg.cc/3Jv5s5tq/468.png,10,143,79,5,59,NA,2022-10-04T21:08:09Z
Armoured Fighting Vehicles,Ukraine,https://upload.wikimedia.org/wikipedia/commons/thumb/4/49/Flag_of_Ukraine.svg/23px-Flag_of_Ukraine.svg.png,MT-LB-S Ambulance,captured,https://i.postimg.cc/hPb8k9Qw/8744.png,10,143,79,5,59,NA,2022-10-04T21:08:09Z
Armoured Fighting Vehicles,Ukraine,https://upload.wikimedia.org/wikipedia/commons/thumb/4/49/Flag_of_Ukraine.svg/23px-Flag_of_Ukraine.svg.png,MT-LB-S Ambulance,captured,https://i.postimg.cc/m2tfxBb9/d1.png,10,143,79,5,59,NA,2022-10-04T21:08:09Z
Armoured Fighting Vehicles,Ukraine,https://upload.wikimedia.org/wikipedia/commons/thumb/4/49/Flag_of_Ukraine.svg/23px-Flag_of_Ukraine.svg.png,BMM-70 Ambulance,destroyed,https://i.postimg.cc/9f7xTgdS/43.png,1,143,79,5,59,NA,2022-10-04T21:08:09Z
Armoured Fighting Vehicles,Ukraine,https://upload.wikimedia.org/wikipedia/commons/thumb/4/49/Flag_of_Ukraine.svg/23px-Flag_of_Ukraine.svg.png,BMM-4C Ambulance,destroyed,https://postlmg.cc/vgbkz5j3,2,143,79,5,59,NA,2022-10-04T21:08:09Z
Armoured Fighting Vehicles,Ukraine,https://upload.wikimedia.org/wikipedia/commons/thumb/4/49/Flag_of_Ukraine.svg/23px-Flag_of_Ukraine.svg.png,BMM-4C Ambulance,captured,https://i.postimg.cc/pdVsmcw4/66554.jpg,2,143,79,5,59,NA,2022-10-04T21:08:09Z
Armoured Fighting Vehicles,Ukraine,https://upload.wikimedia.org/wikipedia/commons/thumb/4/49/Flag_of_Ukraine.svg/23px-Flag_of_Ukraine.svg.png,Unknown AFV,destroyed,https://i.postimg.cc/SNyxgzqX/3280.png,15,143,79,5,59,NA,2022-10-04T21:08:09Z
Armoured Fighting Vehicles,Ukraine,https://upload.wikimedia.org/wikipedia/commons/thumb/4/49/Flag_of_Ukraine.svg/23px-Flag_of_Ukraine.svg.png,Unknown AFV,destroyed,https://i.postimg.cc/RZxLrS2h/443.jpg,15,143,79,5,59,NA,2022-10-04T21:08:09Z
Armoured Fighting Vehicles,Ukraine,https://upload.wikimedia.org/wikipedia/commons/thumb/4/49/Flag_of_Ukraine.svg/23px-Flag_of_Ukraine.svg.png,Unknown AFV,destroyed,https://i.postimg.cc/0yCWcKrP/13.jpg,15,143,79,5,59,NA,2022-10-04T21:08:09Z
Armoured Fighting Vehicles,Ukraine,https://upload.wikimedia.org/wikipedia/commons/thumb/4/49/Flag_of_Ukraine.svg/23px-Flag_of_Ukraine.svg.png,Unknown AFV,destroyed,https://i.postimg.cc/mDPmLdjg/14.jpg,15,143,79,5,59,NA,2022-10-04T21:08:09Z
Armoured Fighting Vehicles,Ukraine,https://upload.wikimedia.org/wikipedia/commons/thumb/4/49/Flag_of_Ukraine.svg/23px-Flag_of_Ukraine.svg.png,Unknown AFV,destroyed,https://i.postimg.cc/6qRzRyDs/15.jpg,15,143,79,5,59,NA,2022-10-04T21:08:09Z
Armoured Fighting Vehicles,Ukraine,https://upload.wikimedia.org/wikipedia/commons/thumb/4/49/Flag_of_Ukraine.svg/23px-Flag_of_Ukraine.svg.png,Unknown AFV,destroyed,https://i.postimg.cc/cCCVWyPT/40.png,15,143,79,5,59,NA,2022-10-04T21:08:09Z
Armoured Fighting Vehicles,Ukraine,https://upload.wikimedia.org/wikipedia/commons/thumb/4/49/Flag_of_Ukraine.svg/23px-Flag_of_Ukraine.svg.png,Unknown AFV,destroyed,https://i.postimg.cc/MpvjR67J/4t.jpg,15,143,79,5,59,NA,2022-10-04T21:08:09Z
Armoured Fighting Vehicles,Ukraine,https://upload.wikimedia.org/wikipedia/commons/thumb/4/49/Flag_of_Ukraine.svg/23px-Flag_of_Ukraine.svg.png,Unknown AFV,destroyed,https://i.postimg.cc/RZDhQVmk/5544.jpg,15,143,79,5,59,NA,2022-10-04T21:08:09Z
Armoured Fighting Vehicles,Ukraine,https://upload.wikimedia.org/wikipedia/commons/thumb/4/49/Flag_of_Ukraine.svg/23px-Flag_of_Ukraine.svg.png,Unknown AFV,destroyed,https://twitter.com/UAWeapons/status/1519769346624704514,15,143,79,5,59,NA,2022-10-04T21:08:09Z
Armoured Fighting Vehicles,Ukraine,https://upload.wikimedia.org/wikipedia/commons/thumb/4/49/Flag_of_Ukraine.svg/23px-Flag_of_Ukraine.svg.png,Unknown AFV,destroyed,https://i.postimg.cc/G20wN7sN/h7.jpg,15,143,79,5,59,NA,2022-10-04T21:08:09Z
Armoured Fighting Vehicles,Ukraine,https://upload.wikimedia.org/wikipedia/commons/thumb/4/49/Flag_of_Ukraine.svg/23px-Flag_of_Ukraine.svg.png,Unknown AFV,destroyed,https://i.postimg.cc/KjxXc1fD/h8.jpg,15,143,79,5,59,NA,2022-10-04T21:08:09Z
Armoured Fighting Vehicles,Ukraine,https://upload.wikimedia.org/wikipedia/commons/thumb/4/49/Flag_of_Ukraine.svg/23px-Flag_of_Ukraine.svg.png,Unknown AFV,destroyed,https://twitter.com/RALee85/status/1546190144335740928,15,143,79,5,59,NA,2022-10-04T21:08:09Z
Armoured Fighting Vehicles,Ukraine,https://upload.wikimedia.org/wikipedia/commons/thumb/4/49/Flag_of_Ukraine.svg/23px-Flag_of_Ukraine.svg.png,Unknown AFV,destroyed,https://twitter.com/UAWeapons/status/1550129446744576001,15,143,79,5,59,NA,2022-10-04T21:08:09Z
Armoured Fighting Vehicles,Ukraine,https://upload.wikimedia.org/wikipedia/commons/thumb/4/49/Flag_of_Ukraine.svg/23px-Flag_of_Ukraine.svg.png,Unknown AFV,destroyed,https://i.postimg.cc/HsbBTh78/2001-unkn-afv.jpg,15,143,79,5,59,NA,2022-10-04T21:08:09Z
Infantry Fighting Vehicles,Ukraine,https://upload.wikimedia.org/wikipedia/commons/thumb/a/a9/Flag_of_the_Soviet_Union.svg/23px-Flag_of_the_Soviet_Union.svg.png,BMP-1(P),destroyed,https://i.postimg.cc/TwZXLdT1/d67.png,126,259,170,20,63,6,2022-10-04T21:08:09Z
Infantry Fighting Vehicles,Ukraine,https://upload.wikimedia.org/wikipedia/commons/thumb/a/a9/Flag_of_the_Soviet_Union.svg/23px-Flag_of_the_Soviet_Union.svg.png,BMP-1(P),destroyed,https://i.postimg.cc/V6Xg1gbX/886.png,126,259,170,20,63,6,2022-10-04T21:08:09Z
Infantry Fighting Vehicles,Ukraine,https://upload.wikimedia.org/wikipedia/commons/thumb/a/a9/Flag_of_the_Soviet_Union.svg/23px-Flag_of_the_Soviet_Union.svg.png,BMP-1(P),destroyed,https://i.postimg.cc/W4X6yy25/443689.png,126,259,170,20,63,6,2022-10-04T21:08:09Z
Infantry Fighting Vehicles,Ukraine,https://upload.wikimedia.org/wikipedia/commons/thumb/a/a9/Flag_of_the_Soviet_Union.svg/23px-Flag_of_the_Soviet_Union.svg.png,BMP-1(P),destroyed,https://i.postimg.cc/hG2MhLNM/s2.png,126,259,170,20,63,6,2022-10-04T21:08:09Z
Infantry Fighting Vehicles,Ukraine,https://upload.wikimedia.org/wikipedia/commons/thumb/a/a9/Flag_of_the_Soviet_Union.svg/23px-Flag_of_the_Soviet_Union.svg.png,BMP-1(P),destroyed,https://i.postimg.cc/j5X4H5W7/432.png,126,259,170,20,63,6,2022-10-04T21:08:09Z
Infantry Fighting Vehicles,Ukraine,https://upload.wikimedia.org/wikipedia/commons/thumb/a/a9/Flag_of_the_Soviet_Union.svg/23px-Flag_of_the_Soviet_Union.svg.png,BMP-1(P),destroyed,https://i.postimg.cc/ht5ZrGMM/68.jpg,126,259,170,20,63,6,2022-10-04T21:08:09Z
Infantry Fighting Vehicles,Ukraine,https://upload.wikimedia.org/wikipedia/commons/thumb/a/a9/Flag_of_the_Soviet_Union.svg/23px-Flag_of_the_Soviet_Union.svg.png,BMP-1(P),destroyed,https://i.postimg.cc/ht5ZrGMM/68.jpg,126,259,170,20,63,6,2022-10-04T21:08:09Z
Infantry Fighting Vehicles,Ukraine,https://upload.wikimedia.org/wikipedia/commons/thumb/a/a9/Flag_of_the_Soviet_Union.svg/23px-Flag_of_the_Soviet_Union.svg.png,BMP-1(P),destroyed,https://i.postimg.cc/630tyFmK/b1.png,126,259,170,20,63,6,2022-10-04T21:08:09Z
Infantry Fighting Vehicles,Ukraine,https://upload.wikimedia.org/wikipedia/commons/thumb/a/a9/Flag_of_the_Soviet_Union.svg/23px-Flag_of_the_Soviet_Union.svg.png,BMP-1(P),destroyed,https://i.postimg.cc/nLKtP6Zm/b1.png,126,259,170,20,63,6,2022-10-04T21:08:09Z
Infantry Fighting Vehicles,Ukraine,https://upload.wikimedia.org/wikipedia/commons/thumb/a/a9/Flag_of_the_Soviet_Union.svg/23px-Flag_of_the_Soviet_Union.svg.png,BMP-1(P),destroyed,https://i.postimg.cc/vBPCRyK4/795.png,126,259,170,20,63,6,2022-10-04T21:08:09Z
Infantry Fighting Vehicles,Ukraine,https://upload.wikimedia.org/wikipedia/commons/thumb/a/a9/Flag_of_the_Soviet_Union.svg/23px-Flag_of_the_Soviet_Union.svg.png,BMP-1(P),destroyed,https://i.postimg.cc/d09V0NC2/3387.png,126,259,170,20,63,6,2022-10-04T21:08:09Z
Infantry Fighting Vehicles,Ukraine,https://upload.wikimedia.org/wikipedia/commons/thumb/a/a9/Flag_of_the_Soviet_Union.svg/23px-Flag_of_the_Soviet_Union.svg.png,BMP-1(P),destroyed,https://i.postimg.cc/XvKb6Y63/t8.png,126,259,170,20,63,6,2022-10-04T21:08:09Z
Infantry Fighting Vehicles,Ukraine,https://upload.wikimedia.org/wikipedia/commons/thumb/a/a9/Flag_of_the_Soviet_Union.svg/23px-Flag_of_the_Soviet_Union.svg.png,BMP-1(P),destroyed,https://i.postimg.cc/Tw3V9ZRL/67.png,126,259,170,20,63,6,2022-10-04T21:08:09Z
Infantry Fighting Vehicles,Ukraine,https://upload.wikimedia.org/wikipedia/commons/thumb/a/a9/Flag_of_the_Soviet_Union.svg/23px-Flag_of_the_Soviet_Union.svg.png,BMP-1(P),destroyed,https://i.postimg.cc/nhLG4MGY/14.png,126,259,170,20,63,6,2022-10-04T21:08:09Z
Infantry Fighting Vehicles,Ukraine,https://upload.wikimedia.org/wikipedia/commons/thumb/a/a9/Flag_of_the_Soviet_Union.svg/23px-Flag_of_the_Soviet_Union.svg.png,BMP-1(P),destroyed,https://i.postimg.cc/YCYxSQX0/443.jpg,126,259,170,20,63,6,2022-10-04T21:08:09Z
Infantry Fighting Vehicles,Ukraine,https://upload.wikimedia.org/wikipedia/commons/thumb/a/a9/Flag_of_the_Soviet_Union.svg/23px-Flag_of_the_Soviet_Union.svg.png,BMP-1(P),destroyed,https://i.postimg.cc/xdJBGM0N/d7.jpg,126,259,170,20,63,6,2022-10-04T21:08:09Z
Infantry Fighting Vehicles,Ukraine,https://upload.wikimedia.org/wikipedia/commons/thumb/a/a9/Flag_of_the_Soviet_Union.svg/23px-Flag_of_the_Soviet_Union.svg.png,BMP-1(P),destroyed,https://i.postimg.cc/HWFcRK9n/888777.png,126,259,170,20,63,6,2022-10-04T21:08:09Z
Infantry Fighting Vehicles,Ukraine,https://upload.wikimedia.org/wikipedia/commons/thumb/a/a9/Flag_of_the_Soviet_Union.svg/23px-Flag_of_the_Soviet_Union.svg.png,BMP-1(P),destroyed,https://i.postimg.cc/HksBZv63/769.png,126,259,170,20,63,6,2022-10-04T21:08:09Z
Infantry Fighting Vehicles,Ukraine,https://upload.wikimedia.org/wikipedia/commons/thumb/a/a9/Flag_of_the_Soviet_Union.svg/23px-Flag_of_the_Soviet_Union.svg.png,BMP-1(P),destroyed,https://i.postimg.cc/QCB8thnN/bb1.png,126,259,170,20,63,6,2022-10-04T21:08:09Z
Infantry Fighting Vehicles,Ukraine,https://upload.wikimedia.org/wikipedia/commons/thumb/a/a9/Flag_of_the_Soviet_Union.svg/23px-Flag_of_the_Soviet_Union.svg.png,BMP-1(P),destroyed,https://i.postimg.cc/6pV9THzZ/bb2.png,126,259,170,20,63,6,2022-10-04T21:08:09Z
Infantry Fighting Vehicles,Ukraine,https://upload.wikimedia.org/wikipedia/commons/thumb/a/a9/Flag_of_the_Soviet_Union.svg/23px-Flag_of_the_Soviet_Union.svg.png,BMP-1(P),destroyed,https://i.postimg.cc/N0PJS5Vj/324.jpg,126,259,170,20,63,6,2022-10-04T21:08:09Z
Infantry Fighting Vehicles,Ukraine,https://upload.wikimedia.org/wikipedia/commons/thumb/a/a9/Flag_of_the_Soviet_Union.svg/23px-Flag_of_the_Soviet_Union.svg.png,BMP-1(P),destroyed,https://i.postimg.cc/N0PJS5Vj/324.jpg,126,259,170,20,63,6,2022-10-04T21:08:09Z
Infantry Fighting Vehicles,Ukraine,https://upload.wikimedia.org/wikipedia/commons/thumb/a/a9/Flag_of_the_Soviet_Union.svg/23px-Flag_of_the_Soviet_Union.svg.png,BMP-1(P),destroyed,https://i.postimg.cc/Pr7NtW4w/557.jpg,126,259,170,20,63,6,2022-10-04T21:08:09Z
Infantry Fighting Vehicles,Ukraine,https://upload.wikimedia.org/wikipedia/commons/thumb/a/a9/Flag_of_the_Soviet_Union.svg/23px-Flag_of_the_Soviet_Union.svg.png,BMP-1(P),destroyed,https://i.postimg.cc/44Hd5rqF/d21.png,126,259,170,20,63,6,2022-10-04T21:08:09Z
Infantry Fighting Vehicles,Ukraine,https://upload.wikimedia.org/wikipedia/commons/thumb/a/a9/Flag_of_the_Soviet_Union.svg/23px-Flag_of_the_Soviet_Union.svg.png,BMP-1(P),destroyed,https://i.postimg.cc/ht7Q50gL/1b.png,126,259,170,20,63,6,2022-10-04T21:08:09Z
Infantry Fighting Vehicles,Ukraine,https://upload.wikimedia.org/wikipedia/commons/thumb/a/a9/Flag_of_the_Soviet_Union.svg/23px-Flag_of_the_Soviet_Union.svg.png,BMP-1(P),destroyed,https://i.postimg.cc/3R9kvSCT/2b.png,126,259,170,20,63,6,2022-10-04T21:08:09Z
Infantry Fighting Vehicles,Ukraine,https://upload.wikimedia.org/wikipedia/commons/thumb/a/a9/Flag_of_the_Soviet_Union.svg/23px-Flag_of_the_Soviet_Union.svg.png,BMP-1(P),destroyed,https://i.postimg.cc/FHdY233z/13.png,126,259,170,20,63,6,2022-10-04T21:08:09Z
Infantry Fighting Vehicles,Ukraine,https://upload.wikimedia.org/wikipedia/commons/thumb/a/a9/Flag_of_the_Soviet_Union.svg/23px-Flag_of_the_Soviet_Union.svg.png,BMP-1(P),destroyed,https://i.postimg.cc/3rXZk3xY/32d.png,126,259,170,20,63,6,2022-10-04T21:08:09Z
Infantry Fighting Vehicles,Ukraine,https://upload.wikimedia.org/wikipedia/commons/thumb/a/a9/Flag_of_the_Soviet_Union.svg/23px-Flag_of_the_Soviet_Union.svg.png,BMP-1(P),destroyed,https://i.postimg.cc/nrr42DxW/44311.png,126,259,170,20,63,6,2022-10-04T21:08:09Z
Infantry Fighting Vehicles,Ukraine,https://upload.wikimedia.org/wikipedia/commons/thumb/a/a9/Flag_of_the_Soviet_Union.svg/23px-Flag_of_the_Soviet_Union.svg.png,BMP-1(P),destroyed,https://i.postimg.cc/RhMQWh7r/6h.jpg,126,259,170,20,63,6,2022-10-04T21:08:09Z
Infantry Fighting Vehicles,Ukraine,https://upload.wikimedia.org/wikipedia/commons/thumb/a/a9/Flag_of_the_Soviet_Union.svg/23px-Flag_of_the_Soviet_Union.svg.png,BMP-1(P),destroyed,https://i.postimg.cc/13TsKY3X/3f.png,126,259,170,20,63,6,2022-10-04T21:08:09Z
Infantry Fighting Vehicles,Ukraine,https://upload.wikimedia.org/wikipedia/commons/thumb/a/a9/Flag_of_the_Soviet_Union.svg/23px-Flag_of_the_Soviet_Union.svg.png,BMP-1(P),destroyed,https://i.postimg.cc/NjVDLb1z/443117.png,126,259,170,20,63,6,2022-10-04T21:08:09Z
Infantry Fighting Vehicles,Ukraine,https://upload.wikimedia.org/wikipedia/commons/thumb/a/a9/Flag_of_the_Soviet_Union.svg/23px-Flag_of_the_Soviet_Union.svg.png,BMP-1(P),destroyed,https://i.postimg.cc/MZrsfWbT/44f.png,126,259,170,20,63,6,2022-10-04T21:08:09Z
Infantry Fighting Vehicles,Ukraine,https://upload.wikimedia.org/wikipedia/commons/thumb/a/a9/Flag_of_the_Soviet_Union.svg/23px-Flag_of_the_Soviet_Union.svg.png,BMP-1(P),destroyed,https://i.postimg.cc/g0c5v0fY/g7.png,126,259,170,20,63,6,2022-10-04T21:08:09Z
Infantry Fighting Vehicles,Ukraine,https://upload.wikimedia.org/wikipedia/commons/thumb/a/a9/Flag_of_the_Soviet_Union.svg/23px-Flag_of_the_Soviet_Union.svg.png,BMP-1(P),destroyed,https://i.postimg.cc/9f8X1LMM/187.png,126,259,170,20,63,6,2022-10-04T21:08:09Z
Infantry Fighting Vehicles,Ukraine,https://upload.wikimedia.org/wikipedia/commons/thumb/a/a9/Flag_of_the_Soviet_Union.svg/23px-Flag_of_the_Soviet_Union.svg.png,BMP-1(P),destroyed,https://i.postimg.cc/wM5qBB1y/1014.png,126,259,170,20,63,6,2022-10-04T21:08:09Z
Infantry Fighting Vehicles,Ukraine,https://upload.wikimedia.org/wikipedia/commons/thumb/a/a9/Flag_of_the_Soviet_Union.svg/23px-Flag_of_the_Soviet_Union.svg.png,BMP-1(P),destroyed,https://i.postimg.cc/DwB8xCj6/2002.jpg,126,259,170,20,63,6,2022-10-04T21:08:09Z
Infantry Fighting Vehicles,Ukraine,https://upload.wikimedia.org/wikipedia/commons/thumb/a/a9/Flag_of_the_Soviet_Union.svg/23px-Flag_of_the_Soviet_Union.svg.png,BMP-1(P),destroyed,https://i.postimg.cc/bww6t2gy/2106.jpg,126,259,170,20,63,6,2022-10-04T21:08:09Z
Infantry Fighting Vehicles,Ukraine,https://upload.wikimedia.org/wikipedia/commons/thumb/a/a9/Flag_of_the_Soviet_Union.svg/23px-Flag_of_the_Soviet_Union.svg.png,BMP-1(P),destroyed,https://i.postimg.cc/sDVmkZtY/2107.jpg,126,259,170,20,63,6,2022-10-04T21:08:09Z
Infantry Fighting Vehicles,Ukraine,https://upload.wikimedia.org/wikipedia/commons/thumb/a/a9/Flag_of_the_Soviet_Union.svg/23px-Flag_of_the_Soviet_Union.svg.png,BMP-1(P),destroyed,https://i.postimg.cc/MHw5KcX8/2108.jpg,126,259,170,20,63,6,2022-10-04T21:08:09Z
Infantry Fighting Vehicles,Ukraine,https://upload.wikimedia.org/wikipedia/commons/thumb/a/a9/Flag_of_the_Soviet_Union.svg/23px-Flag_of_the_Soviet_Union.svg.png,BMP-1(P),destroyed,https://i.postimg.cc/MZ0t3YrZ/2109.jpg,126,259,170,20,63,6,2022-10-04T21:08:09Z
Infantry Fighting Vehicles,Ukraine,https://upload.wikimedia.org/wikipedia/commons/thumb/a/a9/Flag_of_the_Soviet_Union.svg/23px-Flag_of_the_Soviet_Union.svg.png,BMP-1(P),destroyed,https://i.postimg.cc/hj8BPX7f/443115.png,126,259,170,20,63,6,2022-10-04T21:08:09Z
Infantry Fighting Vehicles,Ukraine,https://upload.wikimedia.org/wikipedia/commons/thumb/a/a9/Flag_of_the_Soviet_Union.svg/23px-Flag_of_the_Soviet_Union.svg.png,BMP-1(P),destroyed,https://postimg.cc/3yVfRsn8,126,259,170,20,63,6,2022-10-04T21:08:09Z
Infantry Fighting Vehicles,Ukraine,https://upload.wikimedia.org/wikipedia/commons/thumb/a/a9/Flag_of_the_Soviet_Union.svg/23px-Flag_of_the_Soviet_Union.svg.png,BMP-1(P),destroyed,https://i.postimg.cc/59g9LZnc/p1.png,126,259,170,20,63,6,2022-10-04T21:08:09Z
Infantry Fighting Vehicles,Ukraine,https://upload.wikimedia.org/wikipedia/commons/thumb/a/a9/Flag_of_the_Soviet_Union.svg/23px-Flag_of_the_Soviet_Union.svg.png,BMP-1(P),destroyed,https://i.postimg.cc/QNbT9fpd/3dd.png,126,259,170,20,63,6,2022-10-04T21:08:09Z
Infantry Fighting Vehicles,Ukraine,https://upload.wikimedia.org/wikipedia/commons/thumb/a/a9/Flag_of_the_Soviet_Union.svg/23px-Flag_of_the_Soviet_Union.svg.png,BMP-1(P),destroyed,https://i.postimg.cc/mD8pRwzD/b4.png,126,259,170,20,63,6,2022-10-04T21:08:09Z
Infantry Fighting Vehicles,Ukraine,https://upload.wikimedia.org/wikipedia/commons/thumb/a/a9/Flag_of_the_Soviet_Union.svg/23px-Flag_of_the_Soviet_Union.svg.png,BMP-1(P),destroyed,https://i.postimg.cc/HW8MYFHG/4ff3.png,126,259,170,20,63,6,2022-10-04T21:08:09Z
Infantry Fighting Vehicles,Ukraine,https://upload.wikimedia.org/wikipedia/commons/thumb/a/a9/Flag_of_the_Soviet_Union.svg/23px-Flag_of_the_Soviet_Union.svg.png,BMP-1(P),destroyed,https://i.postimg.cc/Hn0khqcR/3dd4.png,126,259,170,20,63,6,2022-10-04T21:08:09Z
Infantry Fighting Vehicles,Ukraine,https://upload.wikimedia.org/wikipedia/commons/thumb/a/a9/Flag_of_the_Soviet_Union.svg/23px-Flag_of_the_Soviet_Union.svg.png,BMP-1(P),destroyed,https://i.postimg.cc/m2Fwt8xq/d332.png,126,259,170,20,63,6,2022-10-04T21:08:09Z
Infantry Fighting Vehicles,Ukraine,https://upload.wikimedia.org/wikipedia/commons/thumb/a/a9/Flag_of_the_Soviet_Union.svg/23px-Flag_of_the_Soviet_Union.svg.png,BMP-1(P),destroyed,https://twitter.com/UAWeapons/status/1554912880989970432,126,259,170,20,63,6,2022-10-04T21:08:09Z
Infantry Fighting Vehicles,Ukraine,https://upload.wikimedia.org/wikipedia/commons/thumb/a/a9/Flag_of_the_Soviet_Union.svg/23px-Flag_of_the_Soviet_Union.svg.png,BMP-1(P),destroyed,https://i.postimg.cc/W4sC7Sd1/b1.png,126,259,170,20,63,6,2022-10-04T21:08:09Z
Infantry Fighting Vehicles,Ukraine,https://upload.wikimedia.org/wikipedia/commons/thumb/a/a9/Flag_of_the_Soviet_Union.svg/23px-Flag_of_the_Soviet_Union.svg.png,BMP-1(P),destroyed,https://i.postimg.cc/brbf5rpy/b2.png,126,259,170,20,63,6,2022-10-04T21:08:09Z
Infantry Fighting Vehicles,Ukraine,https://upload.wikimedia.org/wikipedia/commons/thumb/a/a9/Flag_of_the_Soviet_Union.svg/23px-Flag_of_the_Soviet_Union.svg.png,BMP-1(P),destroyed,https://postimg.cc/cv9fPGfZ,126,259,170,20,63,6,2022-10-04T21:08:09Z
Infantry Fighting Vehicles,Ukraine,https://upload.wikimedia.org/wikipedia/commons/thumb/a/a9/Flag_of_the_Soviet_Union.svg/23px-Flag_of_the_Soviet_Union.svg.png,BMP-1(P),destroyed,https://postimg.cc/ts8v8c01,126,259,170,20,63,6,2022-10-04T21:08:09Z
Infantry Fighting Vehicles,Ukraine,https://upload.wikimedia.org/wikipedia/commons/thumb/a/a9/Flag_of_the_Soviet_Union.svg/23px-Flag_of_the_Soviet_Union.svg.png,BMP-1(P),destroyed,https://i.postimg.cc/tRL06tp8/4422.png,126,259,170,20,63,6,2022-10-04T21:08:09Z
Infantry Fighting Vehicles,Ukraine,https://upload.wikimedia.org/wikipedia/commons/thumb/a/a9/Flag_of_the_Soviet_Union.svg/23px-Flag_of_the_Soviet_Union.svg.png,BMP-1(P),destroyed,https://i.postimg.cc/MTHFgXbC/3318.png,126,259,170,20,63,6,2022-10-04T21:08:09Z
Infantry Fighting Vehicles,Ukraine,https://upload.wikimedia.org/wikipedia/commons/thumb/a/a9/Flag_of_the_Soviet_Union.svg/23px-Flag_of_the_Soviet_Union.svg.png,BMP-1(P),destroyed,https://i.postimg.cc/zvbXDz5M/113.png,126,259,170,20,63,6,2022-10-04T21:08:09Z
Infantry Fighting Vehicles,Ukraine,https://upload.wikimedia.org/wikipedia/commons/thumb/a/a9/Flag_of_the_Soviet_Union.svg/23px-Flag_of_the_Soviet_Union.svg.png,BMP-1(P),destroyed,https://i.postimg.cc/yd9s2fP4/114f.png,126,259,170,20,63,6,2022-10-04T21:08:09Z
Infantry Fighting Vehicles,Ukraine,https://upload.wikimedia.org/wikipedia/commons/thumb/a/a9/Flag_of_the_Soviet_Union.svg/23px-Flag_of_the_Soviet_Union.svg.png,BMP-1(P),destroyed,https://i.postimg.cc/7ZdvD3bx/d143.png,126,259,170,20,63,6,2022-10-04T21:08:09Z
Infantry Fighting Vehicles,Ukraine,https://upload.wikimedia.org/wikipedia/commons/thumb/a/a9/Flag_of_the_Soviet_Union.svg/23px-Flag_of_the_Soviet_Union.svg.png,BMP-1(P),destroyed,https://i.postimg.cc/bvhTQrBx/366.png,126,259,170,20,63,6,2022-10-04T21:08:09Z
Infantry Fighting Vehicles,Ukraine,https://upload.wikimedia.org/wikipedia/commons/thumb/a/a9/Flag_of_the_Soviet_Union.svg/23px-Flag_of_the_Soviet_Union.svg.png,BMP-1(P),destroyed,https://i.postimg.cc/bvhTQrBx/366.png,126,259,170,20,63,6,2022-10-04T21:08:09Z
Infantry Fighting Vehicles,Ukraine,https://upload.wikimedia.org/wikipedia/commons/thumb/a/a9/Flag_of_the_Soviet_Union.svg/23px-Flag_of_the_Soviet_Union.svg.png,BMP-1(P),destroyed,https://i.postimg.cc/bvhTQrBx/366.png,126,259,170,20,63,6,2022-10-04T21:08:09Z
Infantry Fighting Vehicles,Ukraine,https://upload.wikimedia.org/wikipedia/commons/thumb/a/a9/Flag_of_the_Soviet_Union.svg/23px-Flag_of_the_Soviet_Union.svg.png,BMP-1(P),destroyed,https://i.postimg.cc/XqG6zDBd/2001.png,126,259,170,20,63,6,2022-10-04T21:08:09Z
Infantry Fighting Vehicles,Ukraine,https://upload.wikimedia.org/wikipedia/commons/thumb/a/a9/Flag_of_the_Soviet_Union.svg/23px-Flag_of_the_Soviet_Union.svg.png,BMP-1(P),destroyed,https://i.postimg.cc/GmZyB5Xx/431.png,126,259,170,20,63,6,2022-10-04T21:08:09Z
Infantry Fighting Vehicles,Ukraine,https://upload.wikimedia.org/wikipedia/commons/thumb/a/a9/Flag_of_the_Soviet_Union.svg/23px-Flag_of_the_Soviet_Union.svg.png,BMP-1(P),destroyed,https://i.postimg.cc/xCcRWZKG/331d.png,126,259,170,20,63,6,2022-10-04T21:08:09Z
Infantry Fighting Vehicles,Ukraine,https://upload.wikimedia.org/wikipedia/commons/thumb/a/a9/Flag_of_the_Soviet_Union.svg/23px-Flag_of_the_Soviet_Union.svg.png,BMP-1(P),destroyed,https://i.postimg.cc/c40JpJ6d/4f8.png,126,259,170,20,63,6,2022-10-04T21:08:09Z
Infantry Fighting Vehicles,Ukraine,https://upload.wikimedia.org/wikipedia/commons/thumb/a/a9/Flag_of_the_Soviet_Union.svg/23px-Flag_of_the_Soviet_Union.svg.png,BMP-1(P),destroyed,https://i.postimg.cc/HntQ4Pv5/333.png,126,259,170,20,63,6,2022-10-04T21:08:09Z
Infantry Fighting Vehicles,Ukraine,https://upload.wikimedia.org/wikipedia/commons/thumb/a/a9/Flag_of_the_Soviet_Union.svg/23px-Flag_of_the_Soviet_Union.svg.png,BMP-1(P),destroyed,https://i.postimg.cc/286TL1zC/d4.png,126,259,170,20,63,6,2022-10-04T21:08:09Z
Infantry Fighting Vehicles,Ukraine,https://upload.wikimedia.org/wikipedia/commons/thumb/a/a9/Flag_of_the_Soviet_Union.svg/23px-Flag_of_the_Soviet_Union.svg.png,BMP-1(P),destroyed,https://i.postimg.cc/022XGtCR/d5.png,126,259,170,20,63,6,2022-10-04T21:08:09Z
Infantry Fighting Vehicles,Ukraine,https://upload.wikimedia.org/wikipedia/commons/thumb/a/a9/Flag_of_the_Soviet_Union.svg/23px-Flag_of_the_Soviet_Union.svg.png,BMP-1(P),destroyed,https://i.postimg.cc/BZNMvTfh/d7.png,126,259,170,20,63,6,2022-10-04T21:08:09Z
Infantry Fighting Vehicles,Ukraine,https://upload.wikimedia.org/wikipedia/commons/thumb/a/a9/Flag_of_the_Soviet_Union.svg/23px-Flag_of_the_Soviet_Union.svg.png,BMP-1(P),destroyed,https://i.postimg.cc/9f1fbqy4/244.png,126,259,170,20,63,6,2022-10-04T21:08:09Z
Infantry Fighting Vehicles,Ukraine,https://upload.wikimedia.org/wikipedia/commons/thumb/a/a9/Flag_of_the_Soviet_Union.svg/23px-Flag_of_the_Soviet_Union.svg.png,BMP-1(P),destroyed,https://i.postimg.cc/qqnvW79k/2000-bmp1.jpg,126,259,170,20,63,6,2022-10-04T21:08:09Z
Infantry Fighting Vehicles,Ukraine,https://upload.wikimedia.org/wikipedia/commons/thumb/a/a9/Flag_of_the_Soviet_Union.svg/23px-Flag_of_the_Soviet_Union.svg.png,BMP-1(P),destroyed,https://i.postimg.cc/L5v7s7d5/2008-bmp1.jpg,126,259,170,20,63,6,2022-10-04T21:08:09Z
Infantry Fighting Vehicles,Ukraine,https://upload.wikimedia.org/wikipedia/commons/thumb/a/a9/Flag_of_the_Soviet_Union.svg/23px-Flag_of_the_Soviet_Union.svg.png,BMP-1(P),destroyed,https://i.postimg.cc/L5v7s7d5/2008-bmp1.jpg,126,259,170,20,63,6,2022-10-04T21:08:09Z
Infantry Fighting Vehicles,Ukraine,https://upload.wikimedia.org/wikipedia/commons/thumb/a/a9/Flag_of_the_Soviet_Union.svg/23px-Flag_of_the_Soviet_Union.svg.png,BMP-1(P),destroyed,https://i.postimg.cc/L5v7s7d5/2008-bmp1.jpg,126,259,170,20,63,6,2022-10-04T21:08:09Z
Infantry Fighting Vehicles,Ukraine,https://upload.wikimedia.org/wikipedia/commons/thumb/a/a9/Flag_of_the_Soviet_Union.svg/23px-Flag_of_the_Soviet_Union.svg.png,BMP-1(P),destroyed,https://i.postimg.cc/3rDsMq2d/1000-bmp1.jpg,126,259,170,20,63,6,2022-10-04T21:08:09Z
Infantry Fighting Vehicles,Ukraine,https://upload.wikimedia.org/wikipedia/commons/thumb/a/a9/Flag_of_the_Soviet_Union.svg/23px-Flag_of_the_Soviet_Union.svg.png,BMP-1(P),destroyed,https://i.postimg.cc/NGKDGrrW/551.png,126,259,170,20,63,6,2022-10-04T21:08:09Z
Infantry Fighting Vehicles,Ukraine,https://upload.wikimedia.org/wikipedia/commons/thumb/a/a9/Flag_of_the_Soviet_Union.svg/23px-Flag_of_the_Soviet_Union.svg.png,BMP-1(P),destroyed,https://i.postimg.cc/yx4M0NbB/2000-bmp1.png,126,259,170,20,63,6,2022-10-04T21:08:09Z
Infantry Fighting Vehicles,Ukraine,https://upload.wikimedia.org/wikipedia/commons/thumb/a/a9/Flag_of_the_Soviet_Union.svg/23px-Flag_of_the_Soviet_Union.svg.png,BMP-1(P),destroyed,https://i.postimg.cc/288YyJCv/2001-bmp1.jpg,126,259,170,20,63,6,2022-10-04T21:08:09Z
Infantry Fighting Vehicles,Ukraine,https://upload.wikimedia.org/wikipedia/commons/thumb/a/a9/Flag_of_the_Soviet_Union.svg/23px-Flag_of_the_Soviet_Union.svg.png,BMP-1(P),destroyed,https://twitter.com/UAWeapons/status/1569061435833044992,126,259,170,20,63,6,2022-10-04T21:08:09Z
Infantry Fighting Vehicles,Ukraine,https://upload.wikimedia.org/wikipedia/commons/thumb/a/a9/Flag_of_the_Soviet_Union.svg/23px-Flag_of_the_Soviet_Union.svg.png,BMP-1(P),destroyed,https://postimg.cc/BL0X1853,126,259,170,20,63,6,2022-10-04T21:08:09Z
Infantry Fighting Vehicles,Ukraine,https://upload.wikimedia.org/wikipedia/commons/thumb/a/a9/Flag_of_the_Soviet_Union.svg/23px-Flag_of_the_Soviet_Union.svg.png,BMP-1(P),destroyed,https://twitter.com/UAWeapons/status/1570157013480382473,126,259,170,20,63,6,2022-10-04T21:08:09Z
Infantry Fighting Vehicles,Ukraine,https://upload.wikimedia.org/wikipedia/commons/thumb/a/a9/Flag_of_the_Soviet_Union.svg/23px-Flag_of_the_Soviet_Union.svg.png,BMP-1(P),destroyed,https://postimg.cc/zHfVXKP7,126,259,170,20,63,6,2022-10-04T21:08:09Z
Infantry Fighting Vehicles,Ukraine,https://upload.wikimedia.org/wikipedia/commons/thumb/a/a9/Flag_of_the_Soviet_Union.svg/23px-Flag_of_the_Soviet_Union.svg.png,BMP-1(P),destroyed,https://twitter.com/UAWeapons/status/1570783958715240449,126,259,170,20,63,6,2022-10-04T21:08:09Z
Infantry Fighting Vehicles,Ukraine,https://upload.wikimedia.org/wikipedia/commons/thumb/a/a9/Flag_of_the_Soviet_Union.svg/23px-Flag_of_the_Soviet_Union.svg.png,BMP-1(P),destroyed,https://twitter.com/UAWeapons/status/1570783958715240449,126,259,170,20,63,6,2022-10-04T21:08:09Z
Infantry Fighting Vehicles,Ukraine,https://upload.wikimedia.org/wikipedia/commons/thumb/a/a9/Flag_of_the_Soviet_Union.svg/23px-Flag_of_the_Soviet_Union.svg.png,BMP-1(P),destroyed,https://twitter.com/UAWeapons/status/1571108754393042947,126,259,170,20,63,6,2022-10-04T21:08:09Z
Infantry Fighting Vehicles,Ukraine,https://upload.wikimedia.org/wikipedia/commons/thumb/a/a9/Flag_of_the_Soviet_Union.svg/23px-Flag_of_the_Soviet_Union.svg.png,BMP-1(P),destroyed,https://twitter.com/UAWeapons/status/1571108754393042947,126,259,170,20,63,6,2022-10-04T21:08:09Z
Infantry Fighting Vehicles,Ukraine,https://upload.wikimedia.org/wikipedia/commons/thumb/a/a9/Flag_of_the_Soviet_Union.svg/23px-Flag_of_the_Soviet_Union.svg.png,BMP-1(P),destroyed,https://twitter.com/UAWeapons/status/1574132894846648320,126,259,170,20,63,6,2022-10-04T21:08:09Z
Infantry Fighting Vehicles,Ukraine,https://upload.wikimedia.org/wikipedia/commons/thumb/a/a9/Flag_of_the_Soviet_Union.svg/23px-Flag_of_the_Soviet_Union.svg.png,BMP-1(P),destroyed,https://twitter.com/UAWeapons/status/1574132894846648320,126,259,170,20,63,6,2022-10-04T21:08:09Z
Infantry Fighting Vehicles,Ukraine,https://upload.wikimedia.org/wikipedia/commons/thumb/a/a9/Flag_of_the_Soviet_Union.svg/23px-Flag_of_the_Soviet_Union.svg.png,BMP-1(P),destroyed,https://i.postimg.cc/CLW8cs7q/8.png,126,259,170,20,63,6,2022-10-04T21:08:09Z
Infantry Fighting Vehicles,Ukraine,https://upload.wikimedia.org/wikipedia/commons/thumb/a/a9/Flag_of_the_Soviet_Union.svg/23px-Flag_of_the_Soviet_Union.svg.png,BMP-1(P),destroyed,https://i.postimg.cc/CLwqgt8X/2022-09-11-UA-BMP-1-1.jpg,126,259,170,20,63,6,2022-10-04T21:08:09Z
Infantry Fighting Vehicles,Ukraine,https://upload.wikimedia.org/wikipedia/commons/thumb/a/a9/Flag_of_the_Soviet_Union.svg/23px-Flag_of_the_Soviet_Union.svg.png,BMP-1(P),destroyed,https://i.postimg.cc/Dy5bygdZ/2022-09-11-UA-BMP-1-2.jpg,126,259,170,20,63,6,2022-10-04T21:08:09Z
Infantry Fighting Vehicles,Ukraine,https://upload.wikimedia.org/wikipedia/commons/thumb/a/a9/Flag_of_the_Soviet_Union.svg/23px-Flag_of_the_Soviet_Union.svg.png,BMP-1(P),damaged,https://twitter.com/UAWeapons/status/1558416989827235840,126,259,170,20,63,6,2022-10-04T21:08:09Z
Infantry Fighting Vehicles,Ukraine,https://upload.wikimedia.org/wikipedia/commons/thumb/a/a9/Flag_of_the_Soviet_Union.svg/23px-Flag_of_the_Soviet_Union.svg.png,BMP-1(P),damaged,https://i.postimg.cc/FR5mKHKs/2000-bmp1.jpg,126,259,170,20,63,6,2022-10-04T21:08:09Z
Infantry Fighting Vehicles,Ukraine,https://upload.wikimedia.org/wikipedia/commons/thumb/a/a9/Flag_of_the_Soviet_Union.svg/23px-Flag_of_the_Soviet_Union.svg.png,BMP-1(P),abandoned,https://i.postimg.cc/JntgJKJ8/a2.png,126,259,170,20,63,6,2022-10-04T21:08:09Z
Infantry Fighting Vehicles,Ukraine,https://upload.wikimedia.org/wikipedia/commons/thumb/a/a9/Flag_of_the_Soviet_Union.svg/23px-Flag_of_the_Soviet_Union.svg.png,BMP-1(P),abandoned,https://i.postimg.cc/3rs64XwM/a3.png,126,259,170,20,63,6,2022-10-04T21:08:09Z
Infantry Fighting Vehicles,Ukraine,https://upload.wikimedia.org/wikipedia/commons/thumb/a/a9/Flag_of_the_Soviet_Union.svg/23px-Flag_of_the_Soviet_Union.svg.png,BMP-1(P),abandoned,https://i.postimg.cc/nzYYjDN8/Screenshot-8035.png,126,259,170,20,63,6,2022-10-04T21:08:09Z
Infantry Fighting Vehicles,Ukraine,https://upload.wikimedia.org/wikipedia/commons/thumb/a/a9/Flag_of_the_Soviet_Union.svg/23px-Flag_of_the_Soviet_Union.svg.png,BMP-1(P),abandoned,https://i.postimg.cc/vTY7Wmd4/Screenshot-8038.png,126,259,170,20,63,6,2022-10-04T21:08:09Z
Infantry Fighting Vehicles,Ukraine,https://upload.wikimedia.org/wikipedia/commons/thumb/a/a9/Flag_of_the_Soviet_Union.svg/23px-Flag_of_the_Soviet_Union.svg.png,BMP-1(P),abandoned,https://i.postimg.cc/TYfDBCPr/577.png,126,259,170,20,63,6,2022-10-04T21:08:09Z
Infantry Fighting Vehicles,Ukraine,https://upload.wikimedia.org/wikipedia/commons/thumb/a/a9/Flag_of_the_Soviet_Union.svg/23px-Flag_of_the_Soviet_Union.svg.png,BMP-1(P),abandoned,https://i.postimg.cc/sgxvL5xm/689.png,126,259,170,20,63,6,2022-10-04T21:08:09Z
Infantry Fighting Vehicles,Ukraine,https://upload.wikimedia.org/wikipedia/commons/thumb/a/a9/Flag_of_the_Soviet_Union.svg/23px-Flag_of_the_Soviet_Union.svg.png,BMP-1(P),abandoned,https://i.postimg.cc/K8C4kkjf/6h0.png,126,259,170,20,63,6,2022-10-04T21:08:09Z
Infantry Fighting Vehicles,Ukraine,https://upload.wikimedia.org/wikipedia/commons/thumb/a/a9/Flag_of_the_Soviet_Union.svg/23px-Flag_of_the_Soviet_Union.svg.png,BMP-1(P),abandoned,https://i.postimg.cc/9Ff2bthD/a1.png,126,259,170,20,63,6,2022-10-04T21:08:09Z
Infantry Fighting Vehicles,Ukraine,https://upload.wikimedia.org/wikipedia/commons/thumb/a/a9/Flag_of_the_Soviet_Union.svg/23px-Flag_of_the_Soviet_Union.svg.png,BMP-1(P),abandoned,https://twitter.com/UAWeapons/status/1568241700921016320,126,259,170,20,63,6,2022-10-04T21:08:09Z
Infantry Fighting Vehicles,Ukraine,https://upload.wikimedia.org/wikipedia/commons/thumb/a/a9/Flag_of_the_Soviet_Union.svg/23px-Flag_of_the_Soviet_Union.svg.png,BMP-1(P),abandoned,https://twitter.com/UAWeapons/status/1574132894846648320,126,259,170,20,63,6,2022-10-04T21:08:09Z
Infantry Fighting Vehicles,Ukraine,https://upload.wikimedia.org/wikipedia/commons/thumb/a/a9/Flag_of_the_Soviet_Union.svg/23px-Flag_of_the_Soviet_Union.svg.png,BMP-1(P),abandoned,https://twitter.com/UAWeapons/status/1576654743560388608,126,259,170,20,63,6,2022-10-04T21:08:09Z
Infantry Fighting Vehicles,Ukraine,https://upload.wikimedia.org/wikipedia/commons/thumb/a/a9/Flag_of_the_Soviet_Union.svg/23px-Flag_of_the_Soviet_Union.svg.png,BMP-1(P),captured,https://i.postimg.cc/SxG3vCKt/2s1.jpg,126,259,170,20,63,6,2022-10-04T21:08:09Z
Infantry Fighting Vehicles,Ukraine,https://upload.wikimedia.org/wikipedia/commons/thumb/a/a9/Flag_of_the_Soviet_Union.svg/23px-Flag_of_the_Soviet_Union.svg.png,BMP-1(P),captured,https://i.postimg.cc/mkjw63QN/47.png,126,259,170,20,63,6,2022-10-04T21:08:09Z
Infantry Fighting Vehicles,Ukraine,https://upload.wikimedia.org/wikipedia/commons/thumb/a/a9/Flag_of_the_Soviet_Union.svg/23px-Flag_of_the_Soviet_Union.svg.png,BMP-1(P),captured,https://i.postimg.cc/6p7Hy3qs/d13.png,126,259,170,20,63,6,2022-10-04T21:08:09Z
Infantry Fighting Vehicles,Ukraine,https://upload.wikimedia.org/wikipedia/commons/thumb/a/a9/Flag_of_the_Soviet_Union.svg/23px-Flag_of_the_Soviet_Union.svg.png,BMP-1(P),captured,https://i.postimg.cc/kGwkvKqd/s1.png,126,259,170,20,63,6,2022-10-04T21:08:09Z
Infantry Fighting Vehicles,Ukraine,https://upload.wikimedia.org/wikipedia/commons/thumb/a/a9/Flag_of_the_Soviet_Union.svg/23px-Flag_of_the_Soviet_Union.svg.png,BMP-1(P),captured,https://i.postimg.cc/JzXgM3t5/d2.jpg,126,259,170,20,63,6,2022-10-04T21:08:09Z
Infantry Fighting Vehicles,Ukraine,https://upload.wikimedia.org/wikipedia/commons/thumb/a/a9/Flag_of_the_Soviet_Union.svg/23px-Flag_of_the_Soviet_Union.svg.png,BMP-1(P),captured,https://i.postimg.cc/d1x3ZrSF/b88.png,126,259,170,20,63,6,2022-10-04T21:08:09Z
Infantry Fighting Vehicles,Ukraine,https://upload.wikimedia.org/wikipedia/commons/thumb/a/a9/Flag_of_the_Soviet_Union.svg/23px-Flag_of_the_Soviet_Union.svg.png,BMP-1(P),captured,https://i.postimg.cc/d1JDTS9m/3378.png,126,259,170,20,63,6,2022-10-04T21:08:09Z
Infantry Fighting Vehicles,Ukraine,https://upload.wikimedia.org/wikipedia/commons/thumb/a/a9/Flag_of_the_Soviet_Union.svg/23px-Flag_of_the_Soviet_Union.svg.png,BMP-1(P),captured,https://i.postimg.cc/vm1vTsst/2003-bmp-1.jpg,126,259,170,20,63,6,2022-10-04T21:08:09Z
Infantry Fighting Vehicles,Ukraine,https://upload.wikimedia.org/wikipedia/commons/thumb/a/a9/Flag_of_the_Soviet_Union.svg/23px-Flag_of_the_Soviet_Union.svg.png,BMP-1(P),captured,https://i.postimg.cc/3wWC7D6Z/d33.png,126,259,170,20,63,6,2022-10-04T21:08:09Z
Infantry Fighting Vehicles,Ukraine,https://upload.wikimedia.org/wikipedia/commons/thumb/a/a9/Flag_of_the_Soviet_Union.svg/23px-Flag_of_the_Soviet_Union.svg.png,BMP-1(P),captured,https://i.postimg.cc/yxR7rzw0/776.png,126,259,170,20,63,6,2022-10-04T21:08:09Z
Infantry Fighting Vehicles,Ukraine,https://upload.wikimedia.org/wikipedia/commons/thumb/a/a9/Flag_of_the_Soviet_Union.svg/23px-Flag_of_the_Soviet_Union.svg.png,BMP-1(P),captured,https://i.postimg.cc/Hs0JyWbf/2005.jpg,126,259,170,20,63,6,2022-10-04T21:08:09Z
Infantry Fighting Vehicles,Ukraine,https://upload.wikimedia.org/wikipedia/commons/thumb/a/a9/Flag_of_the_Soviet_Union.svg/23px-Flag_of_the_Soviet_Union.svg.png,BMP-1(P),captured,https://i.postimg.cc/jqNSKcG6/332.png,126,259,170,20,63,6,2022-10-04T21:08:09Z
Infantry Fighting Vehicles,Ukraine,https://upload.wikimedia.org/wikipedia/commons/thumb/a/a9/Flag_of_the_Soviet_Union.svg/23px-Flag_of_the_Soviet_Union.svg.png,BMP-1(P),captured,https://twitter.com/UAWeapons/status/1558408794018877441,126,259,170,20,63,6,2022-10-04T21:08:09Z
Infantry Fighting Vehicles,Ukraine,https://upload.wikimedia.org/wikipedia/commons/thumb/a/a9/Flag_of_the_Soviet_Union.svg/23px-Flag_of_the_Soviet_Union.svg.png,BMP-1(P),captured,https://i.postimg.cc/xdQ31CLd/437.png,126,259,170,20,63,6,2022-10-04T21:08:09Z
Infantry Fighting Vehicles,Ukraine,https://upload.wikimedia.org/wikipedia/commons/thumb/a/a9/Flag_of_the_Soviet_Union.svg/23px-Flag_of_the_Soviet_Union.svg.png,BMP-1(P),captured,https://twitter.com/UAWeapons/status/1545899337682751489,126,259,170,20,63,6,2022-10-04T21:08:09Z
Infantry Fighting Vehicles,Ukraine,https://upload.wikimedia.org/wikipedia/commons/thumb/a/a9/Flag_of_the_Soviet_Union.svg/23px-Flag_of_the_Soviet_Union.svg.png,BMP-1(P),captured,https://twitter.com/UAWeapons/status/1545899337682751489,126,259,170,20,63,6,2022-10-04T21:08:09Z
Infantry Fighting Vehicles,Ukraine,https://upload.wikimedia.org/wikipedia/commons/thumb/a/a9/Flag_of_the_Soviet_Union.svg/23px-Flag_of_the_Soviet_Union.svg.png,BMP-1(P),captured,https://twitter.com/UAWeapons/status/1545899337682751489,126,259,170,20,63,6,2022-10-04T21:08:09Z
Infantry Fighting Vehicles,Ukraine,https://upload.wikimedia.org/wikipedia/commons/thumb/a/a9/Flag_of_the_Soviet_Union.svg/23px-Flag_of_the_Soviet_Union.svg.png,BMP-1(P),captured,https://i.postimg.cc/Z5TW0sSC/8877.png,126,259,170,20,63,6,2022-10-04T21:08:09Z
Infantry Fighting Vehicles,Ukraine,https://upload.wikimedia.org/wikipedia/commons/thumb/a/a9/Flag_of_the_Soviet_Union.svg/23px-Flag_of_the_Soviet_Union.svg.png,BMP-1(P),captured,https://i.postimg.cc/dt6JR8KK/366.png,126,259,170,20,63,6,2022-10-04T21:08:09Z
Infantry Fighting Vehicles,Ukraine,https://upload.wikimedia.org/wikipedia/commons/thumb/a/a9/Flag_of_the_Soviet_Union.svg/23px-Flag_of_the_Soviet_Union.svg.png,BMP-1(P),captured,https://i.postimg.cc/nrHwDscN/224.jpg,126,259,170,20,63,6,2022-10-04T21:08:09Z
Infantry Fighting Vehicles,Ukraine,https://upload.wikimedia.org/wikipedia/commons/thumb/a/a9/Flag_of_the_Soviet_Union.svg/23px-Flag_of_the_Soviet_Union.svg.png,BMP-1(P),captured,https://i.postimg.cc/SxWN91kv/379.png,126,259,170,20,63,6,2022-10-04T21:08:09Z
Infantry Fighting Vehicles,Ukraine,https://upload.wikimedia.org/wikipedia/commons/thumb/4/49/Flag_of_Ukraine.svg/23px-Flag_of_Ukraine.svg.png,BMP-1TS,destroyed,https://i.postimg.cc/2SGz54Xn/213.png,1,259,170,20,63,6,2022-10-04T21:08:09Z
Infantry Fighting Vehicles,Ukraine,https://upload.wikimedia.org/wikipedia/commons/thumb/4/49/Flag_of_Ukraine.svg/23px-Flag_of_Ukraine.svg.png,BMP-1U 'Shkval',captured,https://i.postimg.cc/KcC7csQq/477.png,1,259,170,20,63,6,2022-10-04T21:08:09Z
Infantry Fighting Vehicles,Ukraine,https://upload.wikimedia.org/wikipedia/commons/thumb/6/61/Flag_of_Yugoslavia_%281946-1992%29.svg/23px-Flag_of_Yugoslavia_%281946-1992%29.svg.png,BVP M-80A,damaged,https://twitter.com/UAWeapons/status/1574382524964421638,1,259,170,20,63,6,2022-10-04T21:08:09Z
Infantry Fighting Vehicles,Ukraine,https://upload.wikimedia.org/wikipedia/en/thumb/4/4c/Flag_of_Sweden.svg/23px-Flag_of_Sweden.svg.png,Pbv 501A,destroyed,https://twitter.com/UAWeapons/status/1544393722967760904,1,259,170,20,63,6,2022-10-04T21:08:09Z
Infantry Fighting Vehicles,Ukraine,https://upload.wikimedia.org/wikipedia/commons/thumb/a/a9/Flag_of_the_Soviet_Union.svg/23px-Flag_of_the_Soviet_Union.svg.png,BMP-2(K),destroyed,https://i.postimg.cc/LssXW6X2/r4.png,49,259,170,20,63,6,2022-10-04T21:08:09Z
Infantry Fighting Vehicles,Ukraine,https://upload.wikimedia.org/wikipedia/commons/thumb/a/a9/Flag_of_the_Soviet_Union.svg/23px-Flag_of_the_Soviet_Union.svg.png,BMP-2(K),destroyed,https://i.postimg.cc/5Ns0L8F8/37.png,49,259,170,20,63,6,2022-10-04T21:08:09Z
Infantry Fighting Vehicles,Ukraine,https://upload.wikimedia.org/wikipedia/commons/thumb/a/a9/Flag_of_the_Soviet_Union.svg/23px-Flag_of_the_Soviet_Union.svg.png,BMP-2(K),destroyed,https://i.postimg.cc/L6pWXxQX/578.png,49,259,170,20,63,6,2022-10-04T21:08:09Z
Infantry Fighting Vehicles,Ukraine,https://upload.wikimedia.org/wikipedia/commons/thumb/a/a9/Flag_of_the_Soviet_Union.svg/23px-Flag_of_the_Soviet_Union.svg.png,BMP-2(K),destroyed,https://i.postimg.cc/bNp68sdS/33217.jpg,49,259,170,20,63,6,2022-10-04T21:08:09Z
Infantry Fighting Vehicles,Ukraine,https://upload.wikimedia.org/wikipedia/commons/thumb/a/a9/Flag_of_the_Soviet_Union.svg/23px-Flag_of_the_Soviet_Union.svg.png,BMP-2(K),destroyed,https://i.postimg.cc/RhrGDjZZ/87.png,49,259,170,20,63,6,2022-10-04T21:08:09Z
Infantry Fighting Vehicles,Ukraine,https://upload.wikimedia.org/wikipedia/commons/thumb/a/a9/Flag_of_the_Soviet_Union.svg/23px-Flag_of_the_Soviet_Union.svg.png,BMP-2(K),destroyed,https://postimg.cc/bGFxKfck,49,259,170,20,63,6,2022-10-04T21:08:09Z
Infantry Fighting Vehicles,Ukraine,https://upload.wikimedia.org/wikipedia/commons/thumb/a/a9/Flag_of_the_Soviet_Union.svg/23px-Flag_of_the_Soviet_Union.svg.png,BMP-2(K),destroyed,https://i.postimg.cc/XJ300hWz/54k.jpg,49,259,170,20,63,6,2022-10-04T21:08:09Z
Infantry Fighting Vehicles,Ukraine,https://upload.wikimedia.org/wikipedia/commons/thumb/a/a9/Flag_of_the_Soviet_Union.svg/23px-Flag_of_the_Soviet_Union.svg.png,BMP-2(K),destroyed,https://twitter.com/UAWeapons/status/1523007832064503809,49,259,170,20,63,6,2022-10-04T21:08:09Z
Infantry Fighting Vehicles,Ukraine,https://upload.wikimedia.org/wikipedia/commons/thumb/a/a9/Flag_of_the_Soviet_Union.svg/23px-Flag_of_the_Soviet_Union.svg.png,BMP-2(K),destroyed,https://i.postimg.cc/k5p6Kykv/f4.png,49,259,170,20,63,6,2022-10-04T21:08:09Z
Infantry Fighting Vehicles,Ukraine,https://upload.wikimedia.org/wikipedia/commons/thumb/a/a9/Flag_of_the_Soviet_Union.svg/23px-Flag_of_the_Soviet_Union.svg.png,BMP-2(K),destroyed,https://i.postimg.cc/HnY605SY/b1.png,49,259,170,20,63,6,2022-10-04T21:08:09Z
Infantry Fighting Vehicles,Ukraine,https://upload.wikimedia.org/wikipedia/commons/thumb/a/a9/Flag_of_the_Soviet_Union.svg/23px-Flag_of_the_Soviet_Union.svg.png,BMP-2(K),destroyed,https://i.postimg.cc/VsgGfG6d/b2.png,49,259,170,20,63,6,2022-10-04T21:08:09Z
Infantry Fighting Vehicles,Ukraine,https://upload.wikimedia.org/wikipedia/commons/thumb/a/a9/Flag_of_the_Soviet_Union.svg/23px-Flag_of_the_Soviet_Union.svg.png,BMP-2(K),destroyed,https://i.postimg.cc/hjg5BSPb/6687.png,49,259,170,20,63,6,2022-10-04T21:08:09Z
Infantry Fighting Vehicles,Ukraine,https://upload.wikimedia.org/wikipedia/commons/thumb/a/a9/Flag_of_the_Soviet_Union.svg/23px-Flag_of_the_Soviet_Union.svg.png,BMP-2(K),destroyed,https://i.postimg.cc/2yXMT29N/2000.jpg,49,259,170,20,63,6,2022-10-04T21:08:09Z
Infantry Fighting Vehicles,Ukraine,https://upload.wikimedia.org/wikipedia/commons/thumb/a/a9/Flag_of_the_Soviet_Union.svg/23px-Flag_of_the_Soviet_Union.svg.png,BMP-2(K),destroyed,https://i.postimg.cc/mrrBtQrM/665.png,49,259,170,20,63,6,2022-10-04T21:08:09Z
Infantry Fighting Vehicles,Ukraine,https://upload.wikimedia.org/wikipedia/commons/thumb/a/a9/Flag_of_the_Soviet_Union.svg/23px-Flag_of_the_Soviet_Union.svg.png,BMP-2(K),destroyed,https://i.postimg.cc/pXJKNB0j/442.png,49,259,170,20,63,6,2022-10-04T21:08:09Z
Infantry Fighting Vehicles,Ukraine,https://upload.wikimedia.org/wikipedia/commons/thumb/a/a9/Flag_of_the_Soviet_Union.svg/23px-Flag_of_the_Soviet_Union.svg.png,BMP-2(K),destroyed,https://i.postimg.cc/6QRSwSFc/ff2.png,49,259,170,20,63,6,2022-10-04T21:08:09Z
Infantry Fighting Vehicles,Ukraine,https://upload.wikimedia.org/wikipedia/commons/thumb/a/a9/Flag_of_the_Soviet_Union.svg/23px-Flag_of_the_Soviet_Union.svg.png,BMP-2(K),destroyed,https://postimg.cc/BXqgy0X7,49,259,170,20,63,6,2022-10-04T21:08:09Z
Infantry Fighting Vehicles,Ukraine,https://upload.wikimedia.org/wikipedia/commons/thumb/a/a9/Flag_of_the_Soviet_Union.svg/23px-Flag_of_the_Soviet_Union.svg.png,BMP-2(K),destroyed,https://i.postimg.cc/rwp6mVH4/4369.png,49,259,170,20,63,6,2022-10-04T21:08:09Z
Infantry Fighting Vehicles,Ukraine,https://upload.wikimedia.org/wikipedia/commons/thumb/a/a9/Flag_of_the_Soviet_Union.svg/23px-Flag_of_the_Soviet_Union.svg.png,BMP-2(K),destroyed,https://i.postimg.cc/zX8ZsSS0/4368.png,49,259,170,20,63,6,2022-10-04T21:08:09Z
Infantry Fighting Vehicles,Ukraine,https://upload.wikimedia.org/wikipedia/commons/thumb/a/a9/Flag_of_the_Soviet_Union.svg/23px-Flag_of_the_Soviet_Union.svg.png,BMP-2(K),destroyed,https://i.postimg.cc/nrtbcv8V/4367.png,49,259,170,20,63,6,2022-10-04T21:08:09Z
Infantry Fighting Vehicles,Ukraine,https://upload.wikimedia.org/wikipedia/commons/thumb/a/a9/Flag_of_the_Soviet_Union.svg/23px-Flag_of_the_Soviet_Union.svg.png,BMP-2(K),destroyed,https://i.postimg.cc/7ZtX3RB6/4434.png,49,259,170,20,63,6,2022-10-04T21:08:09Z
Infantry Fighting Vehicles,Ukraine,https://upload.wikimedia.org/wikipedia/commons/thumb/a/a9/Flag_of_the_Soviet_Union.svg/23px-Flag_of_the_Soviet_Union.svg.png,BMP-2(K),destroyed,https://i.postimg.cc/yNVBRkbB/44377.png,49,259,170,20,63,6,2022-10-04T21:08:09Z
Infantry Fighting Vehicles,Ukraine,https://upload.wikimedia.org/wikipedia/commons/thumb/a/a9/Flag_of_the_Soviet_Union.svg/23px-Flag_of_the_Soviet_Union.svg.png,BMP-2(K),destroyed,https://postimg.cc/MMHB68H0,49,259,170,20,63,6,2022-10-04T21:08:09Z
Infantry Fighting Vehicles,Ukraine,https://upload.wikimedia.org/wikipedia/commons/thumb/a/a9/Flag_of_the_Soviet_Union.svg/23px-Flag_of_the_Soviet_Union.svg.png,BMP-2(K),destroyed,https://i.postimg.cc/NF5KFzvs/2003-bmp2.jpg,49,259,170,20,63,6,2022-10-04T21:08:09Z
Infantry Fighting Vehicles,Ukraine,https://upload.wikimedia.org/wikipedia/commons/thumb/a/a9/Flag_of_the_Soviet_Union.svg/23px-Flag_of_the_Soviet_Union.svg.png,BMP-2(K),destroyed,https://twitter.com/UAWeapons/status/1572506065102831617,49,259,170,20,63,6,2022-10-04T21:08:09Z
Infantry Fighting Vehicles,Ukraine,https://upload.wikimedia.org/wikipedia/commons/thumb/a/a9/Flag_of_the_Soviet_Union.svg/23px-Flag_of_the_Soviet_Union.svg.png,BMP-2(K),destroyed,https://twitter.com/UAWeapons/status/1572307996771762178,49,259,170,20,63,6,2022-10-04T21:08:09Z
Infantry Fighting Vehicles,Ukraine,https://upload.wikimedia.org/wikipedia/commons/thumb/a/a9/Flag_of_the_Soviet_Union.svg/23px-Flag_of_the_Soviet_Union.svg.png,BMP-2(K),destroyed,https://twitter.com/UAWeapons/status/1572307996771762178,49,259,170,20,63,6,2022-10-04T21:08:09Z
Infantry Fighting Vehicles,Ukraine,https://upload.wikimedia.org/wikipedia/commons/thumb/a/a9/Flag_of_the_Soviet_Union.svg/23px-Flag_of_the_Soviet_Union.svg.png,BMP-2(K),destroyed,https://twitter.com/UAWeapons/status/1572307996771762178,49,259,170,20,63,6,2022-10-04T21:08:09Z
Infantry Fighting Vehicles,Ukraine,https://upload.wikimedia.org/wikipedia/commons/thumb/a/a9/Flag_of_the_Soviet_Union.svg/23px-Flag_of_the_Soviet_Union.svg.png,BMP-2(K),destroyed,https://twitter.com/UAWeapons/status/1572668027933495297,49,259,170,20,63,6,2022-10-04T21:08:09Z
Infantry Fighting Vehicles,Ukraine,https://upload.wikimedia.org/wikipedia/commons/thumb/a/a9/Flag_of_the_Soviet_Union.svg/23px-Flag_of_the_Soviet_Union.svg.png,BMP-2(K),destroyed,https://i.postimg.cc/bwj36dcw/2000-bmp2.jpg,49,259,170,20,63,6,2022-10-04T21:08:09Z
Infantry Fighting Vehicles,Ukraine,https://upload.wikimedia.org/wikipedia/commons/thumb/a/a9/Flag_of_the_Soviet_Union.svg/23px-Flag_of_the_Soviet_Union.svg.png,BMP-2(K),destroyed,https://twitter.com/UAWeapons/status/1574390084790632453,49,259,170,20,63,6,2022-10-04T21:08:09Z
Infantry Fighting Vehicles,Ukraine,https://upload.wikimedia.org/wikipedia/commons/thumb/a/a9/Flag_of_the_Soviet_Union.svg/23px-Flag_of_the_Soviet_Union.svg.png,BMP-2(K),destroyed,https://i.postimg.cc/85bZ5jVQ/2001-bmp2-destr.jpg,49,259,170,20,63,6,2022-10-04T21:08:09Z
Infantry Fighting Vehicles,Ukraine,https://upload.wikimedia.org/wikipedia/commons/thumb/a/a9/Flag_of_the_Soviet_Union.svg/23px-Flag_of_the_Soviet_Union.svg.png,BMP-2(K),damaged,https://i.postimg.cc/cJfZ5HRh/547.jpg,49,259,170,20,63,6,2022-10-04T21:08:09Z
Infantry Fighting Vehicles,Ukraine,https://upload.wikimedia.org/wikipedia/commons/thumb/a/a9/Flag_of_the_Soviet_Union.svg/23px-Flag_of_the_Soviet_Union.svg.png,BMP-2(K),abandoned,https://i.postimg.cc/xT3v6qKT/4470.png,49,259,170,20,63,6,2022-10-04T21:08:09Z
Infantry Fighting Vehicles,Ukraine,https://upload.wikimedia.org/wikipedia/commons/thumb/a/a9/Flag_of_the_Soviet_Union.svg/23px-Flag_of_the_Soviet_Union.svg.png,BMP-2(K),abandoned,https://twitter.com/UAWeapons/status/1572668027933495297,49,259,170,20,63,6,2022-10-04T21:08:09Z
Infantry Fighting Vehicles,Ukraine,https://upload.wikimedia.org/wikipedia/commons/thumb/a/a9/Flag_of_the_Soviet_Union.svg/23px-Flag_of_the_Soviet_Union.svg.png,BMP-2(K),abandoned,https://twitter.com/UAWeapons/status/1572668027933495297,49,259,170,20,63,6,2022-10-04T21:08:09Z
Infantry Fighting Vehicles,Ukraine,https://upload.wikimedia.org/wikipedia/commons/thumb/a/a9/Flag_of_the_Soviet_Union.svg/23px-Flag_of_the_Soviet_Union.svg.png,BMP-2(K),abandoned,https://twitter.com/UAWeapons/status/1572668027933495297,49,259,170,20,63,6,2022-10-04T21:08:09Z
Infantry Fighting Vehicles,Ukraine,https://upload.wikimedia.org/wikipedia/commons/thumb/a/a9/Flag_of_the_Soviet_Union.svg/23px-Flag_of_the_Soviet_Union.svg.png,BMP-2(K),abandoned,https://twitter.com/UAWeapons/status/1572668027933495297,49,259,170,20,63,6,2022-10-04T21:08:09Z
Infantry Fighting Vehicles,Ukraine,https://upload.wikimedia.org/wikipedia/commons/thumb/a/a9/Flag_of_the_Soviet_Union.svg/23px-Flag_of_the_Soviet_Union.svg.png,BMP-2(K),captured,https://i.postimg.cc/rpTdbQ9m/29.png,49,259,170,20,63,6,2022-10-04T21:08:09Z
Infantry Fighting Vehicles,Ukraine,https://upload.wikimedia.org/wikipedia/commons/thumb/a/a9/Flag_of_the_Soviet_Union.svg/23px-Flag_of_the_Soviet_Union.svg.png,BMP-2(K),captured,https://i.postimg.cc/s2NXdBd7/880.png,49,259,170,20,63,6,2022-10-04T21:08:09Z
Infantry Fighting Vehicles,Ukraine,https://upload.wikimedia.org/wikipedia/commons/thumb/a/a9/Flag_of_the_Soviet_Union.svg/23px-Flag_of_the_Soviet_Union.svg.png,BMP-2(K),captured,https://i.postimg.cc/cC2jmrRR/gg4.jpg,49,259,170,20,63,6,2022-10-04T21:08:09Z
Infantry Fighting Vehicles,Ukraine,https://upload.wikimedia.org/wikipedia/commons/thumb/a/a9/Flag_of_the_Soviet_Union.svg/23px-Flag_of_the_Soviet_Union.svg.png,BMP-2(K),captured,https://i.postimg.cc/T3fSzzth/b3.png,49,259,170,20,63,6,2022-10-04T21:08:09Z
Infantry Fighting Vehicles,Ukraine,https://upload.wikimedia.org/wikipedia/commons/thumb/a/a9/Flag_of_the_Soviet_Union.svg/23px-Flag_of_the_Soviet_Union.svg.png,BMP-2(K),captured,https://i.postimg.cc/Y0xNYsYy/b4.png,49,259,170,20,63,6,2022-10-04T21:08:09Z
Infantry Fighting Vehicles,Ukraine,https://upload.wikimedia.org/wikipedia/commons/thumb/a/a9/Flag_of_the_Soviet_Union.svg/23px-Flag_of_the_Soviet_Union.svg.png,BMP-2(K),captured,https://twitter.com/UAWeapons/status/1545899337682751489,49,259,170,20,63,6,2022-10-04T21:08:09Z
Infantry Fighting Vehicles,Ukraine,https://upload.wikimedia.org/wikipedia/commons/thumb/a/a9/Flag_of_the_Soviet_Union.svg/23px-Flag_of_the_Soviet_Union.svg.png,BMP-2(K),captured,https://twitter.com/UAWeapons/status/1545899337682751489,49,259,170,20,63,6,2022-10-04T21:08:09Z
Infantry Fighting Vehicles,Ukraine,https://upload.wikimedia.org/wikipedia/commons/thumb/a/a9/Flag_of_the_Soviet_Union.svg/23px-Flag_of_the_Soviet_Union.svg.png,BMP-2(K),captured,https://i.postimg.cc/hGH1754W/2004-bmp-2.jpg,49,259,170,20,63,6,2022-10-04T21:08:09Z
Infantry Fighting Vehicles,Ukraine,https://upload.wikimedia.org/wikipedia/commons/thumb/a/a9/Flag_of_the_Soviet_Union.svg/23px-Flag_of_the_Soviet_Union.svg.png,BMP-2(K),captured,https://i.postimg.cc/7ZZ9vztc/2006-bmp2.jpg,49,259,170,20,63,6,2022-10-04T21:08:09Z
Infantry Fighting Vehicles,Ukraine,https://upload.wikimedia.org/wikipedia/commons/thumb/a/a9/Flag_of_the_Soviet_Union.svg/23px-Flag_of_the_Soviet_Union.svg.png,BMP-2(K),captured,https://i.postimg.cc/hv878tMd/2001-bmp2.jpg,49,259,170,20,63,6,2022-10-04T21:08:09Z
Infantry Fighting Vehicles,Ukraine,https://upload.wikimedia.org/wikipedia/commons/thumb/a/a9/Flag_of_the_Soviet_Union.svg/23px-Flag_of_the_Soviet_Union.svg.png,BMP-2(K),captured,https://i.postimg.cc/sDzpgMjK/2002-bmp2.jpg,49,259,170,20,63,6,2022-10-04T21:08:09Z
Infantry Fighting Vehicles,Ukraine,https://upload.wikimedia.org/wikipedia/commons/thumb/4/49/Flag_of_Ukraine.svg/23px-Flag_of_Ukraine.svg.png,Unknown BMP-1/2,destroyed,https://twitter.com/UAWeapons/status/1538541806329155585,4,259,170,20,63,6,2022-10-04T21:08:09Z
Infantry Fighting Vehicles,Ukraine,https://upload.wikimedia.org/wikipedia/commons/thumb/4/49/Flag_of_Ukraine.svg/23px-Flag_of_Ukraine.svg.png,Unknown BMP-1/2,destroyed,https://i.postimg.cc/nLQVL59W/2003-bmp.jpg,4,259,170,20,63,6,2022-10-04T21:08:09Z
Infantry Fighting Vehicles,Ukraine,https://upload.wikimedia.org/wikipedia/commons/thumb/4/49/Flag_of_Ukraine.svg/23px-Flag_of_Ukraine.svg.png,Unknown BMP-1/2,destroyed,https://i.postimg.cc/2SFhvb7B/2005-unkn-bmp.jpg,4,259,170,20,63,6,2022-10-04T21:08:09Z
Infantry Fighting Vehicles,Ukraine,https://upload.wikimedia.org/wikipedia/commons/thumb/4/49/Flag_of_Ukraine.svg/23px-Flag_of_Ukraine.svg.png,Unknown BMP-1/2,destroyed,https://twitter.com/UAWeapons/status/1572568028587626496,4,259,170,20,63,6,2022-10-04T21:08:09Z
Infantry Fighting Vehicles,Ukraine,https://upload.wikimedia.org/wikipedia/commons/thumb/a/a9/Flag_of_the_Soviet_Union.svg/23px-Flag_of_the_Soviet_Union.svg.png,BMD-2,captured,https://i.postimg.cc/gkLq4R0v/86.png,2,259,170,20,63,6,2022-10-04T21:08:09Z
Infantry Fighting Vehicles,Ukraine,https://upload.wikimedia.org/wikipedia/commons/thumb/a/a9/Flag_of_the_Soviet_Union.svg/23px-Flag_of_the_Soviet_Union.svg.png,BMD-2,captured,https://i.postimg.cc/Wbh0Nsh0/5899.png,2,259,170,20,63,6,2022-10-04T21:08:09Z
Infantry Fighting Vehicles,Ukraine,https://upload.wikimedia.org/wikipedia/commons/thumb/4/49/Flag_of_Ukraine.svg/23px-Flag_of_Ukraine.svg.png,BTR-3,destroyed,https://i.postimg.cc/Cx33pLj5/4482.png,26,259,170,20,63,6,2022-10-04T21:08:09Z
Infantry Fighting Vehicles,Ukraine,https://upload.wikimedia.org/wikipedia/commons/thumb/4/49/Flag_of_Ukraine.svg/23px-Flag_of_Ukraine.svg.png,BTR-3,destroyed,https://i.postimg.cc/13p9x7jH/da3.jpg,26,259,170,20,63,6,2022-10-04T21:08:09Z
Infantry Fighting Vehicles,Ukraine,https://upload.wikimedia.org/wikipedia/commons/thumb/4/49/Flag_of_Ukraine.svg/23px-Flag_of_Ukraine.svg.png,BTR-3,destroyed,https://i.postimg.cc/s1dtp0fG/57.png,26,259,170,20,63,6,2022-10-04T21:08:09Z
Infantry Fighting Vehicles,Ukraine,https://upload.wikimedia.org/wikipedia/commons/thumb/4/49/Flag_of_Ukraine.svg/23px-Flag_of_Ukraine.svg.png,BTR-3,destroyed,https://i.postimg.cc/mZmvrdsr/44333.png,26,259,170,20,63,6,2022-10-04T21:08:09Z
Infantry Fighting Vehicles,Ukraine,https://upload.wikimedia.org/wikipedia/commons/thumb/4/49/Flag_of_Ukraine.svg/23px-Flag_of_Ukraine.svg.png,BTR-3,destroyed,https://i.postimg.cc/tC6bPmpj/da2.jpg,26,259,170,20,63,6,2022-10-04T21:08:09Z
Infantry Fighting Vehicles,Ukraine,https://upload.wikimedia.org/wikipedia/commons/thumb/4/49/Flag_of_Ukraine.svg/23px-Flag_of_Ukraine.svg.png,BTR-3,destroyed,https://i.postimg.cc/bwrJWPZp/c2.png,26,259,170,20,63,6,2022-10-04T21:08:09Z
Infantry Fighting Vehicles,Ukraine,https://upload.wikimedia.org/wikipedia/commons/thumb/4/49/Flag_of_Ukraine.svg/23px-Flag_of_Ukraine.svg.png,BTR-3,destroyed,https://i.postimg.cc/50qGRG89/g6.jpg,26,259,170,20,63,6,2022-10-04T21:08:09Z
Infantry Fighting Vehicles,Ukraine,https://upload.wikimedia.org/wikipedia/commons/thumb/4/49/Flag_of_Ukraine.svg/23px-Flag_of_Ukraine.svg.png,BTR-3,destroyed,https://i.postimg.cc/7LGSpX6q/27.jpg,26,259,170,20,63,6,2022-10-04T21:08:09Z
Infantry Fighting Vehicles,Ukraine,https://upload.wikimedia.org/wikipedia/commons/thumb/4/49/Flag_of_Ukraine.svg/23px-Flag_of_Ukraine.svg.png,BTR-3,destroyed,https://i.postimg.cc/QtJwg7GB/477.png,26,259,170,20,63,6,2022-10-04T21:08:09Z
Infantry Fighting Vehicles,Ukraine,https://upload.wikimedia.org/wikipedia/commons/thumb/4/49/Flag_of_Ukraine.svg/23px-Flag_of_Ukraine.svg.png,BTR-3,destroyed,https://i.postimg.cc/QtJwg7GB/477.png,26,259,170,20,63,6,2022-10-04T21:08:09Z
Infantry Fighting Vehicles,Ukraine,https://upload.wikimedia.org/wikipedia/commons/thumb/4/49/Flag_of_Ukraine.svg/23px-Flag_of_Ukraine.svg.png,BTR-3,destroyed,https://i.postimg.cc/LXqHVBXw/5gg.png,26,259,170,20,63,6,2022-10-04T21:08:09Z
Infantry Fighting Vehicles,Ukraine,https://upload.wikimedia.org/wikipedia/commons/thumb/4/49/Flag_of_Ukraine.svg/23px-Flag_of_Ukraine.svg.png,BTR-3,destroyed,https://i.postimg.cc/T3WqBBs3/4ff.png,26,259,170,20,63,6,2022-10-04T21:08:09Z
Infantry Fighting Vehicles,Ukraine,https://upload.wikimedia.org/wikipedia/commons/thumb/4/49/Flag_of_Ukraine.svg/23px-Flag_of_Ukraine.svg.png,BTR-3,destroyed,https://i.postimg.cc/pTVZjtGc/f32.png,26,259,170,20,63,6,2022-10-04T21:08:09Z
Infantry Fighting Vehicles,Ukraine,https://upload.wikimedia.org/wikipedia/commons/thumb/4/49/Flag_of_Ukraine.svg/23px-Flag_of_Ukraine.svg.png,BTR-3,destroyed,https://i.postimg.cc/1RqTqVnq/3u.png,26,259,170,20,63,6,2022-10-04T21:08:09Z
Infantry Fighting Vehicles,Ukraine,https://upload.wikimedia.org/wikipedia/commons/thumb/4/49/Flag_of_Ukraine.svg/23px-Flag_of_Ukraine.svg.png,BTR-3,destroyed,https://i.postimg.cc/c1zDZGcc/4443.png,26,259,170,20,63,6,2022-10-04T21:08:09Z
Infantry Fighting Vehicles,Ukraine,https://upload.wikimedia.org/wikipedia/commons/thumb/4/49/Flag_of_Ukraine.svg/23px-Flag_of_Ukraine.svg.png,BTR-3,destroyed,https://postlmg.cc/CnfM4bwt,26,259,170,20,63,6,2022-10-04T21:08:09Z
Infantry Fighting Vehicles,Ukraine,https://upload.wikimedia.org/wikipedia/commons/thumb/4/49/Flag_of_Ukraine.svg/23px-Flag_of_Ukraine.svg.png,BTR-3,destroyed,https://twitter.com/UAWeapons/status/1572307996771762178,26,259,170,20,63,6,2022-10-04T21:08:09Z
Infantry Fighting Vehicles,Ukraine,https://upload.wikimedia.org/wikipedia/commons/thumb/4/49/Flag_of_Ukraine.svg/23px-Flag_of_Ukraine.svg.png,BTR-3,damaged,https://i.postimg.cc/pdWMwW8W/da1.jpg,26,259,170,20,63,6,2022-10-04T21:08:09Z
Infantry Fighting Vehicles,Ukraine,https://upload.wikimedia.org/wikipedia/commons/thumb/4/49/Flag_of_Ukraine.svg/23px-Flag_of_Ukraine.svg.png,BTR-3,abandoned,https://twitter.com/UAWeapons/status/1572668027933495297,26,259,170,20,63,6,2022-10-04T21:08:09Z
Infantry Fighting Vehicles,Ukraine,https://upload.wikimedia.org/wikipedia/commons/thumb/4/49/Flag_of_Ukraine.svg/23px-Flag_of_Ukraine.svg.png,BTR-3,captured,https://i.postimg.cc/wv6zrZdn/Screenshot-8248.png,26,259,170,20,63,6,2022-10-04T21:08:09Z
Infantry Fighting Vehicles,Ukraine,https://upload.wikimedia.org/wikipedia/commons/thumb/4/49/Flag_of_Ukraine.svg/23px-Flag_of_Ukraine.svg.png,BTR-3,captured,https://i.postimg.cc/m2kRmDDP/g789.png,26,259,170,20,63,6,2022-10-04T21:08:09Z
Infantry Fighting Vehicles,Ukraine,https://upload.wikimedia.org/wikipedia/commons/thumb/4/49/Flag_of_Ukraine.svg/23px-Flag_of_Ukraine.svg.png,BTR-3,captured,https://i.postimg.cc/m2kRmDDP/g789.png,26,259,170,20,63,6,2022-10-04T21:08:09Z
Infantry Fighting Vehicles,Ukraine,https://upload.wikimedia.org/wikipedia/commons/thumb/4/49/Flag_of_Ukraine.svg/23px-Flag_of_Ukraine.svg.png,BTR-3,captured,https://i.postimg.cc/m2kRmDDP/g789.png,26,259,170,20,63,6,2022-10-04T21:08:09Z
Infantry Fighting Vehicles,Ukraine,https://upload.wikimedia.org/wikipedia/commons/thumb/4/49/Flag_of_Ukraine.svg/23px-Flag_of_Ukraine.svg.png,BTR-3,captured,https://i.postimg.cc/yd8JRBxc/5j.png,26,259,170,20,63,6,2022-10-04T21:08:09Z
Infantry Fighting Vehicles,Ukraine,https://upload.wikimedia.org/wikipedia/commons/thumb/4/49/Flag_of_Ukraine.svg/23px-Flag_of_Ukraine.svg.png,BTR-3,captured,https://i.postimg.cc/kMzdJ1XL/18.png,26,259,170,20,63,6,2022-10-04T21:08:09Z
Infantry Fighting Vehicles,Ukraine,https://upload.wikimedia.org/wikipedia/commons/thumb/4/49/Flag_of_Ukraine.svg/23px-Flag_of_Ukraine.svg.png,BTR-3,captured,https://i.postimg.cc/c1B84mdp/4f.png,26,259,170,20,63,6,2022-10-04T21:08:09Z
Infantry Fighting Vehicles,Ukraine,https://upload.wikimedia.org/wikipedia/commons/thumb/4/49/Flag_of_Ukraine.svg/23px-Flag_of_Ukraine.svg.png,BTR-4,destroyed,https://i.postimg.cc/W42RL0Ld/5554.png,49,259,170,20,63,6,2022-10-04T21:08:09Z
Infantry Fighting Vehicles,Ukraine,https://upload.wikimedia.org/wikipedia/commons/thumb/4/49/Flag_of_Ukraine.svg/23px-Flag_of_Ukraine.svg.png,BTR-4,destroyed,https://i.postimg.cc/bYFbd2PW/6658.png,49,259,170,20,63,6,2022-10-04T21:08:09Z
Infantry Fighting Vehicles,Ukraine,https://upload.wikimedia.org/wikipedia/commons/thumb/4/49/Flag_of_Ukraine.svg/23px-Flag_of_Ukraine.svg.png,BTR-4,destroyed,https://i.postimg.cc/CxV8BDWN/467.png,49,259,170,20,63,6,2022-10-04T21:08:09Z
Infantry Fighting Vehicles,Ukraine,https://upload.wikimedia.org/wikipedia/commons/thumb/4/49/Flag_of_Ukraine.svg/23px-Flag_of_Ukraine.svg.png,BTR-4,destroyed,https://i.postimg.cc/7brvpRmG/665333.png,49,259,170,20,63,6,2022-10-04T21:08:09Z
Infantry Fighting Vehicles,Ukraine,https://upload.wikimedia.org/wikipedia/commons/thumb/4/49/Flag_of_Ukraine.svg/23px-Flag_of_Ukraine.svg.png,BTR-4,destroyed,https://i.postimg.cc/W4swJQ4m/ds6.png,49,259,170,20,63,6,2022-10-04T21:08:09Z
Infantry Fighting Vehicles,Ukraine,https://upload.wikimedia.org/wikipedia/commons/thumb/4/49/Flag_of_Ukraine.svg/23px-Flag_of_Ukraine.svg.png,BTR-4,destroyed,https://i.postimg.cc/g07BBKGD/Screenshot-9036.png,49,259,170,20,63,6,2022-10-04T21:08:09Z
Infantry Fighting Vehicles,Ukraine,https://upload.wikimedia.org/wikipedia/commons/thumb/4/49/Flag_of_Ukraine.svg/23px-Flag_of_Ukraine.svg.png,BTR-4,destroyed,https://i.postimg.cc/d17NHGMd/3f6.png,49,259,170,20,63,6,2022-10-04T21:08:09Z
Infantry Fighting Vehicles,Ukraine,https://upload.wikimedia.org/wikipedia/commons/thumb/4/49/Flag_of_Ukraine.svg/23px-Flag_of_Ukraine.svg.png,BTR-4,destroyed,https://i.postimg.cc/CM98gL2k/4690.png,49,259,170,20,63,6,2022-10-04T21:08:09Z
Infantry Fighting Vehicles,Ukraine,https://upload.wikimedia.org/wikipedia/commons/thumb/4/49/Flag_of_Ukraine.svg/23px-Flag_of_Ukraine.svg.png,BTR-4,destroyed,https://i.postimg.cc/LXhWx2KG/b6.jpg,49,259,170,20,63,6,2022-10-04T21:08:09Z
Infantry Fighting Vehicles,Ukraine,https://upload.wikimedia.org/wikipedia/commons/thumb/4/49/Flag_of_Ukraine.svg/23px-Flag_of_Ukraine.svg.png,BTR-4,destroyed,https://i.postimg.cc/52BbGJSn/8j.png,49,259,170,20,63,6,2022-10-04T21:08:09Z
Infantry Fighting Vehicles,Ukraine,https://upload.wikimedia.org/wikipedia/commons/thumb/4/49/Flag_of_Ukraine.svg/23px-Flag_of_Ukraine.svg.png,BTR-4,destroyed,https://i.postimg.cc/ncbZ4y5B/79.png,49,259,170,20,63,6,2022-10-04T21:08:09Z
Infantry Fighting Vehicles,Ukraine,https://upload.wikimedia.org/wikipedia/commons/thumb/4/49/Flag_of_Ukraine.svg/23px-Flag_of_Ukraine.svg.png,BTR-4,destroyed,https://i.postimg.cc/Bn4f4hbN/659.jpg,49,259,170,20,63,6,2022-10-04T21:08:09Z
Infantry Fighting Vehicles,Ukraine,https://upload.wikimedia.org/wikipedia/commons/thumb/4/49/Flag_of_Ukraine.svg/23px-Flag_of_Ukraine.svg.png,BTR-4,destroyed,https://i.postimg.cc/5t3w4Fgz/4h.png,49,259,170,20,63,6,2022-10-04T21:08:09Z
Infantry Fighting Vehicles,Ukraine,https://upload.wikimedia.org/wikipedia/commons/thumb/4/49/Flag_of_Ukraine.svg/23px-Flag_of_Ukraine.svg.png,BTR-4,destroyed,https://postimg.cc/qtMz8S36,49,259,170,20,63,6,2022-10-04T21:08:09Z
Infantry Fighting Vehicles,Ukraine,https://upload.wikimedia.org/wikipedia/commons/thumb/4/49/Flag_of_Ukraine.svg/23px-Flag_of_Ukraine.svg.png,BTR-4,destroyed,https://i.postimg.cc/W1TXm8gD/5544.png,49,259,170,20,63,6,2022-10-04T21:08:09Z
Infantry Fighting Vehicles,Ukraine,https://upload.wikimedia.org/wikipedia/commons/thumb/4/49/Flag_of_Ukraine.svg/23px-Flag_of_Ukraine.svg.png,BTR-4,destroyed,https://i.postimg.cc/3N61mFkq/436.png,49,259,170,20,63,6,2022-10-04T21:08:09Z
Infantry Fighting Vehicles,Ukraine,https://upload.wikimedia.org/wikipedia/commons/thumb/4/49/Flag_of_Ukraine.svg/23px-Flag_of_Ukraine.svg.png,BTR-4,destroyed,https://i.postimg.cc/1XjS39jC/v1.jpg,49,259,170,20,63,6,2022-10-04T21:08:09Z
Infantry Fighting Vehicles,Ukraine,https://upload.wikimedia.org/wikipedia/commons/thumb/4/49/Flag_of_Ukraine.svg/23px-Flag_of_Ukraine.svg.png,BTR-4,destroyed,https://i.postimg.cc/90HGmXB4/113.png,49,259,170,20,63,6,2022-10-04T21:08:09Z
Infantry Fighting Vehicles,Ukraine,https://upload.wikimedia.org/wikipedia/commons/thumb/4/49/Flag_of_Ukraine.svg/23px-Flag_of_Ukraine.svg.png,BTR-4,destroyed,https://i.postimg.cc/90HGmXB4/113.png,49,259,170,20,63,6,2022-10-04T21:08:09Z
Infantry Fighting Vehicles,Ukraine,https://upload.wikimedia.org/wikipedia/commons/thumb/4/49/Flag_of_Ukraine.svg/23px-Flag_of_Ukraine.svg.png,BTR-4,destroyed,https://i.postimg.cc/Dww4MbR2/d16.png,49,259,170,20,63,6,2022-10-04T21:08:09Z
Infantry Fighting Vehicles,Ukraine,https://upload.wikimedia.org/wikipedia/commons/thumb/4/49/Flag_of_Ukraine.svg/23px-Flag_of_Ukraine.svg.png,BTR-4,destroyed,https://i.postimg.cc/ZYQQRrFQ/665.png,49,259,170,20,63,6,2022-10-04T21:08:09Z
Infantry Fighting Vehicles,Ukraine,https://upload.wikimedia.org/wikipedia/commons/thumb/4/49/Flag_of_Ukraine.svg/23px-Flag_of_Ukraine.svg.png,BTR-4,destroyed,https://i.postimg.cc/ZYQQRrFQ/665.png,49,259,170,20,63,6,2022-10-04T21:08:09Z
Infantry Fighting Vehicles,Ukraine,https://upload.wikimedia.org/wikipedia/commons/thumb/4/49/Flag_of_Ukraine.svg/23px-Flag_of_Ukraine.svg.png,BTR-4,destroyed,https://twitter.com/UAWeapons/status/1568992909797515264,49,259,170,20,63,6,2022-10-04T21:08:09Z
Infantry Fighting Vehicles,Ukraine,https://upload.wikimedia.org/wikipedia/commons/thumb/4/49/Flag_of_Ukraine.svg/23px-Flag_of_Ukraine.svg.png,BTR-4,destroyed,https://i.postimg.cc/T3X6B52L/44f4.png,49,259,170,20,63,6,2022-10-04T21:08:09Z
Infantry Fighting Vehicles,Ukraine,https://upload.wikimedia.org/wikipedia/commons/thumb/4/49/Flag_of_Ukraine.svg/23px-Flag_of_Ukraine.svg.png,BTR-4,destroyed,https://i.postimg.cc/g2QgqhXS/4.png,49,259,170,20,63,6,2022-10-04T21:08:09Z
Infantry Fighting Vehicles,Ukraine,https://upload.wikimedia.org/wikipedia/commons/thumb/4/49/Flag_of_Ukraine.svg/23px-Flag_of_Ukraine.svg.png,BTR-4,destroyed,https://i.postimg.cc/ZRsF6NH2/2001-btr4.jpg,49,259,170,20,63,6,2022-10-04T21:08:09Z
Infantry Fighting Vehicles,Ukraine,https://upload.wikimedia.org/wikipedia/commons/thumb/4/49/Flag_of_Ukraine.svg/23px-Flag_of_Ukraine.svg.png,BTR-4,damaged,https://twitter.com/RALee85/status/1497785823198162944,49,259,170,20,63,6,2022-10-04T21:08:09Z
Infantry Fighting Vehicles,Ukraine,https://upload.wikimedia.org/wikipedia/commons/thumb/4/49/Flag_of_Ukraine.svg/23px-Flag_of_Ukraine.svg.png,BTR-4,abandoned,https://i.postimg.cc/mkdGX6cb/447.png,49,259,170,20,63,6,2022-10-04T21:08:09Z
Infantry Fighting Vehicles,Ukraine,https://upload.wikimedia.org/wikipedia/commons/thumb/4/49/Flag_of_Ukraine.svg/23px-Flag_of_Ukraine.svg.png,BTR-4,abandoned,https://i.postimg.cc/xd84RZV8/Screenshot-9035.png,49,259,170,20,63,6,2022-10-04T21:08:09Z
Infantry Fighting Vehicles,Ukraine,https://upload.wikimedia.org/wikipedia/commons/thumb/4/49/Flag_of_Ukraine.svg/23px-Flag_of_Ukraine.svg.png,BTR-4,captured,https://i.postimg.cc/YST0Gqf1/4f69.png,49,259,170,20,63,6,2022-10-04T21:08:09Z
Infantry Fighting Vehicles,Ukraine,https://upload.wikimedia.org/wikipedia/commons/thumb/4/49/Flag_of_Ukraine.svg/23px-Flag_of_Ukraine.svg.png,BTR-4,captured,https://i.postimg.cc/j53CbfRq/4433.png,49,259,170,20,63,6,2022-10-04T21:08:09Z
Infantry Fighting Vehicles,Ukraine,https://upload.wikimedia.org/wikipedia/commons/thumb/4/49/Flag_of_Ukraine.svg/23px-Flag_of_Ukraine.svg.png,BTR-4,captured,https://i.postimg.cc/Nf0nwQN3/c4.png,49,259,170,20,63,6,2022-10-04T21:08:09Z
Infantry Fighting Vehicles,Ukraine,https://upload.wikimedia.org/wikipedia/commons/thumb/4/49/Flag_of_Ukraine.svg/23px-Flag_of_Ukraine.svg.png,BTR-4,captured,https://i.postimg.cc/XJv4gt66/Screenshot-8643.png,49,259,170,20,63,6,2022-10-04T21:08:09Z
Infantry Fighting Vehicles,Ukraine,https://upload.wikimedia.org/wikipedia/commons/thumb/4/49/Flag_of_Ukraine.svg/23px-Flag_of_Ukraine.svg.png,BTR-4,captured,https://i.postimg.cc/DzFNDmJb/j1.png,49,259,170,20,63,6,2022-10-04T21:08:09Z
Infantry Fighting Vehicles,Ukraine,https://upload.wikimedia.org/wikipedia/commons/thumb/4/49/Flag_of_Ukraine.svg/23px-Flag_of_Ukraine.svg.png,BTR-4,captured,https://i.postimg.cc/8zL3tL5S/j2.png,49,259,170,20,63,6,2022-10-04T21:08:09Z
Infantry Fighting Vehicles,Ukraine,https://upload.wikimedia.org/wikipedia/commons/thumb/4/49/Flag_of_Ukraine.svg/23px-Flag_of_Ukraine.svg.png,BTR-4,captured,https://i.postimg.cc/65KrHtcb/413.png,49,259,170,20,63,6,2022-10-04T21:08:09Z
Infantry Fighting Vehicles,Ukraine,https://upload.wikimedia.org/wikipedia/commons/thumb/4/49/Flag_of_Ukraine.svg/23px-Flag_of_Ukraine.svg.png,BTR-4,captured,https://i.postimg.cc/4x3jXzd0/4311.png,49,259,170,20,63,6,2022-10-04T21:08:09Z
Infantry Fighting Vehicles,Ukraine,https://upload.wikimedia.org/wikipedia/commons/thumb/4/49/Flag_of_Ukraine.svg/23px-Flag_of_Ukraine.svg.png,BTR-4,captured,https://i.postimg.cc/sx8Mcqch/47.png,49,259,170,20,63,6,2022-10-04T21:08:09Z
Infantry Fighting Vehicles,Ukraine,https://upload.wikimedia.org/wikipedia/commons/thumb/4/49/Flag_of_Ukraine.svg/23px-Flag_of_Ukraine.svg.png,BTR-4,captured,https://i.postimg.cc/QCRhgWpV/437.png,49,259,170,20,63,6,2022-10-04T21:08:09Z
Infantry Fighting Vehicles,Ukraine,https://upload.wikimedia.org/wikipedia/commons/thumb/4/49/Flag_of_Ukraine.svg/23px-Flag_of_Ukraine.svg.png,BTR-4,captured,https://i.postimg.cc/6phJCJsP/667.png,49,259,170,20,63,6,2022-10-04T21:08:09Z
Infantry Fighting Vehicles,Ukraine,https://upload.wikimedia.org/wikipedia/commons/thumb/4/49/Flag_of_Ukraine.svg/23px-Flag_of_Ukraine.svg.png,BTR-4,captured,https://i.postimg.cc/J0k2Wxhq/b5.jpg,49,259,170,20,63,6,2022-10-04T21:08:09Z
Infantry Fighting Vehicles,Ukraine,https://upload.wikimedia.org/wikipedia/commons/thumb/4/49/Flag_of_Ukraine.svg/23px-Flag_of_Ukraine.svg.png,BTR-4,captured,https://i.postimg.cc/TYbH7h2W/46.png,49,259,170,20,63,6,2022-10-04T21:08:09Z
Infantry Fighting Vehicles,Ukraine,https://upload.wikimedia.org/wikipedia/commons/thumb/4/49/Flag_of_Ukraine.svg/23px-Flag_of_Ukraine.svg.png,BTR-4,captured,https://i.postimg.cc/13p2q8Xq/46.png,49,259,170,20,63,6,2022-10-04T21:08:09Z
Infantry Fighting Vehicles,Ukraine,https://upload.wikimedia.org/wikipedia/commons/thumb/4/49/Flag_of_Ukraine.svg/23px-Flag_of_Ukraine.svg.png,BTR-4,captured,https://i.postimg.cc/CLVKWfB3/87.png,49,259,170,20,63,6,2022-10-04T21:08:09Z
Infantry Fighting Vehicles,Ukraine,https://upload.wikimedia.org/wikipedia/commons/thumb/4/49/Flag_of_Ukraine.svg/23px-Flag_of_Ukraine.svg.png,BTR-4,captured,https://i.postimg.cc/fTkNLbqJ/36.png,49,259,170,20,63,6,2022-10-04T21:08:09Z
Infantry Fighting Vehicles,Ukraine,https://upload.wikimedia.org/wikipedia/commons/thumb/4/49/Flag_of_Ukraine.svg/23px-Flag_of_Ukraine.svg.png,BTR-4,captured,https://i.postimg.cc/Twhcyb1s/43j.png,49,259,170,20,63,6,2022-10-04T21:08:09Z
Infantry Fighting Vehicles,Ukraine,https://upload.wikimedia.org/wikipedia/commons/thumb/4/49/Flag_of_Ukraine.svg/23px-Flag_of_Ukraine.svg.png,BTR-4,captured,https://i.postimg.cc/tCP3NpHR/c1.png,49,259,170,20,63,6,2022-10-04T21:08:09Z
Infantry Fighting Vehicles,Ukraine,https://upload.wikimedia.org/wikipedia/commons/thumb/4/49/Flag_of_Ukraine.svg/23px-Flag_of_Ukraine.svg.png,BTR-4,captured,https://i.postimg.cc/htB9C6SL/c2.png,49,259,170,20,63,6,2022-10-04T21:08:09Z
Infantry Fighting Vehicles,Ukraine,https://upload.wikimedia.org/wikipedia/commons/thumb/4/49/Flag_of_Ukraine.svg/23px-Flag_of_Ukraine.svg.png,BTR-4,captured,https://i.postimg.cc/wBxnxNsW/5g.png,49,259,170,20,63,6,2022-10-04T21:08:09Z
Armoured Personnel Carriers,Ukraine,https://upload.wikimedia.org/wikipedia/commons/thumb/a/a9/Flag_of_the_Soviet_Union.svg/23px-Flag_of_the_Soviet_Union.svg.png,BTR-60PB,destroyed,https://i.postimg.cc/wjsNB5WJ/2d4.png,9,119,62,3,46,8,2022-10-04T21:08:09Z
Armoured Personnel Carriers,Ukraine,https://upload.wikimedia.org/wikipedia/commons/thumb/a/a9/Flag_of_the_Soviet_Union.svg/23px-Flag_of_the_Soviet_Union.svg.png,BTR-60PB,destroyed,https://i.postimg.cc/X7fQsQrh/4438.png,9,119,62,3,46,8,2022-10-04T21:08:09Z
Armoured Personnel Carriers,Ukraine,https://upload.wikimedia.org/wikipedia/commons/thumb/a/a9/Flag_of_the_Soviet_Union.svg/23px-Flag_of_the_Soviet_Union.svg.png,BTR-60PB,destroyed,https://i.postimg.cc/TPn4rKqG/4f8.png,9,119,62,3,46,8,2022-10-04T21:08:09Z
Armoured Personnel Carriers,Ukraine,https://upload.wikimedia.org/wikipedia/commons/thumb/a/a9/Flag_of_the_Soviet_Union.svg/23px-Flag_of_the_Soviet_Union.svg.png,BTR-60PB,destroyed,https://postimg.cc/YvQyK3tb,9,119,62,3,46,8,2022-10-04T21:08:09Z
Armoured Personnel Carriers,Ukraine,https://upload.wikimedia.org/wikipedia/commons/thumb/a/a9/Flag_of_the_Soviet_Union.svg/23px-Flag_of_the_Soviet_Union.svg.png,BTR-60PB,destroyed,https://twitter.com/UAWeapons/status/1571108754393042947,9,119,62,3,46,8,2022-10-04T21:08:09Z
Armoured Personnel Carriers,Ukraine,https://upload.wikimedia.org/wikipedia/commons/thumb/a/a9/Flag_of_the_Soviet_Union.svg/23px-Flag_of_the_Soviet_Union.svg.png,BTR-60PB,captured,https://i.postimg.cc/wv5Mw3LL/Screenshot-8388.png,9,119,62,3,46,8,2022-10-04T21:08:09Z
Armoured Personnel Carriers,Ukraine,https://upload.wikimedia.org/wikipedia/commons/thumb/a/a9/Flag_of_the_Soviet_Union.svg/23px-Flag_of_the_Soviet_Union.svg.png,BTR-60PB,captured,https://i.postimg.cc/brZyFMTj/f4d.png,9,119,62,3,46,8,2022-10-04T21:08:09Z
Armoured Personnel Carriers,Ukraine,https://upload.wikimedia.org/wikipedia/commons/thumb/a/a9/Flag_of_the_Soviet_Union.svg/23px-Flag_of_the_Soviet_Union.svg.png,BTR-60PB,captured,https://i.postimg.cc/mgns2vNk/a1.png,9,119,62,3,46,8,2022-10-04T21:08:09Z
Armoured Personnel Carriers,Ukraine,https://upload.wikimedia.org/wikipedia/commons/thumb/a/a9/Flag_of_the_Soviet_Union.svg/23px-Flag_of_the_Soviet_Union.svg.png,BTR-60PB,captured,https://i.postimg.cc/7L6YdXNF/2111.jpg,9,119,62,3,46,8,2022-10-04T21:08:09Z
Armoured Personnel Carriers,Ukraine,https://upload.wikimedia.org/wikipedia/commons/thumb/a/a9/Flag_of_the_Soviet_Union.svg/23px-Flag_of_the_Soviet_Union.svg.png,BTR-70,destroyed,https://i.postimg.cc/FsJZ542w/4t.png,23,119,62,3,46,8,2022-10-04T21:08:09Z
Armoured Personnel Carriers,Ukraine,https://upload.wikimedia.org/wikipedia/commons/thumb/a/a9/Flag_of_the_Soviet_Union.svg/23px-Flag_of_the_Soviet_Union.svg.png,BTR-70,destroyed,https://i.postimg.cc/MGj5Kcdy/46.png,23,119,62,3,46,8,2022-10-04T21:08:09Z
Armoured Personnel Carriers,Ukraine,https://upload.wikimedia.org/wikipedia/commons/thumb/a/a9/Flag_of_the_Soviet_Union.svg/23px-Flag_of_the_Soviet_Union.svg.png,BTR-70,destroyed,https://i.postimg.cc/MGj5Kcdy/46.png,23,119,62,3,46,8,2022-10-04T21:08:09Z
Armoured Personnel Carriers,Ukraine,https://upload.wikimedia.org/wikipedia/commons/thumb/a/a9/Flag_of_the_Soviet_Union.svg/23px-Flag_of_the_Soviet_Union.svg.png,BTR-70,destroyed,https://i.postimg.cc/xdppgm3K/44389.png,23,119,62,3,46,8,2022-10-04T21:08:09Z
Armoured Personnel Carriers,Ukraine,https://upload.wikimedia.org/wikipedia/commons/thumb/a/a9/Flag_of_the_Soviet_Union.svg/23px-Flag_of_the_Soviet_Union.svg.png,BTR-70,destroyed,https://postimg.cc/rdFL4FzN,23,119,62,3,46,8,2022-10-04T21:08:09Z
Armoured Personnel Carriers,Ukraine,https://upload.wikimedia.org/wikipedia/commons/thumb/a/a9/Flag_of_the_Soviet_Union.svg/23px-Flag_of_the_Soviet_Union.svg.png,BTR-70,destroyed,https://i.postimg.cc/4yxsJV6h/2000-btr70-destr.jpg,23,119,62,3,46,8,2022-10-04T21:08:09Z
Armoured Personnel Carriers,Ukraine,https://upload.wikimedia.org/wikipedia/commons/thumb/a/a9/Flag_of_the_Soviet_Union.svg/23px-Flag_of_the_Soviet_Union.svg.png,BTR-70,destroyed,https://i.postimg.cc/ZRcJtVdS/2001-btr70-2x-destr.jpg,23,119,62,3,46,8,2022-10-04T21:08:09Z
Armoured Personnel Carriers,Ukraine,https://upload.wikimedia.org/wikipedia/commons/thumb/a/a9/Flag_of_the_Soviet_Union.svg/23px-Flag_of_the_Soviet_Union.svg.png,BTR-70,destroyed,https://i.postimg.cc/ZRcJtVdS/2001-btr70-2x-destr.jpg,23,119,62,3,46,8,2022-10-04T21:08:09Z
Armoured Personnel Carriers,Ukraine,https://upload.wikimedia.org/wikipedia/commons/thumb/a/a9/Flag_of_the_Soviet_Union.svg/23px-Flag_of_the_Soviet_Union.svg.png,BTR-70,damaged,https://postimg.cc/rKptXh9Z,23,119,62,3,46,8,2022-10-04T21:08:09Z
Armoured Personnel Carriers,Ukraine,https://upload.wikimedia.org/wikipedia/commons/thumb/a/a9/Flag_of_the_Soviet_Union.svg/23px-Flag_of_the_Soviet_Union.svg.png,BTR-70,abandoned,https://i.postimg.cc/RCWcTD3F/579.png,23,119,62,3,46,8,2022-10-04T21:08:09Z
Armoured Personnel Carriers,Ukraine,https://upload.wikimedia.org/wikipedia/commons/thumb/a/a9/Flag_of_the_Soviet_Union.svg/23px-Flag_of_the_Soviet_Union.svg.png,BTR-70,captured,https://i.postimg.cc/9FS2wLRZ/Screenshot-8016.png,23,119,62,3,46,8,2022-10-04T21:08:09Z
Armoured Personnel Carriers,Ukraine,https://upload.wikimedia.org/wikipedia/commons/thumb/a/a9/Flag_of_the_Soviet_Union.svg/23px-Flag_of_the_Soviet_Union.svg.png,BTR-70,captured,https://i.postimg.cc/hvpjqwCG/Screenshot-8389.png,23,119,62,3,46,8,2022-10-04T21:08:09Z
Armoured Personnel Carriers,Ukraine,https://upload.wikimedia.org/wikipedia/commons/thumb/a/a9/Flag_of_the_Soviet_Union.svg/23px-Flag_of_the_Soviet_Union.svg.png,BTR-70,captured,https://i.postimg.cc/TYrB0g16/435.png,23,119,62,3,46,8,2022-10-04T21:08:09Z
Armoured Personnel Carriers,Ukraine,https://upload.wikimedia.org/wikipedia/commons/thumb/a/a9/Flag_of_the_Soviet_Union.svg/23px-Flag_of_the_Soviet_Union.svg.png,BTR-70,captured,https://i.postimg.cc/QC4rShLH/ca2.png,23,119,62,3,46,8,2022-10-04T21:08:09Z
Armoured Personnel Carriers,Ukraine,https://upload.wikimedia.org/wikipedia/commons/thumb/a/a9/Flag_of_the_Soviet_Union.svg/23px-Flag_of_the_Soviet_Union.svg.png,BTR-70,captured,https://i.postimg.cc/SxXFkBG3/31.png,23,119,62,3,46,8,2022-10-04T21:08:09Z
Armoured Personnel Carriers,Ukraine,https://upload.wikimedia.org/wikipedia/commons/thumb/a/a9/Flag_of_the_Soviet_Union.svg/23px-Flag_of_the_Soviet_Union.svg.png,BTR-70,captured,https://i.postimg.cc/SxXFkBG3/31.png,23,119,62,3,46,8,2022-10-04T21:08:09Z
Armoured Personnel Carriers,Ukraine,https://upload.wikimedia.org/wikipedia/commons/thumb/a/a9/Flag_of_the_Soviet_Union.svg/23px-Flag_of_the_Soviet_Union.svg.png,BTR-70,captured,https://i.postimg.cc/W4GZXHLD/311.png,23,119,62,3,46,8,2022-10-04T21:08:09Z
Armoured Personnel Carriers,Ukraine,https://upload.wikimedia.org/wikipedia/commons/thumb/a/a9/Flag_of_the_Soviet_Union.svg/23px-Flag_of_the_Soviet_Union.svg.png,BTR-70,captured,https://i.postimg.cc/fTZRgryB/4678.jpg,23,119,62,3,46,8,2022-10-04T21:08:09Z
Armoured Personnel Carriers,Ukraine,https://upload.wikimedia.org/wikipedia/commons/thumb/a/a9/Flag_of_the_Soviet_Union.svg/23px-Flag_of_the_Soviet_Union.svg.png,BTR-70,captured,https://i.postimg.cc/vBCcdfx0/78.png,23,119,62,3,46,8,2022-10-04T21:08:09Z
Armoured Personnel Carriers,Ukraine,https://upload.wikimedia.org/wikipedia/commons/thumb/a/a9/Flag_of_the_Soviet_Union.svg/23px-Flag_of_the_Soviet_Union.svg.png,BTR-70,captured,https://i.postimg.cc/rFZ5bm4k/588.png,23,119,62,3,46,8,2022-10-04T21:08:09Z
Armoured Personnel Carriers,Ukraine,https://upload.wikimedia.org/wikipedia/commons/thumb/a/a9/Flag_of_the_Soviet_Union.svg/23px-Flag_of_the_Soviet_Union.svg.png,BTR-70,captured,https://i.postimg.cc/vBr82KhS/98.png,23,119,62,3,46,8,2022-10-04T21:08:09Z
Armoured Personnel Carriers,Ukraine,https://upload.wikimedia.org/wikipedia/commons/thumb/a/a9/Flag_of_the_Soviet_Union.svg/23px-Flag_of_the_Soviet_Union.svg.png,BTR-70,captured,https://i.postimg.cc/fbXdcQ6X/2d5.png,23,119,62,3,46,8,2022-10-04T21:08:09Z
Armoured Personnel Carriers,Ukraine,https://upload.wikimedia.org/wikipedia/commons/thumb/a/a9/Flag_of_the_Soviet_Union.svg/23px-Flag_of_the_Soviet_Union.svg.png,BTR-70,captured,https://i.postimg.cc/NF04r38N/2112.jpg,23,119,62,3,46,8,2022-10-04T21:08:09Z
Armoured Personnel Carriers,Ukraine,https://upload.wikimedia.org/wikipedia/commons/thumb/a/a9/Flag_of_the_Soviet_Union.svg/23px-Flag_of_the_Soviet_Union.svg.png,BTR-80,destroyed,https://i.postimg.cc/Sj0VZnW6/446i.png,65,119,62,3,46,8,2022-10-04T21:08:09Z
Armoured Personnel Carriers,Ukraine,https://upload.wikimedia.org/wikipedia/commons/thumb/a/a9/Flag_of_the_Soviet_Union.svg/23px-Flag_of_the_Soviet_Union.svg.png,BTR-80,destroyed,https://i.postimg.cc/1X15nzYz/670.png,65,119,62,3,46,8,2022-10-04T21:08:09Z
Armoured Personnel Carriers,Ukraine,https://upload.wikimedia.org/wikipedia/commons/thumb/a/a9/Flag_of_the_Soviet_Union.svg/23px-Flag_of_the_Soviet_Union.svg.png,BTR-80,destroyed,https://i.postimg.cc/vBMkTPJC/j8.jpg,65,119,62,3,46,8,2022-10-04T21:08:09Z
Armoured Personnel Carriers,Ukraine,https://upload.wikimedia.org/wikipedia/commons/thumb/a/a9/Flag_of_the_Soviet_Union.svg/23px-Flag_of_the_Soviet_Union.svg.png,BTR-80,destroyed,https://i.postimg.cc/W4LLXRmS/424.png,65,119,62,3,46,8,2022-10-04T21:08:09Z
Armoured Personnel Carriers,Ukraine,https://upload.wikimedia.org/wikipedia/commons/thumb/a/a9/Flag_of_the_Soviet_Union.svg/23px-Flag_of_the_Soviet_Union.svg.png,BTR-80,destroyed,https://i.postimg.cc/nzkzjRMq/3d.jpg,65,119,62,3,46,8,2022-10-04T21:08:09Z
Armoured Personnel Carriers,Ukraine,https://upload.wikimedia.org/wikipedia/commons/thumb/a/a9/Flag_of_the_Soviet_Union.svg/23px-Flag_of_the_Soviet_Union.svg.png,BTR-80,destroyed,https://i.postimg.cc/yYxK713w/c3.png,65,119,62,3,46,8,2022-10-04T21:08:09Z
Armoured Personnel Carriers,Ukraine,https://upload.wikimedia.org/wikipedia/commons/thumb/a/a9/Flag_of_the_Soviet_Union.svg/23px-Flag_of_the_Soviet_Union.svg.png,BTR-80,destroyed,https://i.postimg.cc/yYxK713w/c3.png,65,119,62,3,46,8,2022-10-04T21:08:09Z
Armoured Personnel Carriers,Ukraine,https://upload.wikimedia.org/wikipedia/commons/thumb/a/a9/Flag_of_the_Soviet_Union.svg/23px-Flag_of_the_Soviet_Union.svg.png,BTR-80,destroyed,https://i.postimg.cc/yYxK713w/c3.png,65,119,62,3,46,8,2022-10-04T21:08:09Z
Armoured Personnel Carriers,Ukraine,https://upload.wikimedia.org/wikipedia/commons/thumb/a/a9/Flag_of_the_Soviet_Union.svg/23px-Flag_of_the_Soviet_Union.svg.png,BTR-80,destroyed,https://i.postimg.cc/fTmggWDx/587.png,65,119,62,3,46,8,2022-10-04T21:08:09Z
Armoured Personnel Carriers,Ukraine,https://upload.wikimedia.org/wikipedia/commons/thumb/a/a9/Flag_of_the_Soviet_Union.svg/23px-Flag_of_the_Soviet_Union.svg.png,BTR-80,destroyed,https://i.postimg.cc/k5vgD9b4/33.png,65,119,62,3,46,8,2022-10-04T21:08:09Z
Armoured Personnel Carriers,Ukraine,https://upload.wikimedia.org/wikipedia/commons/thumb/a/a9/Flag_of_the_Soviet_Union.svg/23px-Flag_of_the_Soviet_Union.svg.png,BTR-80,destroyed,https://i.postimg.cc/kG3RCVp5/48.png,65,119,62,3,46,8,2022-10-04T21:08:09Z
Armoured Personnel Carriers,Ukraine,https://upload.wikimedia.org/wikipedia/commons/thumb/a/a9/Flag_of_the_Soviet_Union.svg/23px-Flag_of_the_Soviet_Union.svg.png,BTR-80,destroyed,https://i.postimg.cc/0jGsnKb4/547.png,65,119,62,3,46,8,2022-10-04T21:08:09Z
Armoured Personnel Carriers,Ukraine,https://upload.wikimedia.org/wikipedia/commons/thumb/a/a9/Flag_of_the_Soviet_Union.svg/23px-Flag_of_the_Soviet_Union.svg.png,BTR-80,destroyed,https://i.postimg.cc/CxPVHq9M/f11.jpg,65,119,62,3,46,8,2022-10-04T21:08:09Z
Armoured Personnel Carriers,Ukraine,https://upload.wikimedia.org/wikipedia/commons/thumb/a/a9/Flag_of_the_Soviet_Union.svg/23px-Flag_of_the_Soviet_Union.svg.png,BTR-80,destroyed,https://i.postimg.cc/251NH5fQ/f12.jpg,65,119,62,3,46,8,2022-10-04T21:08:09Z
Armoured Personnel Carriers,Ukraine,https://upload.wikimedia.org/wikipedia/commons/thumb/a/a9/Flag_of_the_Soviet_Union.svg/23px-Flag_of_the_Soviet_Union.svg.png,BTR-80,destroyed,https://i.postimg.cc/FsrgX9Kn/332.jpg,65,119,62,3,46,8,2022-10-04T21:08:09Z
Armoured Personnel Carriers,Ukraine,https://upload.wikimedia.org/wikipedia/commons/thumb/a/a9/Flag_of_the_Soviet_Union.svg/23px-Flag_of_the_Soviet_Union.svg.png,BTR-80,destroyed,https://i.postimg.cc/CLR2yQp3/f11.jpg,65,119,62,3,46,8,2022-10-04T21:08:09Z
Armoured Personnel Carriers,Ukraine,https://upload.wikimedia.org/wikipedia/commons/thumb/a/a9/Flag_of_the_Soviet_Union.svg/23px-Flag_of_the_Soviet_Union.svg.png,BTR-80,destroyed,https://i.postimg.cc/NGktnk4s/g5.png,65,119,62,3,46,8,2022-10-04T21:08:09Z
Armoured Personnel Carriers,Ukraine,https://upload.wikimedia.org/wikipedia/commons/thumb/a/a9/Flag_of_the_Soviet_Union.svg/23px-Flag_of_the_Soviet_Union.svg.png,BTR-80,destroyed,https://i.postimg.cc/SKnqdZ5Q/443.png,65,119,62,3,46,8,2022-10-04T21:08:09Z
Armoured Personnel Carriers,Ukraine,https://upload.wikimedia.org/wikipedia/commons/thumb/a/a9/Flag_of_the_Soviet_Union.svg/23px-Flag_of_the_Soviet_Union.svg.png,BTR-80,destroyed,https://twitter.com/UAWeapons/status/1548371030640447488,65,119,62,3,46,8,2022-10-04T21:08:09Z
Armoured Personnel Carriers,Ukraine,https://upload.wikimedia.org/wikipedia/commons/thumb/a/a9/Flag_of_the_Soviet_Union.svg/23px-Flag_of_the_Soviet_Union.svg.png,BTR-80,destroyed,https://i.postimg.cc/xd1Wh3HF/2001.jpg,65,119,62,3,46,8,2022-10-04T21:08:09Z
Armoured Personnel Carriers,Ukraine,https://upload.wikimedia.org/wikipedia/commons/thumb/a/a9/Flag_of_the_Soviet_Union.svg/23px-Flag_of_the_Soviet_Union.svg.png,BTR-80,destroyed,https://i.postimg.cc/j27gb4GT/t1.png,65,119,62,3,46,8,2022-10-04T21:08:09Z
Armoured Personnel Carriers,Ukraine,https://upload.wikimedia.org/wikipedia/commons/thumb/a/a9/Flag_of_the_Soviet_Union.svg/23px-Flag_of_the_Soviet_Union.svg.png,BTR-80,destroyed,https://i.postimg.cc/L8hCTR8w/4f.png,65,119,62,3,46,8,2022-10-04T21:08:09Z
Armoured Personnel Carriers,Ukraine,https://upload.wikimedia.org/wikipedia/commons/thumb/a/a9/Flag_of_the_Soviet_Union.svg/23px-Flag_of_the_Soviet_Union.svg.png,BTR-80,destroyed,https://i.postimg.cc/904JMsrz/44f2.png,65,119,62,3,46,8,2022-10-04T21:08:09Z
Armoured Personnel Carriers,Ukraine,https://upload.wikimedia.org/wikipedia/commons/thumb/a/a9/Flag_of_the_Soviet_Union.svg/23px-Flag_of_the_Soviet_Union.svg.png,BTR-80,destroyed,https://i.postimg.cc/3RKnmnxC/2r.png,65,119,62,3,46,8,2022-10-04T21:08:09Z
Armoured Personnel Carriers,Ukraine,https://upload.wikimedia.org/wikipedia/commons/thumb/a/a9/Flag_of_the_Soviet_Union.svg/23px-Flag_of_the_Soviet_Union.svg.png,BTR-80,destroyed,https://i.postimg.cc/MH8wxk6b/4f3.png,65,119,62,3,46,8,2022-10-04T21:08:09Z
Armoured Personnel Carriers,Ukraine,https://upload.wikimedia.org/wikipedia/commons/thumb/a/a9/Flag_of_the_Soviet_Union.svg/23px-Flag_of_the_Soviet_Union.svg.png,BTR-80,destroyed,https://i.postimg.cc/4y7TzJ8g/4f6.png,65,119,62,3,46,8,2022-10-04T21:08:09Z
Armoured Personnel Carriers,Ukraine,https://upload.wikimedia.org/wikipedia/commons/thumb/a/a9/Flag_of_the_Soviet_Union.svg/23px-Flag_of_the_Soviet_Union.svg.png,BTR-80,destroyed,https://i.postimg.cc/L8tT2TGp/v80.png,65,119,62,3,46,8,2022-10-04T21:08:09Z
Armoured Personnel Carriers,Ukraine,https://upload.wikimedia.org/wikipedia/commons/thumb/a/a9/Flag_of_the_Soviet_Union.svg/23px-Flag_of_the_Soviet_Union.svg.png,BTR-80,destroyed,https://i.postimg.cc/SKsgk4GQ/2001-btre80.jpg,65,119,62,3,46,8,2022-10-04T21:08:09Z
Armoured Personnel Carriers,Ukraine,https://upload.wikimedia.org/wikipedia/commons/thumb/a/a9/Flag_of_the_Soviet_Union.svg/23px-Flag_of_the_Soviet_Union.svg.png,BTR-80,destroyed,https://postimg.cc/0zjqChqL,65,119,62,3,46,8,2022-10-04T21:08:09Z
Armoured Personnel Carriers,Ukraine,https://upload.wikimedia.org/wikipedia/commons/thumb/a/a9/Flag_of_the_Soviet_Union.svg/23px-Flag_of_the_Soviet_Union.svg.png,BTR-80,destroyed,https://postimg.cc/PP462MbZ,65,119,62,3,46,8,2022-10-04T21:08:09Z
Armoured Personnel Carriers,Ukraine,https://upload.wikimedia.org/wikipedia/commons/thumb/a/a9/Flag_of_the_Soviet_Union.svg/23px-Flag_of_the_Soviet_Union.svg.png,BTR-80,destroyed,https://postimg.cc/PP462MbZ,65,119,62,3,46,8,2022-10-04T21:08:09Z
Armoured Personnel Carriers,Ukraine,https://upload.wikimedia.org/wikipedia/commons/thumb/a/a9/Flag_of_the_Soviet_Union.svg/23px-Flag_of_the_Soviet_Union.svg.png,BTR-80,destroyed,https://postimg.cc/3WGVCpbC,65,119,62,3,46,8,2022-10-04T21:08:09Z
Armoured Personnel Carriers,Ukraine,https://upload.wikimedia.org/wikipedia/commons/thumb/a/a9/Flag_of_the_Soviet_Union.svg/23px-Flag_of_the_Soviet_Union.svg.png,BTR-80,destroyed,https://postimg.cc/cvxJGDGm,65,119,62,3,46,8,2022-10-04T21:08:09Z
Armoured Personnel Carriers,Ukraine,https://upload.wikimedia.org/wikipedia/commons/thumb/a/a9/Flag_of_the_Soviet_Union.svg/23px-Flag_of_the_Soviet_Union.svg.png,BTR-80,destroyed,https://i.postimg.cc/yx2Hz9jp/1006-btr80.jpg,65,119,62,3,46,8,2022-10-04T21:08:09Z
Armoured Personnel Carriers,Ukraine,https://upload.wikimedia.org/wikipedia/commons/thumb/a/a9/Flag_of_the_Soviet_Union.svg/23px-Flag_of_the_Soviet_Union.svg.png,BTR-80,damaged,https://i.postimg.cc/BQG09mbr/2000-btr80-2x.jpg,65,119,62,3,46,8,2022-10-04T21:08:09Z
Armoured Personnel Carriers,Ukraine,https://upload.wikimedia.org/wikipedia/commons/thumb/a/a9/Flag_of_the_Soviet_Union.svg/23px-Flag_of_the_Soviet_Union.svg.png,BTR-80,damaged,https://i.postimg.cc/BQG09mbr/2000-btr80-2x.jpg,65,119,62,3,46,8,2022-10-04T21:08:09Z
Armoured Personnel Carriers,Ukraine,https://upload.wikimedia.org/wikipedia/commons/thumb/a/a9/Flag_of_the_Soviet_Union.svg/23px-Flag_of_the_Soviet_Union.svg.png,BTR-80,damaged,https://postimg.cc/NK7P45WT,65,119,62,3,46,8,2022-10-04T21:08:09Z
Armoured Personnel Carriers,Ukraine,https://upload.wikimedia.org/wikipedia/commons/thumb/a/a9/Flag_of_the_Soviet_Union.svg/23px-Flag_of_the_Soviet_Union.svg.png,BTR-80,damaged,https://postimg.cc/67NyqCSj,65,119,62,3,46,8,2022-10-04T21:08:09Z
Armoured Personnel Carriers,Ukraine,https://upload.wikimedia.org/wikipedia/commons/thumb/a/a9/Flag_of_the_Soviet_Union.svg/23px-Flag_of_the_Soviet_Union.svg.png,BTR-80,damaged,https://postimg.cc/YhJxSHh3,65,119,62,3,46,8,2022-10-04T21:08:09Z
Armoured Personnel Carriers,Ukraine,https://upload.wikimedia.org/wikipedia/commons/thumb/a/a9/Flag_of_the_Soviet_Union.svg/23px-Flag_of_the_Soviet_Union.svg.png,BTR-80,captured,https://i.postimg.cc/90DnYM8h/3315.png,65,119,62,3,46,8,2022-10-04T21:08:09Z
Armoured Personnel Carriers,Ukraine,https://upload.wikimedia.org/wikipedia/commons/thumb/a/a9/Flag_of_the_Soviet_Union.svg/23px-Flag_of_the_Soviet_Union.svg.png,BTR-80,captured,https://i.postimg.cc/xd4xBGTy/431d.png,65,119,62,3,46,8,2022-10-04T21:08:09Z
Armoured Personnel Carriers,Ukraine,https://upload.wikimedia.org/wikipedia/commons/thumb/a/a9/Flag_of_the_Soviet_Union.svg/23px-Flag_of_the_Soviet_Union.svg.png,BTR-80,captured,https://i.postimg.cc/xd4xBGTy/431d.png,65,119,62,3,46,8,2022-10-04T21:08:09Z
Armoured Personnel Carriers,Ukraine,https://upload.wikimedia.org/wikipedia/commons/thumb/a/a9/Flag_of_the_Soviet_Union.svg/23px-Flag_of_the_Soviet_Union.svg.png,BTR-80,captured,https://i.postimg.cc/HkHy452z/65.png,65,119,62,3,46,8,2022-10-04T21:08:09Z
Armoured Personnel Carriers,Ukraine,https://upload.wikimedia.org/wikipedia/commons/thumb/a/a9/Flag_of_the_Soviet_Union.svg/23px-Flag_of_the_Soviet_Union.svg.png,BTR-80,captured,https://i.postimg.cc/x1Fc9pdP/c1.png,65,119,62,3,46,8,2022-10-04T21:08:09Z
Armoured Personnel Carriers,Ukraine,https://upload.wikimedia.org/wikipedia/commons/thumb/a/a9/Flag_of_the_Soviet_Union.svg/23px-Flag_of_the_Soviet_Union.svg.png,BTR-80,captured,https://i.postimg.cc/XqT3ctMG/332.png,65,119,62,3,46,8,2022-10-04T21:08:09Z
Armoured Personnel Carriers,Ukraine,https://upload.wikimedia.org/wikipedia/commons/thumb/a/a9/Flag_of_the_Soviet_Union.svg/23px-Flag_of_the_Soviet_Union.svg.png,BTR-80,captured,https://i.postimg.cc/bN7VppHS/d332.png,65,119,62,3,46,8,2022-10-04T21:08:09Z
Armoured Personnel Carriers,Ukraine,https://upload.wikimedia.org/wikipedia/commons/thumb/a/a9/Flag_of_the_Soviet_Union.svg/23px-Flag_of_the_Soviet_Union.svg.png,BTR-80,captured,https://i.postimg.cc/dQSWMY46/b2.png,65,119,62,3,46,8,2022-10-04T21:08:09Z
Armoured Personnel Carriers,Ukraine,https://upload.wikimedia.org/wikipedia/commons/thumb/a/a9/Flag_of_the_Soviet_Union.svg/23px-Flag_of_the_Soviet_Union.svg.png,BTR-80,captured,https://i.postimg.cc/k5LtNkxW/286.png,65,119,62,3,46,8,2022-10-04T21:08:09Z
Armoured Personnel Carriers,Ukraine,https://upload.wikimedia.org/wikipedia/commons/thumb/a/a9/Flag_of_the_Soviet_Union.svg/23px-Flag_of_the_Soviet_Union.svg.png,BTR-80,captured,https://i.postimg.cc/kgcc9QGw/2d.png,65,119,62,3,46,8,2022-10-04T21:08:09Z
Armoured Personnel Carriers,Ukraine,https://upload.wikimedia.org/wikipedia/commons/thumb/a/a9/Flag_of_the_Soviet_Union.svg/23px-Flag_of_the_Soviet_Union.svg.png,BTR-80,captured,https://i.postimg.cc/TPTZNqg8/438.png,65,119,62,3,46,8,2022-10-04T21:08:09Z
Armoured Personnel Carriers,Ukraine,https://upload.wikimedia.org/wikipedia/commons/thumb/a/a9/Flag_of_the_Soviet_Union.svg/23px-Flag_of_the_Soviet_Union.svg.png,BTR-80,captured,https://i.postimg.cc/MZ0J7W2d/g59.png,65,119,62,3,46,8,2022-10-04T21:08:09Z
Armoured Personnel Carriers,Ukraine,https://upload.wikimedia.org/wikipedia/commons/thumb/a/a9/Flag_of_the_Soviet_Union.svg/23px-Flag_of_the_Soviet_Union.svg.png,BTR-80,captured,https://i.postimg.cc/HsvH2cmD/3322.png,65,119,62,3,46,8,2022-10-04T21:08:09Z
Armoured Personnel Carriers,Ukraine,https://upload.wikimedia.org/wikipedia/commons/thumb/a/a9/Flag_of_the_Soviet_Union.svg/23px-Flag_of_the_Soviet_Union.svg.png,BTR-80,captured,https://i.postimg.cc/MKPmRw6L/443333.png,65,119,62,3,46,8,2022-10-04T21:08:09Z
Armoured Personnel Carriers,Ukraine,https://upload.wikimedia.org/wikipedia/commons/thumb/a/a9/Flag_of_the_Soviet_Union.svg/23px-Flag_of_the_Soviet_Union.svg.png,BTR-80,captured,https://i.postimg.cc/MKPmRw6L/443333.png,65,119,62,3,46,8,2022-10-04T21:08:09Z
Armoured Personnel Carriers,Ukraine,https://upload.wikimedia.org/wikipedia/commons/thumb/a/a9/Flag_of_the_Soviet_Union.svg/23px-Flag_of_the_Soviet_Union.svg.png,BTR-80,captured,https://i.postimg.cc/MKPmRw6L/443333.png,65,119,62,3,46,8,2022-10-04T21:08:09Z
Armoured Personnel Carriers,Ukraine,https://upload.wikimedia.org/wikipedia/commons/thumb/a/a9/Flag_of_the_Soviet_Union.svg/23px-Flag_of_the_Soviet_Union.svg.png,BTR-80,captured,https://i.postimg.cc/MKPmRw6L/443333.png,65,119,62,3,46,8,2022-10-04T21:08:09Z
Armoured Personnel Carriers,Ukraine,https://upload.wikimedia.org/wikipedia/commons/thumb/a/a9/Flag_of_the_Soviet_Union.svg/23px-Flag_of_the_Soviet_Union.svg.png,BTR-80,captured,https://i.postimg.cc/m2wPCdGj/f5.png,65,119,62,3,46,8,2022-10-04T21:08:09Z
Armoured Personnel Carriers,Ukraine,https://upload.wikimedia.org/wikipedia/commons/thumb/a/a9/Flag_of_the_Soviet_Union.svg/23px-Flag_of_the_Soviet_Union.svg.png,BTR-80,captured,https://i.postimg.cc/vmfmGWrJ/f433.png,65,119,62,3,46,8,2022-10-04T21:08:09Z
Armoured Personnel Carriers,Ukraine,https://upload.wikimedia.org/wikipedia/commons/thumb/a/a9/Flag_of_the_Soviet_Union.svg/23px-Flag_of_the_Soviet_Union.svg.png,BTR-80,captured,https://i.postimg.cc/vmfmGWrJ/f433.png,65,119,62,3,46,8,2022-10-04T21:08:09Z
Armoured Personnel Carriers,Ukraine,https://upload.wikimedia.org/wikipedia/commons/thumb/a/a9/Flag_of_the_Soviet_Union.svg/23px-Flag_of_the_Soviet_Union.svg.png,BTR-80,captured,https://i.postimg.cc/KjqNr910/399.png,65,119,62,3,46,8,2022-10-04T21:08:09Z
Armoured Personnel Carriers,Ukraine,https://upload.wikimedia.org/wikipedia/commons/thumb/a/a9/Flag_of_the_Soviet_Union.svg/23px-Flag_of_the_Soviet_Union.svg.png,BTR-80,captured,https://i.postimg.cc/tT1FPh0j/456.png,65,119,62,3,46,8,2022-10-04T21:08:09Z
Armoured Personnel Carriers,Ukraine,https://upload.wikimedia.org/wikipedia/commons/thumb/a/a9/Flag_of_the_Soviet_Union.svg/23px-Flag_of_the_Soviet_Union.svg.png,BTR-80,captured,https://i.postimg.cc/0jQF7XkN/87.png,65,119,62,3,46,8,2022-10-04T21:08:09Z
Armoured Personnel Carriers,Ukraine,https://upload.wikimedia.org/wikipedia/commons/thumb/a/a9/Flag_of_the_Soviet_Union.svg/23px-Flag_of_the_Soviet_Union.svg.png,BTR-80,captured,https://i.postimg.cc/0jQF7XkN/87.png,65,119,62,3,46,8,2022-10-04T21:08:09Z
Armoured Personnel Carriers,Ukraine,https://upload.wikimedia.org/wikipedia/commons/thumb/a/a9/Flag_of_the_Soviet_Union.svg/23px-Flag_of_the_Soviet_Union.svg.png,BTR-80,captured,https://i.postimg.cc/43N0bh7c/47.png,65,119,62,3,46,8,2022-10-04T21:08:09Z
Armoured Personnel Carriers,Ukraine,https://upload.wikimedia.org/wikipedia/commons/thumb/a/a9/Flag_of_the_Soviet_Union.svg/23px-Flag_of_the_Soviet_Union.svg.png,BTR-80,captured,https://i.postimg.cc/KvBwK1YD/18.png,65,119,62,3,46,8,2022-10-04T21:08:09Z
Armoured Personnel Carriers,Ukraine,https://upload.wikimedia.org/wikipedia/commons/thumb/a/a9/Flag_of_the_Soviet_Union.svg/23px-Flag_of_the_Soviet_Union.svg.png,BTR-D,destroyed,https://i.postimg.cc/vHjxVmkb/688.png,2,119,62,3,46,8,2022-10-04T21:08:09Z
Armoured Personnel Carriers,Ukraine,https://upload.wikimedia.org/wikipedia/commons/thumb/a/a9/Flag_of_the_Soviet_Union.svg/23px-Flag_of_the_Soviet_Union.svg.png,BTR-D,captured,https://i.postimg.cc/1zMSVqKB/46l.png,2,119,62,3,46,8,2022-10-04T21:08:09Z
Armoured Personnel Carriers,Ukraine,https://upload.wikimedia.org/wikipedia/commons/thumb/a/a9/Flag_of_the_Soviet_Union.svg/23px-Flag_of_the_Soviet_Union.svg.png,GT-MU AFV converted to APC,captured,https://i.postimg.cc/v8C92pwN/4711.png,1,119,62,3,46,8,2022-10-04T21:08:09Z
Armoured Personnel Carriers,Ukraine,https://upload.wikimedia.org/wikipedia/commons/thumb/4/49/Flag_of_Ukraine.svg/23px-Flag_of_Ukraine.svg.png,Unknown BTR,destroyed,https://i.postimg.cc/mkDR4c81/v2.jpg,3,119,62,3,46,8,2022-10-04T21:08:09Z
Armoured Personnel Carriers,Ukraine,https://upload.wikimedia.org/wikipedia/commons/thumb/4/49/Flag_of_Ukraine.svg/23px-Flag_of_Ukraine.svg.png,Unknown BTR,destroyed,https://i.postimg.cc/MThNckLh/2002.jpg,3,119,62,3,46,8,2022-10-04T21:08:09Z
Armoured Personnel Carriers,Ukraine,https://upload.wikimedia.org/wikipedia/commons/thumb/4/49/Flag_of_Ukraine.svg/23px-Flag_of_Ukraine.svg.png,Unknown BTR,abandoned,https://i.postimg.cc/524HCBT8/b1.png,3,119,62,3,46,8,2022-10-04T21:08:09Z
Armoured Personnel Carriers,Ukraine,https://upload.wikimedia.org/wikipedia/commons/thumb/4/49/Flag_of_Ukraine.svg/23px-Flag_of_Ukraine.svg.png,YPR-765,destroyed,https://twitter.com/UAWeapons/status/1566398729208340480,11,119,62,3,46,8,2022-10-04T21:08:09Z
Armoured Personnel Carriers,Ukraine,https://upload.wikimedia.org/wikipedia/commons/thumb/4/49/Flag_of_Ukraine.svg/23px-Flag_of_Ukraine.svg.png,YPR-765,destroyed,https://twitter.com/UAWeapons/status/1569061435833044992,11,119,62,3,46,8,2022-10-04T21:08:09Z
Armoured Personnel Carriers,Ukraine,https://upload.wikimedia.org/wikipedia/commons/thumb/4/49/Flag_of_Ukraine.svg/23px-Flag_of_Ukraine.svg.png,YPR-765,destroyed,https://twitter.com/UAWeapons/status/1571108754393042947,11,119,62,3,46,8,2022-10-04T21:08:09Z
Armoured Personnel Carriers,Ukraine,https://upload.wikimedia.org/wikipedia/commons/thumb/4/49/Flag_of_Ukraine.svg/23px-Flag_of_Ukraine.svg.png,YPR-765,destroyed,https://i.postimg.cc/y656j2Kk/2004-YPR.jpg,11,119,62,3,46,8,2022-10-04T21:08:09Z
Armoured Personnel Carriers,Ukraine,https://upload.wikimedia.org/wikipedia/commons/thumb/4/49/Flag_of_Ukraine.svg/23px-Flag_of_Ukraine.svg.png,YPR-765,destroyed,https://i.postimg.cc/Kz8cp24g/2005-YPR.jpg,11,119,62,3,46,8,2022-10-04T21:08:09Z
Armoured Personnel Carriers,Ukraine,https://upload.wikimedia.org/wikipedia/commons/thumb/4/49/Flag_of_Ukraine.svg/23px-Flag_of_Ukraine.svg.png,YPR-765,damaged,https://twitter.com/UAWeapons/status/1566398729208340480,11,119,62,3,46,8,2022-10-04T21:08:09Z
Armoured Personnel Carriers,Ukraine,https://upload.wikimedia.org/wikipedia/commons/thumb/4/49/Flag_of_Ukraine.svg/23px-Flag_of_Ukraine.svg.png,YPR-765,damaged,https://twitter.com/UAWeapons/status/1566398729208340480,11,119,62,3,46,8,2022-10-04T21:08:09Z
Armoured Personnel Carriers,Ukraine,https://upload.wikimedia.org/wikipedia/commons/thumb/4/49/Flag_of_Ukraine.svg/23px-Flag_of_Ukraine.svg.png,YPR-765,damaged,https://twitter.com/UAWeapons/status/1570133414971408385,11,119,62,3,46,8,2022-10-04T21:08:09Z
Armoured Personnel Carriers,Ukraine,https://upload.wikimedia.org/wikipedia/commons/thumb/4/49/Flag_of_Ukraine.svg/23px-Flag_of_Ukraine.svg.png,YPR-765,damaged,https://twitter.com/UAWeapons/status/1574382524964421638,11,119,62,3,46,8,2022-10-04T21:08:09Z
Armoured Personnel Carriers,Ukraine,https://upload.wikimedia.org/wikipedia/commons/thumb/4/49/Flag_of_Ukraine.svg/23px-Flag_of_Ukraine.svg.png,YPR-765,abandoned,https://twitter.com/UAWeapons/status/1576654743560388608,11,119,62,3,46,8,2022-10-04T21:08:09Z
Armoured Personnel Carriers,Ukraine,https://upload.wikimedia.org/wikipedia/commons/thumb/4/49/Flag_of_Ukraine.svg/23px-Flag_of_Ukraine.svg.png,YPR-765,captured,https://twitter.com/UAWeapons/status/1565775815102840832,11,119,62,3,46,8,2022-10-04T21:08:09Z
Armoured Personnel Carriers,Ukraine,https://upload.wikimedia.org/wikipedia/en/thumb/a/a4/Flag_of_the_United_States.svg/23px-Flag_of_the_United_States.svg.png,M113A3 armored personnel carrier,destroyed,https://twitter.com/UAWeapons/status/1567167584327327745,4,119,62,3,46,8,2022-10-04T21:08:09Z
Armoured Personnel Carriers,Ukraine,https://upload.wikimedia.org/wikipedia/en/thumb/a/a4/Flag_of_the_United_States.svg/23px-Flag_of_the_United_States.svg.png,M113A3 armored personnel carrier,destroyed,https://i.postimg.cc/76Tgf7Jt/2003-M113-A3.jpg,4,119,62,3,46,8,2022-10-04T21:08:09Z
Armoured Personnel Carriers,Ukraine,https://upload.wikimedia.org/wikipedia/en/thumb/a/a4/Flag_of_the_United_States.svg/23px-Flag_of_the_United_States.svg.png,M113A3 armored personnel carrier,destroyed,https://twitter.com/UAWeapons/status/1575457247873929218,4,119,62,3,46,8,2022-10-04T21:08:09Z
Armoured Personnel Carriers,Ukraine,https://upload.wikimedia.org/wikipedia/en/thumb/a/a4/Flag_of_the_United_States.svg/23px-Flag_of_the_United_States.svg.png,M113A3 armored personnel carrier,destroyed,https://twitter.com/UAWeapons/status/1576654734726864896,4,119,62,3,46,8,2022-10-04T21:08:09Z
Armoured Personnel Carriers,Ukraine,https://upload.wikimedia.org/wikipedia/en/thumb/a/ae/Flag_of_the_United_Kingdom.svg/23px-Flag_of_the_United_Kingdom.svg.png,Pinzgauer Vector 718,damaged,https://i.postimg.cc/Bb85pvw6/2000-Pinzgauer-Vector-718.jpg,1,119,62,3,46,8,2022-10-04T21:08:09Z
Armoured Personnel Carriers,Ukraine,https://upload.wikimedia.org/wikipedia/en/thumb/c/c3/Flag_of_France.svg/23px-Flag_of_France.svg.png,VAB APC,abandoned,https://twitter.com/UAWeapons/status/1576553022670635008,1,119,62,3,46,8,2022-10-04T21:08:09Z
Mine-Resistant Ambush Protected Vehicles 2 Bushmaster Protected Mobility Vehicle 3 Alvis 4 'Mamba': 1 Mastiff Protected Patrol: 1 Vepr: 5 BMC Kirpi:,Ukraine,NA,"Bushmaster Protected Mobility Vehicle (1, destroyed) (1, damaged) 3 Alvis 4 'Mamba'",damaged,NA,2,12,8,1,2,1,2022-10-04T21:08:09Z
Mine-Resistant Ambush Protected Vehicles 2 Bushmaster Protected Mobility Vehicle 3 Alvis 4 'Mamba': 1 Mastiff Protected Patrol: 1 Vepr: 5 BMC Kirpi:,Ukraine,NA,"Bushmaster Protected Mobility Vehicle (1, destroyed) (1, damaged) 3 Alvis 4 'Mamba'",captured,NA,2,12,8,1,2,1,2022-10-04T21:08:09Z
Mine-Resistant Ambush Protected Vehicles 2 Bushmaster Protected Mobility Vehicle 3 Alvis 4 'Mamba': 1 Mastiff Protected Patrol: 1 Vepr: 5 BMC Kirpi:,Ukraine,NA,"Bushmaster Protected Mobility Vehicle (1, destroyed) (1, damaged) 3 Alvis 4 'Mamba'",captured,NA,2,12,8,1,2,1,2022-10-04T21:08:09Z
Mine-Resistant Ambush Protected Vehicles 2 Bushmaster Protected Mobility Vehicle 3 Alvis 4 'Mamba': 1 Mastiff Protected Patrol: 1 Vepr: 5 BMC Kirpi:,Ukraine,NA,"Bushmaster Protected Mobility Vehicle (1, destroyed) (1, damaged) 3 Alvis 4 'Mamba'",destroyed,NA,2,12,8,1,2,1,2022-10-04T21:08:09Z
Mine-Resistant Ambush Protected Vehicles 2 Bushmaster Protected Mobility Vehicle 3 Alvis 4 'Mamba': 1 Mastiff Protected Patrol: 1 Vepr: 5 BMC Kirpi:,Ukraine,NA,"Bushmaster Protected Mobility Vehicle (1, destroyed) (1, damaged) 3 Alvis 4 'Mamba'",destroyed,NA,2,12,8,1,2,1,2022-10-04T21:08:09Z
Mine-Resistant Ambush Protected Vehicles 2 Bushmaster Protected Mobility Vehicle 3 Alvis 4 'Mamba': 1 Mastiff Protected Patrol: 1 Vepr: 5 BMC Kirpi:,Ukraine,NA,"Bushmaster Protected Mobility Vehicle (1, destroyed) (1, damaged) 3 Alvis 4 'Mamba'",destroyed,NA,2,12,8,1,2,1,2022-10-04T21:08:09Z
Mine-Resistant Ambush Protected Vehicles 2 Bushmaster Protected Mobility Vehicle 3 Alvis 4 'Mamba': 1 Mastiff Protected Patrol: 1 Vepr: 5 BMC Kirpi:,Ukraine,NA,"Bushmaster Protected Mobility Vehicle (1, destroyed) (1, damaged) 3 Alvis 4 'Mamba'",destroyed,NA,2,12,8,1,2,1,2022-10-04T21:08:09Z
Infantry Mobility Vehicles,Ukraine,https://upload.wikimedia.org/wikipedia/en/thumb/a/a4/Flag_of_the_United_States.svg/23px-Flag_of_the_United_States.svg.png,HMMWV,destroyed,https://i.postimg.cc/bY3x4Pp9/4478.png,33,143,58,3,77,3,2022-10-04T21:08:09Z
Infantry Mobility Vehicles,Ukraine,https://upload.wikimedia.org/wikipedia/en/thumb/a/a4/Flag_of_the_United_States.svg/23px-Flag_of_the_United_States.svg.png,HMMWV,destroyed,https://i.postimg.cc/TPmQqZVc/d2.png,33,143,58,3,77,3,2022-10-04T21:08:09Z
Infantry Mobility Vehicles,Ukraine,https://upload.wikimedia.org/wikipedia/en/thumb/a/a4/Flag_of_the_United_States.svg/23px-Flag_of_the_United_States.svg.png,HMMWV,destroyed,https://i.postimg.cc/MGv3ctZ7/098.png,33,143,58,3,77,3,2022-10-04T21:08:09Z
Infantry Mobility Vehicles,Ukraine,https://upload.wikimedia.org/wikipedia/en/thumb/a/a4/Flag_of_the_United_States.svg/23px-Flag_of_the_United_States.svg.png,HMMWV,destroyed,https://i.postimg.cc/kXZgsgrP/577.jpg,33,143,58,3,77,3,2022-10-04T21:08:09Z
Infantry Mobility Vehicles,Ukraine,https://upload.wikimedia.org/wikipedia/en/thumb/a/a4/Flag_of_the_United_States.svg/23px-Flag_of_the_United_States.svg.png,HMMWV,destroyed,https://i.postimg.cc/xdzyh4m5/54.png,33,143,58,3,77,3,2022-10-04T21:08:09Z
Infantry Mobility Vehicles,Ukraine,https://upload.wikimedia.org/wikipedia/en/thumb/a/a4/Flag_of_the_United_States.svg/23px-Flag_of_the_United_States.svg.png,HMMWV,destroyed,https://i.postimg.cc/WzWkhGrt/46.png,33,143,58,3,77,3,2022-10-04T21:08:09Z
Infantry Mobility Vehicles,Ukraine,https://upload.wikimedia.org/wikipedia/en/thumb/a/a4/Flag_of_the_United_States.svg/23px-Flag_of_the_United_States.svg.png,HMMWV,destroyed,https://i.postimg.cc/DzfLr2dt/4439.png,33,143,58,3,77,3,2022-10-04T21:08:09Z
Infantry Mobility Vehicles,Ukraine,https://upload.wikimedia.org/wikipedia/en/thumb/a/a4/Flag_of_the_United_States.svg/23px-Flag_of_the_United_States.svg.png,HMMWV,destroyed,https://i.postimg.cc/GpgTN8Dn/467.png,33,143,58,3,77,3,2022-10-04T21:08:09Z
Infantry Mobility Vehicles,Ukraine,https://upload.wikimedia.org/wikipedia/en/thumb/a/a4/Flag_of_the_United_States.svg/23px-Flag_of_the_United_States.svg.png,HMMWV,destroyed,https://i.postimg.cc/8PFMTZDp/d160.png,33,143,58,3,77,3,2022-10-04T21:08:09Z
Infantry Mobility Vehicles,Ukraine,https://upload.wikimedia.org/wikipedia/en/thumb/a/a4/Flag_of_the_United_States.svg/23px-Flag_of_the_United_States.svg.png,HMMWV,destroyed,https://i.postimg.cc/zvMHqDK2/58.png,33,143,58,3,77,3,2022-10-04T21:08:09Z
Infantry Mobility Vehicles,Ukraine,https://upload.wikimedia.org/wikipedia/en/thumb/a/a4/Flag_of_the_United_States.svg/23px-Flag_of_the_United_States.svg.png,HMMWV,destroyed,https://i.postimg.cc/zvMHqDK2/58.png,33,143,58,3,77,3,2022-10-04T21:08:09Z
Infantry Mobility Vehicles,Ukraine,https://upload.wikimedia.org/wikipedia/en/thumb/a/a4/Flag_of_the_United_States.svg/23px-Flag_of_the_United_States.svg.png,HMMWV,destroyed,https://twitter.com/UAWeapons/status/1559225175547183104,33,143,58,3,77,3,2022-10-04T21:08:09Z
Infantry Mobility Vehicles,Ukraine,https://upload.wikimedia.org/wikipedia/en/thumb/a/a4/Flag_of_the_United_States.svg/23px-Flag_of_the_United_States.svg.png,HMMWV,destroyed,https://i.postimg.cc/rpfQ2WVb/2000-humwee.jpg,33,143,58,3,77,3,2022-10-04T21:08:09Z
Infantry Mobility Vehicles,Ukraine,https://upload.wikimedia.org/wikipedia/en/thumb/a/a4/Flag_of_the_United_States.svg/23px-Flag_of_the_United_States.svg.png,HMMWV,destroyed,https://i.postimg.cc/1Rw9LJv1/2002-HMMWV.jpg,33,143,58,3,77,3,2022-10-04T21:08:09Z
Infantry Mobility Vehicles,Ukraine,https://upload.wikimedia.org/wikipedia/en/thumb/a/a4/Flag_of_the_United_States.svg/23px-Flag_of_the_United_States.svg.png,HMMWV,destroyed,https://i.postimg.cc/5yzYvrtX/2022-09-22-HMMWV.jpg,33,143,58,3,77,3,2022-10-04T21:08:09Z
Infantry Mobility Vehicles,Ukraine,https://upload.wikimedia.org/wikipedia/en/thumb/a/a4/Flag_of_the_United_States.svg/23px-Flag_of_the_United_States.svg.png,HMMWV,damaged,https://i.postimg.cc/zGpRmpJ1/34.png,33,143,58,3,77,3,2022-10-04T21:08:09Z
Infantry Mobility Vehicles,Ukraine,https://upload.wikimedia.org/wikipedia/en/thumb/a/a4/Flag_of_the_United_States.svg/23px-Flag_of_the_United_States.svg.png,HMMWV,damaged,https://i.postimg.cc/7YLY6Kz4/14.png,33,143,58,3,77,3,2022-10-04T21:08:09Z
Infantry Mobility Vehicles,Ukraine,https://upload.wikimedia.org/wikipedia/en/thumb/a/a4/Flag_of_the_United_States.svg/23px-Flag_of_the_United_States.svg.png,HMMWV,damaged,https://twitter.com/UAWeapons/status/1543548844910206976,33,143,58,3,77,3,2022-10-04T21:08:09Z
Infantry Mobility Vehicles,Ukraine,https://upload.wikimedia.org/wikipedia/en/thumb/a/a4/Flag_of_the_United_States.svg/23px-Flag_of_the_United_States.svg.png,HMMWV,captured,https://twitter.com/UAWeapons/status/1543548844910206976,33,143,58,3,77,3,2022-10-04T21:08:09Z
Infantry Mobility Vehicles,Ukraine,https://upload.wikimedia.org/wikipedia/en/thumb/a/a4/Flag_of_the_United_States.svg/23px-Flag_of_the_United_States.svg.png,HMMWV,captured,https://i.postimg.cc/63FnxPNL/779.png,33,143,58,3,77,3,2022-10-04T21:08:09Z
Infantry Mobility Vehicles,Ukraine,https://upload.wikimedia.org/wikipedia/en/thumb/a/a4/Flag_of_the_United_States.svg/23px-Flag_of_the_United_States.svg.png,HMMWV,captured,https://i.postimg.cc/BbMBs1sW/80.jpg,33,143,58,3,77,3,2022-10-04T21:08:09Z
Infantry Mobility Vehicles,Ukraine,https://upload.wikimedia.org/wikipedia/en/thumb/a/a4/Flag_of_the_United_States.svg/23px-Flag_of_the_United_States.svg.png,HMMWV,captured,https://i.postimg.cc/FzBFNNC6/13.png,33,143,58,3,77,3,2022-10-04T21:08:09Z
Infantry Mobility Vehicles,Ukraine,https://upload.wikimedia.org/wikipedia/en/thumb/a/a4/Flag_of_the_United_States.svg/23px-Flag_of_the_United_States.svg.png,HMMWV,captured,https://i.postimg.cc/FzBFNNC6/13.png,33,143,58,3,77,3,2022-10-04T21:08:09Z
Infantry Mobility Vehicles,Ukraine,https://upload.wikimedia.org/wikipedia/en/thumb/a/a4/Flag_of_the_United_States.svg/23px-Flag_of_the_United_States.svg.png,HMMWV,captured,https://i.postimg.cc/FzBFNNC6/13.png,33,143,58,3,77,3,2022-10-04T21:08:09Z
Infantry Mobility Vehicles,Ukraine,https://upload.wikimedia.org/wikipedia/en/thumb/a/a4/Flag_of_the_United_States.svg/23px-Flag_of_the_United_States.svg.png,HMMWV,captured,https://i.postimg.cc/8c5k2j4W/12.png,33,143,58,3,77,3,2022-10-04T21:08:09Z
Infantry Mobility Vehicles,Ukraine,https://upload.wikimedia.org/wikipedia/en/thumb/a/a4/Flag_of_the_United_States.svg/23px-Flag_of_the_United_States.svg.png,HMMWV,captured,https://i.postimg.cc/26CSxHB0/r11.png,33,143,58,3,77,3,2022-10-04T21:08:09Z
Infantry Mobility Vehicles,Ukraine,https://upload.wikimedia.org/wikipedia/en/thumb/a/a4/Flag_of_the_United_States.svg/23px-Flag_of_the_United_States.svg.png,HMMWV,captured,https://i.postimg.cc/cCQ4kmGh/438.png,33,143,58,3,77,3,2022-10-04T21:08:09Z
Infantry Mobility Vehicles,Ukraine,https://upload.wikimedia.org/wikipedia/en/thumb/a/a4/Flag_of_the_United_States.svg/23px-Flag_of_the_United_States.svg.png,HMMWV,captured,https://i.postimg.cc/BvCM2mjW/43fs.png,33,143,58,3,77,3,2022-10-04T21:08:09Z
Infantry Mobility Vehicles,Ukraine,https://upload.wikimedia.org/wikipedia/en/thumb/a/a4/Flag_of_the_United_States.svg/23px-Flag_of_the_United_States.svg.png,HMMWV,captured,https://i.postimg.cc/J0mpRLkX/5799.png,33,143,58,3,77,3,2022-10-04T21:08:09Z
Infantry Mobility Vehicles,Ukraine,https://upload.wikimedia.org/wikipedia/en/thumb/a/a4/Flag_of_the_United_States.svg/23px-Flag_of_the_United_States.svg.png,HMMWV,captured,https://i.postimg.cc/zvFc1htz/d2.jpg,33,143,58,3,77,3,2022-10-04T21:08:09Z
Infantry Mobility Vehicles,Ukraine,https://upload.wikimedia.org/wikipedia/en/thumb/a/a4/Flag_of_the_United_States.svg/23px-Flag_of_the_United_States.svg.png,HMMWV,captured,https://i.postimg.cc/R0MP7jS3/55.png,33,143,58,3,77,3,2022-10-04T21:08:09Z
Infantry Mobility Vehicles,Ukraine,https://upload.wikimedia.org/wikipedia/en/thumb/a/a4/Flag_of_the_United_States.svg/23px-Flag_of_the_United_States.svg.png,HMMWV,captured,https://i.postimg.cc/vZSvfvgd/2002-M1151-HMMWV.png,33,143,58,3,77,3,2022-10-04T21:08:09Z
Infantry Mobility Vehicles,Ukraine,https://upload.wikimedia.org/wikipedia/en/thumb/a/a4/Flag_of_the_United_States.svg/23px-Flag_of_the_United_States.svg.png,HMMWV Ambulance,destroyed,https://i.postimg.cc/jqvqqgD1/2000-hmmwv-ambulance.jpg,6,143,58,3,77,3,2022-10-04T21:08:09Z
Infantry Mobility Vehicles,Ukraine,https://upload.wikimedia.org/wikipedia/en/thumb/a/a4/Flag_of_the_United_States.svg/23px-Flag_of_the_United_States.svg.png,HMMWV Ambulance,damaged,https://i.postimg.cc/y88wjYxy/d12.png,6,143,58,3,77,3,2022-10-04T21:08:09Z
Infantry Mobility Vehicles,Ukraine,https://upload.wikimedia.org/wikipedia/en/thumb/a/a4/Flag_of_the_United_States.svg/23px-Flag_of_the_United_States.svg.png,HMMWV Ambulance,damaged,https://i.postimg.cc/zX4hRNMG/4799.png,6,143,58,3,77,3,2022-10-04T21:08:09Z
Infantry Mobility Vehicles,Ukraine,https://upload.wikimedia.org/wikipedia/en/thumb/a/a4/Flag_of_the_United_States.svg/23px-Flag_of_the_United_States.svg.png,HMMWV Ambulance,damaged,https://i.postimg.cc/MHHmB5bG/48800.png,6,143,58,3,77,3,2022-10-04T21:08:09Z
Infantry Mobility Vehicles,Ukraine,https://upload.wikimedia.org/wikipedia/en/thumb/a/a4/Flag_of_the_United_States.svg/23px-Flag_of_the_United_States.svg.png,HMMWV Ambulance,captured,https://i.postimg.cc/XvyMfKLQ/4799.png,6,143,58,3,77,3,2022-10-04T21:08:09Z
Infantry Mobility Vehicles,Ukraine,https://upload.wikimedia.org/wikipedia/en/thumb/a/a4/Flag_of_the_United_States.svg/23px-Flag_of_the_United_States.svg.png,HMMWV Ambulance,captured,https://i.postimg.cc/MK2kh9D5/669.png,6,143,58,3,77,3,2022-10-04T21:08:09Z
Infantry Mobility Vehicles,Ukraine,https://upload.wikimedia.org/wikipedia/en/thumb/a/ae/Flag_of_the_United_Kingdom.svg/23px-Flag_of_the_United_Kingdom.svg.png,AT105A Saxon,destroyed,https://twitter.com/UAWeapons/status/1543548855802904576,11,143,58,3,77,3,2022-10-04T21:08:09Z
Infantry Mobility Vehicles,Ukraine,https://upload.wikimedia.org/wikipedia/en/thumb/a/ae/Flag_of_the_United_Kingdom.svg/23px-Flag_of_the_United_Kingdom.svg.png,AT105A Saxon,destroyed,https://i.postimg.cc/DZ4p8MBD/2001-AT105-Saxon.png,11,143,58,3,77,3,2022-10-04T21:08:09Z
Infantry Mobility Vehicles,Ukraine,https://upload.wikimedia.org/wikipedia/en/thumb/a/ae/Flag_of_the_United_Kingdom.svg/23px-Flag_of_the_United_Kingdom.svg.png,AT105A Saxon,captured,https://i.postimg.cc/D0SW3Ftv/575.png,11,143,58,3,77,3,2022-10-04T21:08:09Z
Infantry Mobility Vehicles,Ukraine,https://upload.wikimedia.org/wikipedia/en/thumb/a/ae/Flag_of_the_United_Kingdom.svg/23px-Flag_of_the_United_Kingdom.svg.png,AT105A Saxon,captured,https://i.postimg.cc/PqVrX1Xh/467.png,11,143,58,3,77,3,2022-10-04T21:08:09Z
Infantry Mobility Vehicles,Ukraine,https://upload.wikimedia.org/wikipedia/en/thumb/a/ae/Flag_of_the_United_Kingdom.svg/23px-Flag_of_the_United_Kingdom.svg.png,AT105A Saxon,captured,https://i.postimg.cc/pLx47HSV/2s.jpg,11,143,58,3,77,3,2022-10-04T21:08:09Z
Infantry Mobility Vehicles,Ukraine,https://upload.wikimedia.org/wikipedia/en/thumb/a/ae/Flag_of_the_United_Kingdom.svg/23px-Flag_of_the_United_Kingdom.svg.png,AT105A Saxon,captured,https://i.postimg.cc/mDzV6XNy/4f.png,11,143,58,3,77,3,2022-10-04T21:08:09Z
Infantry Mobility Vehicles,Ukraine,https://upload.wikimedia.org/wikipedia/en/thumb/a/ae/Flag_of_the_United_Kingdom.svg/23px-Flag_of_the_United_Kingdom.svg.png,AT105A Saxon,captured,https://i.postimg.cc/YCnc6ThL/43347.png,11,143,58,3,77,3,2022-10-04T21:08:09Z
Infantry Mobility Vehicles,Ukraine,https://upload.wikimedia.org/wikipedia/en/thumb/a/ae/Flag_of_the_United_Kingdom.svg/23px-Flag_of_the_United_Kingdom.svg.png,AT105A Saxon,captured,https://i.postimg.cc/tTLQ9j7F/77690.png,11,143,58,3,77,3,2022-10-04T21:08:09Z
Infantry Mobility Vehicles,Ukraine,https://upload.wikimedia.org/wikipedia/en/thumb/a/ae/Flag_of_the_United_Kingdom.svg/23px-Flag_of_the_United_Kingdom.svg.png,AT105A Saxon,captured,https://twitter.com/UAWeapons/status/1545899359132389377,11,143,58,3,77,3,2022-10-04T21:08:09Z
Infantry Mobility Vehicles,Ukraine,https://upload.wikimedia.org/wikipedia/en/thumb/a/ae/Flag_of_the_United_Kingdom.svg/23px-Flag_of_the_United_Kingdom.svg.png,AT105A Saxon,captured,https://i.postimg.cc/B6JyC2gs/4f66.png,11,143,58,3,77,3,2022-10-04T21:08:09Z
Infantry Mobility Vehicles,Ukraine,https://upload.wikimedia.org/wikipedia/en/thumb/a/ae/Flag_of_the_United_Kingdom.svg/23px-Flag_of_the_United_Kingdom.svg.png,AT105A Saxon,captured,https://i.postimg.cc/9F1QhjhH/2003-Saxon.jpg,11,143,58,3,77,3,2022-10-04T21:08:09Z
Infantry Mobility Vehicles,Ukraine,https://upload.wikimedia.org/wikipedia/en/thumb/a/ae/Flag_of_the_United_Kingdom.svg/23px-Flag_of_the_United_Kingdom.svg.png,Husky Tactical Support Vehicle,destroyed,https://twitter.com/UAWeapons/status/1560559890422083585,4,143,58,3,77,3,2022-10-04T21:08:09Z
Infantry Mobility Vehicles,Ukraine,https://upload.wikimedia.org/wikipedia/en/thumb/a/ae/Flag_of_the_United_Kingdom.svg/23px-Flag_of_the_United_Kingdom.svg.png,Husky Tactical Support Vehicle,destroyed,https://twitter.com/UAWeapons/status/1566779757647351808,4,143,58,3,77,3,2022-10-04T21:08:09Z
Infantry Mobility Vehicles,Ukraine,https://upload.wikimedia.org/wikipedia/en/thumb/a/ae/Flag_of_the_United_Kingdom.svg/23px-Flag_of_the_United_Kingdom.svg.png,Husky Tactical Support Vehicle,destroyed,https://twitter.com/UAWeapons/status/1574382524964421638,4,143,58,3,77,3,2022-10-04T21:08:09Z
Infantry Mobility Vehicles,Ukraine,https://upload.wikimedia.org/wikipedia/en/thumb/a/ae/Flag_of_the_United_Kingdom.svg/23px-Flag_of_the_United_Kingdom.svg.png,Husky Tactical Support Vehicle,damaged,https://twitter.com/UAWeapons/status/1558416989827235840,4,143,58,3,77,3,2022-10-04T21:08:09Z
Infantry Mobility Vehicles,Ukraine,https://upload.wikimedia.org/wikipedia/commons/thumb/4/49/Flag_of_Ukraine.svg/23px-Flag_of_Ukraine.svg.png,KrAZ Cobra,destroyed,https://i.postimg.cc/66L4GMR8/86.png,5,143,58,3,77,3,2022-10-04T21:08:09Z
Infantry Mobility Vehicles,Ukraine,https://upload.wikimedia.org/wikipedia/commons/thumb/4/49/Flag_of_Ukraine.svg/23px-Flag_of_Ukraine.svg.png,KrAZ Cobra,destroyed,https://i.postimg.cc/Vsnrdt20/461.jpg,5,143,58,3,77,3,2022-10-04T21:08:09Z
Infantry Mobility Vehicles,Ukraine,https://upload.wikimedia.org/wikipedia/commons/thumb/4/49/Flag_of_Ukraine.svg/23px-Flag_of_Ukraine.svg.png,KrAZ Cobra,captured,https://i.postimg.cc/W1qPQGGZ/34.png,5,143,58,3,77,3,2022-10-04T21:08:09Z
Infantry Mobility Vehicles,Ukraine,https://upload.wikimedia.org/wikipedia/commons/thumb/4/49/Flag_of_Ukraine.svg/23px-Flag_of_Ukraine.svg.png,KrAZ Cobra,captured,https://i.postimg.cc/d30jkjsf/28.jpg,5,143,58,3,77,3,2022-10-04T21:08:09Z
Infantry Mobility Vehicles,Ukraine,https://upload.wikimedia.org/wikipedia/commons/thumb/4/49/Flag_of_Ukraine.svg/23px-Flag_of_Ukraine.svg.png,KrAZ Cobra,captured,https://i.postimg.cc/G3BcPS6m/2002-Kr-AZ-Cobra.jpg,5,143,58,3,77,3,2022-10-04T21:08:09Z
Infantry Mobility Vehicles,Ukraine,https://upload.wikimedia.org/wikipedia/commons/thumb/4/49/Flag_of_Ukraine.svg/23px-Flag_of_Ukraine.svg.png,KrAZ Cougar,destroyed,https://postimg.cc/2bj6y1j4,3,143,58,3,77,3,2022-10-04T21:08:09Z
Infantry Mobility Vehicles,Ukraine,https://upload.wikimedia.org/wikipedia/commons/thumb/4/49/Flag_of_Ukraine.svg/23px-Flag_of_Ukraine.svg.png,KrAZ Cougar,captured,https://i.postimg.cc/t4WXZNqX/487.png,3,143,58,3,77,3,2022-10-04T21:08:09Z
Infantry Mobility Vehicles,Ukraine,https://upload.wikimedia.org/wikipedia/commons/thumb/4/49/Flag_of_Ukraine.svg/23px-Flag_of_Ukraine.svg.png,KrAZ Cougar,captured,https://i.postimg.cc/dVmfKMQL/5488.png,3,143,58,3,77,3,2022-10-04T21:08:09Z
Infantry Mobility Vehicles,Ukraine,https://upload.wikimedia.org/wikipedia/commons/thumb/4/49/Flag_of_Ukraine.svg/23px-Flag_of_Ukraine.svg.png,Spartan,destroyed,https://i.postimg.cc/J7bYm962/5808.png,1,143,58,3,77,3,2022-10-04T21:08:09Z
Infantry Mobility Vehicles,Ukraine,https://upload.wikimedia.org/wikipedia/commons/thumb/4/49/Flag_of_Ukraine.svg/23px-Flag_of_Ukraine.svg.png,Spartan,destroyed,https://i.postimg.cc/66LgCtZ4/65.jpg,1,143,58,3,77,3,2022-10-04T21:08:09Z
Infantry Mobility Vehicles,Ukraine,https://upload.wikimedia.org/wikipedia/commons/thumb/4/49/Flag_of_Ukraine.svg/23px-Flag_of_Ukraine.svg.png,Spartan,destroyed,https://i.postimg.cc/hjMs0bRv/6h60.png,1,143,58,3,77,3,2022-10-04T21:08:09Z
Infantry Mobility Vehicles,Ukraine,https://upload.wikimedia.org/wikipedia/commons/thumb/4/49/Flag_of_Ukraine.svg/23px-Flag_of_Ukraine.svg.png,Spartan,destroyed,https://i.postimg.cc/pLzwqpFM/4788.png,1,143,58,3,77,3,2022-10-04T21:08:09Z
Infantry Mobility Vehicles,Ukraine,https://upload.wikimedia.org/wikipedia/commons/thumb/4/49/Flag_of_Ukraine.svg/23px-Flag_of_Ukraine.svg.png,Spartan,destroyed,https://i.postimg.cc/ZYBTN6k6/32.png,1,143,58,3,77,3,2022-10-04T21:08:09Z
Infantry Mobility Vehicles,Ukraine,https://upload.wikimedia.org/wikipedia/commons/thumb/4/49/Flag_of_Ukraine.svg/23px-Flag_of_Ukraine.svg.png,Spartan,destroyed,https://i.postimg.cc/43kkdVMm/23d.png,1,143,58,3,77,3,2022-10-04T21:08:09Z
Infantry Mobility Vehicles,Ukraine,https://upload.wikimedia.org/wikipedia/commons/thumb/4/49/Flag_of_Ukraine.svg/23px-Flag_of_Ukraine.svg.png,Spartan,destroyed,https://i.postimg.cc/9fgt9Bwj/438.png,1,143,58,3,77,3,2022-10-04T21:08:09Z
Infantry Mobility Vehicles,Ukraine,https://upload.wikimedia.org/wikipedia/commons/thumb/4/49/Flag_of_Ukraine.svg/23px-Flag_of_Ukraine.svg.png,KrAZ-MPV Shrek One,captured,https://i.postimg.cc/d0Rrf1C1/5472.png,1,143,58,3,77,3,2022-10-04T21:08:09Z
Infantry Mobility Vehicles,Ukraine,https://upload.wikimedia.org/wikipedia/commons/thumb/4/49/Flag_of_Ukraine.svg/23px-Flag_of_Ukraine.svg.png,Novator,destroyed,https://i.postimg.cc/nL0M3Jsd/3770.png,8,143,58,3,77,3,2022-10-04T21:08:09Z
Infantry Mobility Vehicles,Ukraine,https://upload.wikimedia.org/wikipedia/commons/thumb/4/49/Flag_of_Ukraine.svg/23px-Flag_of_Ukraine.svg.png,Novator,destroyed,https://i.postimg.cc/sXnWyLTC/332.png,8,143,58,3,77,3,2022-10-04T21:08:09Z
Infantry Mobility Vehicles,Ukraine,https://upload.wikimedia.org/wikipedia/commons/thumb/4/49/Flag_of_Ukraine.svg/23px-Flag_of_Ukraine.svg.png,Novator,destroyed,https://twitter.com/UAWeapons/status/1552699448614060033,8,143,58,3,77,3,2022-10-04T21:08:09Z
Infantry Mobility Vehicles,Ukraine,https://upload.wikimedia.org/wikipedia/commons/thumb/4/49/Flag_of_Ukraine.svg/23px-Flag_of_Ukraine.svg.png,Novator,destroyed,https://i.postimg.cc/fyC334SQ/2022-09-19-Novator.jpg,8,143,58,3,77,3,2022-10-04T21:08:09Z
Infantry Mobility Vehicles,Ukraine,https://upload.wikimedia.org/wikipedia/commons/thumb/4/49/Flag_of_Ukraine.svg/23px-Flag_of_Ukraine.svg.png,Novator,destroyed,https://twitter.com/UAWeapons/status/1572307996771762178,8,143,58,3,77,3,2022-10-04T21:08:09Z
Infantry Mobility Vehicles,Ukraine,https://upload.wikimedia.org/wikipedia/commons/thumb/4/49/Flag_of_Ukraine.svg/23px-Flag_of_Ukraine.svg.png,Novator,damaged,https://i.postimg.cc/MKMkcgwH/776.png,8,143,58,3,77,3,2022-10-04T21:08:09Z
Infantry Mobility Vehicles,Ukraine,https://upload.wikimedia.org/wikipedia/commons/thumb/4/49/Flag_of_Ukraine.svg/23px-Flag_of_Ukraine.svg.png,Novator,damaged,https://i.postimg.cc/HnjZpKPG/48.png,8,143,58,3,77,3,2022-10-04T21:08:09Z
Infantry Mobility Vehicles,Ukraine,https://upload.wikimedia.org/wikipedia/commons/thumb/4/49/Flag_of_Ukraine.svg/23px-Flag_of_Ukraine.svg.png,Novator,captured,https://i.postimg.cc/pT6yB3Vt/43133.png,8,143,58,3,77,3,2022-10-04T21:08:09Z
Infantry Mobility Vehicles,Ukraine,https://upload.wikimedia.org/wikipedia/commons/thumb/4/49/Flag_of_Ukraine.svg/23px-Flag_of_Ukraine.svg.png,Novator,captured,https://i.postimg.cc/0NjZLhGD/3189.png,8,143,58,3,77,3,2022-10-04T21:08:09Z
Infantry Mobility Vehicles,Ukraine,https://upload.wikimedia.org/wikipedia/commons/thumb/4/49/Flag_of_Ukraine.svg/23px-Flag_of_Ukraine.svg.png,Novator,captured,https://i.postimg.cc/Ls6bb8HD/4387.png,8,143,58,3,77,3,2022-10-04T21:08:09Z
Infantry Mobility Vehicles,Ukraine,https://upload.wikimedia.org/wikipedia/commons/thumb/4/49/Flag_of_Ukraine.svg/23px-Flag_of_Ukraine.svg.png,Varta,destroyed,https://i.postimg.cc/hPpt3yPt/7u.png,19,143,58,3,77,3,2022-10-04T21:08:09Z
Infantry Mobility Vehicles,Ukraine,https://upload.wikimedia.org/wikipedia/commons/thumb/4/49/Flag_of_Ukraine.svg/23px-Flag_of_Ukraine.svg.png,Varta,destroyed,https://i.postimg.cc/MpPNBN48/311.jpg,19,143,58,3,77,3,2022-10-04T21:08:09Z
Infantry Mobility Vehicles,Ukraine,https://upload.wikimedia.org/wikipedia/commons/thumb/4/49/Flag_of_Ukraine.svg/23px-Flag_of_Ukraine.svg.png,Varta,destroyed,https://i.postimg.cc/MHQ7P76Q/2000.jpg,19,143,58,3,77,3,2022-10-04T21:08:09Z
Infantry Mobility Vehicles,Ukraine,https://upload.wikimedia.org/wikipedia/commons/thumb/4/49/Flag_of_Ukraine.svg/23px-Flag_of_Ukraine.svg.png,Varta,captured,https://i.postimg.cc/rmJCSVgp/g1.png,19,143,58,3,77,3,2022-10-04T21:08:09Z
Infantry Mobility Vehicles,Ukraine,https://upload.wikimedia.org/wikipedia/commons/thumb/4/49/Flag_of_Ukraine.svg/23px-Flag_of_Ukraine.svg.png,Varta,captured,https://i.postimg.cc/442p3Kn8/443.png,19,143,58,3,77,3,2022-10-04T21:08:09Z
Infantry Mobility Vehicles,Ukraine,https://upload.wikimedia.org/wikipedia/commons/thumb/4/49/Flag_of_Ukraine.svg/23px-Flag_of_Ukraine.svg.png,Varta,captured,https://i.postimg.cc/wj9GFM8d/66579.png,19,143,58,3,77,3,2022-10-04T21:08:09Z
Infantry Mobility Vehicles,Ukraine,https://upload.wikimedia.org/wikipedia/commons/thumb/4/49/Flag_of_Ukraine.svg/23px-Flag_of_Ukraine.svg.png,Varta,captured,https://i.postimg.cc/c4jKpNP5/7u.png,19,143,58,3,77,3,2022-10-04T21:08:09Z
Infantry Mobility Vehicles,Ukraine,https://upload.wikimedia.org/wikipedia/commons/thumb/4/49/Flag_of_Ukraine.svg/23px-Flag_of_Ukraine.svg.png,Varta,captured,https://i.postimg.cc/VvgqDJDh/7644.png,19,143,58,3,77,3,2022-10-04T21:08:09Z
Infantry Mobility Vehicles,Ukraine,https://upload.wikimedia.org/wikipedia/commons/thumb/4/49/Flag_of_Ukraine.svg/23px-Flag_of_Ukraine.svg.png,Varta,captured,https://i.postimg.cc/1tG278jF/130.png,19,143,58,3,77,3,2022-10-04T21:08:09Z
Infantry Mobility Vehicles,Ukraine,https://upload.wikimedia.org/wikipedia/commons/thumb/4/49/Flag_of_Ukraine.svg/23px-Flag_of_Ukraine.svg.png,Varta,captured,https://i.postimg.cc/28s1cv5k/f244.png,19,143,58,3,77,3,2022-10-04T21:08:09Z
Infantry Mobility Vehicles,Ukraine,https://upload.wikimedia.org/wikipedia/commons/thumb/4/49/Flag_of_Ukraine.svg/23px-Flag_of_Ukraine.svg.png,Varta,captured,https://i.postimg.cc/28s1cv5k/f244.png,19,143,58,3,77,3,2022-10-04T21:08:09Z
Infantry Mobility Vehicles,Ukraine,https://upload.wikimedia.org/wikipedia/commons/thumb/4/49/Flag_of_Ukraine.svg/23px-Flag_of_Ukraine.svg.png,Varta,captured,https://i.postimg.cc/28s1cv5k/f244.png,19,143,58,3,77,3,2022-10-04T21:08:09Z
Infantry Mobility Vehicles,Ukraine,https://upload.wikimedia.org/wikipedia/commons/thumb/4/49/Flag_of_Ukraine.svg/23px-Flag_of_Ukraine.svg.png,Varta,captured,https://i.postimg.cc/zGf1Wqkg/4312.png,19,143,58,3,77,3,2022-10-04T21:08:09Z
Infantry Mobility Vehicles,Ukraine,https://upload.wikimedia.org/wikipedia/commons/thumb/4/49/Flag_of_Ukraine.svg/23px-Flag_of_Ukraine.svg.png,Varta,captured,https://i.postimg.cc/ZnVDfxsb/438.png,19,143,58,3,77,3,2022-10-04T21:08:09Z
Infantry Mobility Vehicles,Ukraine,https://upload.wikimedia.org/wikipedia/commons/thumb/4/49/Flag_of_Ukraine.svg/23px-Flag_of_Ukraine.svg.png,Varta,captured,https://i.postimg.cc/s2j9JmdL/f4.jpg,19,143,58,3,77,3,2022-10-04T21:08:09Z
Infantry Mobility Vehicles,Ukraine,https://upload.wikimedia.org/wikipedia/commons/thumb/4/49/Flag_of_Ukraine.svg/23px-Flag_of_Ukraine.svg.png,Varta,captured,https://i.postimg.cc/4d7tkwNf/d1h.jpg,19,143,58,3,77,3,2022-10-04T21:08:09Z
Infantry Mobility Vehicles,Ukraine,https://upload.wikimedia.org/wikipedia/commons/thumb/4/49/Flag_of_Ukraine.svg/23px-Flag_of_Ukraine.svg.png,Varta,captured,https://i.postimg.cc/xT2zK4zR/5547.png,19,143,58,3,77,3,2022-10-04T21:08:09Z
Infantry Mobility Vehicles,Ukraine,https://upload.wikimedia.org/wikipedia/commons/thumb/4/49/Flag_of_Ukraine.svg/23px-Flag_of_Ukraine.svg.png,Varta,captured,https://twitter.com/UAWeapons/status/1545899359132389377,19,143,58,3,77,3,2022-10-04T21:08:09Z
Infantry Mobility Vehicles,Ukraine,https://upload.wikimedia.org/wikipedia/commons/thumb/4/49/Flag_of_Ukraine.svg/23px-Flag_of_Ukraine.svg.png,Varta,captured,https://i.postimg.cc/MpqsfLzt/66590.png,19,143,58,3,77,3,2022-10-04T21:08:09Z
Infantry Mobility Vehicles,Ukraine,https://upload.wikimedia.org/wikipedia/commons/thumb/4/49/Flag_of_Ukraine.svg/23px-Flag_of_Ukraine.svg.png,Kozak-2,destroyed,https://i.postimg.cc/L6pqJk7y/58.png,32,143,58,3,77,3,2022-10-04T21:08:09Z
Infantry Mobility Vehicles,Ukraine,https://upload.wikimedia.org/wikipedia/commons/thumb/4/49/Flag_of_Ukraine.svg/23px-Flag_of_Ukraine.svg.png,Kozak-2,destroyed,https://i.postimg.cc/9Mk6MT7K/488.png,32,143,58,3,77,3,2022-10-04T21:08:09Z
Infantry Mobility Vehicles,Ukraine,https://upload.wikimedia.org/wikipedia/commons/thumb/4/49/Flag_of_Ukraine.svg/23px-Flag_of_Ukraine.svg.png,Kozak-2,destroyed,https://i.postimg.cc/gjVypYKQ/5779.png,32,143,58,3,77,3,2022-10-04T21:08:09Z
Infantry Mobility Vehicles,Ukraine,https://upload.wikimedia.org/wikipedia/commons/thumb/4/49/Flag_of_Ukraine.svg/23px-Flag_of_Ukraine.svg.png,Kozak-2,destroyed,https://i.postimg.cc/VL6Ht3VF/37.png,32,143,58,3,77,3,2022-10-04T21:08:09Z
Infantry Mobility Vehicles,Ukraine,https://upload.wikimedia.org/wikipedia/commons/thumb/4/49/Flag_of_Ukraine.svg/23px-Flag_of_Ukraine.svg.png,Kozak-2,destroyed,https://i.postimg.cc/gJxgjt08/338.png,32,143,58,3,77,3,2022-10-04T21:08:09Z
Infantry Mobility Vehicles,Ukraine,https://upload.wikimedia.org/wikipedia/commons/thumb/4/49/Flag_of_Ukraine.svg/23px-Flag_of_Ukraine.svg.png,Kozak-2,destroyed,https://i.postimg.cc/yNmyrwr1/776.jpg,32,143,58,3,77,3,2022-10-04T21:08:09Z
Infantry Mobility Vehicles,Ukraine,https://upload.wikimedia.org/wikipedia/commons/thumb/4/49/Flag_of_Ukraine.svg/23px-Flag_of_Ukraine.svg.png,Kozak-2,destroyed,https://i.postimg.cc/yxFchcQ4/87.png,32,143,58,3,77,3,2022-10-04T21:08:09Z
Infantry Mobility Vehicles,Ukraine,https://upload.wikimedia.org/wikipedia/commons/thumb/4/49/Flag_of_Ukraine.svg/23px-Flag_of_Ukraine.svg.png,Kozak-2,destroyed,https://i.postimg.cc/59YQgSVr/7j.png,32,143,58,3,77,3,2022-10-04T21:08:09Z
Infantry Mobility Vehicles,Ukraine,https://upload.wikimedia.org/wikipedia/commons/thumb/4/49/Flag_of_Ukraine.svg/23px-Flag_of_Ukraine.svg.png,Kozak-2,destroyed,https://i.postimg.cc/8zb2St2m/4f6.png,32,143,58,3,77,3,2022-10-04T21:08:09Z
Infantry Mobility Vehicles,Ukraine,https://upload.wikimedia.org/wikipedia/commons/thumb/4/49/Flag_of_Ukraine.svg/23px-Flag_of_Ukraine.svg.png,Kozak-2,destroyed,https://i.postimg.cc/8zb2St2m/4f6.png,32,143,58,3,77,3,2022-10-04T21:08:09Z
Infantry Mobility Vehicles,Ukraine,https://upload.wikimedia.org/wikipedia/commons/thumb/4/49/Flag_of_Ukraine.svg/23px-Flag_of_Ukraine.svg.png,Kozak-2,destroyed,https://i.postimg.cc/WtRyGMTH/438.png,32,143,58,3,77,3,2022-10-04T21:08:09Z
Infantry Mobility Vehicles,Ukraine,https://upload.wikimedia.org/wikipedia/commons/thumb/4/49/Flag_of_Ukraine.svg/23px-Flag_of_Ukraine.svg.png,Kozak-2,destroyed,https://i.postimg.cc/nzh1jhnC/f8.png,32,143,58,3,77,3,2022-10-04T21:08:09Z
Infantry Mobility Vehicles,Ukraine,https://upload.wikimedia.org/wikipedia/commons/thumb/4/49/Flag_of_Ukraine.svg/23px-Flag_of_Ukraine.svg.png,Kozak-2,destroyed,https://i.postimg.cc/zG4jqSdM/ff7.png,32,143,58,3,77,3,2022-10-04T21:08:09Z
Infantry Mobility Vehicles,Ukraine,https://upload.wikimedia.org/wikipedia/commons/thumb/4/49/Flag_of_Ukraine.svg/23px-Flag_of_Ukraine.svg.png,Kozak-2,destroyed,https://i.postimg.cc/dtWsMfpk/2000-kozak.jpg,32,143,58,3,77,3,2022-10-04T21:08:09Z
Infantry Mobility Vehicles,Ukraine,https://upload.wikimedia.org/wikipedia/commons/thumb/4/49/Flag_of_Ukraine.svg/23px-Flag_of_Ukraine.svg.png,Kozak-2,destroyed,https://twitter.com/UAWeapons/status/1545021770008240130,32,143,58,3,77,3,2022-10-04T21:08:09Z
Infantry Mobility Vehicles,Ukraine,https://upload.wikimedia.org/wikipedia/commons/thumb/4/49/Flag_of_Ukraine.svg/23px-Flag_of_Ukraine.svg.png,Kozak-2,destroyed,https://twitter.com/TheDeadDistrict/status/1546184796451340289,32,143,58,3,77,3,2022-10-04T21:08:09Z
Infantry Mobility Vehicles,Ukraine,https://upload.wikimedia.org/wikipedia/commons/thumb/4/49/Flag_of_Ukraine.svg/23px-Flag_of_Ukraine.svg.png,Kozak-2,damaged,https://i.postimg.cc/1XzJ7nhW/d2g.png,32,143,58,3,77,3,2022-10-04T21:08:09Z
Infantry Mobility Vehicles,Ukraine,https://upload.wikimedia.org/wikipedia/commons/thumb/4/49/Flag_of_Ukraine.svg/23px-Flag_of_Ukraine.svg.png,Kozak-2,captured,https://i.postimg.cc/SK6qfZwB/42g.png,32,143,58,3,77,3,2022-10-04T21:08:09Z
Infantry Mobility Vehicles,Ukraine,https://upload.wikimedia.org/wikipedia/commons/thumb/4/49/Flag_of_Ukraine.svg/23px-Flag_of_Ukraine.svg.png,Kozak-2,captured,https://i.postimg.cc/3JFW2v5Y/13.png,32,143,58,3,77,3,2022-10-04T21:08:09Z
Infantry Mobility Vehicles,Ukraine,https://upload.wikimedia.org/wikipedia/commons/thumb/4/49/Flag_of_Ukraine.svg/23px-Flag_of_Ukraine.svg.png,Kozak-2,captured,https://i.postimg.cc/3JFW2v5Y/13.png,32,143,58,3,77,3,2022-10-04T21:08:09Z
Infantry Mobility Vehicles,Ukraine,https://upload.wikimedia.org/wikipedia/commons/thumb/4/49/Flag_of_Ukraine.svg/23px-Flag_of_Ukraine.svg.png,Kozak-2,captured,https://i.postimg.cc/m2ysRLJL/4313.png,32,143,58,3,77,3,2022-10-04T21:08:09Z
Infantry Mobility Vehicles,Ukraine,https://upload.wikimedia.org/wikipedia/commons/thumb/4/49/Flag_of_Ukraine.svg/23px-Flag_of_Ukraine.svg.png,Kozak-2,captured,https://i.postimg.cc/Sx36XxJL/431.png,32,143,58,3,77,3,2022-10-04T21:08:09Z
Infantry Mobility Vehicles,Ukraine,https://upload.wikimedia.org/wikipedia/commons/thumb/4/49/Flag_of_Ukraine.svg/23px-Flag_of_Ukraine.svg.png,Kozak-2,captured,https://i.postimg.cc/T2tH9nND/47.png,32,143,58,3,77,3,2022-10-04T21:08:09Z
Infantry Mobility Vehicles,Ukraine,https://upload.wikimedia.org/wikipedia/commons/thumb/4/49/Flag_of_Ukraine.svg/23px-Flag_of_Ukraine.svg.png,Kozak-2,captured,https://i.postimg.cc/Ls6bb8HD/4387.png,32,143,58,3,77,3,2022-10-04T21:08:09Z
Infantry Mobility Vehicles,Ukraine,https://upload.wikimedia.org/wikipedia/commons/thumb/4/49/Flag_of_Ukraine.svg/23px-Flag_of_Ukraine.svg.png,Kozak-2,captured,https://i.postimg.cc/HkPLj9c0/h7.png,32,143,58,3,77,3,2022-10-04T21:08:09Z
Infantry Mobility Vehicles,Ukraine,https://upload.wikimedia.org/wikipedia/commons/thumb/4/49/Flag_of_Ukraine.svg/23px-Flag_of_Ukraine.svg.png,Kozak-2,captured,https://i.postimg.cc/05BPGh0h/299.png,32,143,58,3,77,3,2022-10-04T21:08:09Z
Infantry Mobility Vehicles,Ukraine,https://upload.wikimedia.org/wikipedia/commons/thumb/4/49/Flag_of_Ukraine.svg/23px-Flag_of_Ukraine.svg.png,Kozak-2,captured,https://i.postimg.cc/xjFvMRPp/477.png,32,143,58,3,77,3,2022-10-04T21:08:09Z
Infantry Mobility Vehicles,Ukraine,https://upload.wikimedia.org/wikipedia/commons/thumb/4/49/Flag_of_Ukraine.svg/23px-Flag_of_Ukraine.svg.png,Kozak-2,captured,https://i.postimg.cc/6QgvmvjC/875.png,32,143,58,3,77,3,2022-10-04T21:08:09Z
Infantry Mobility Vehicles,Ukraine,https://upload.wikimedia.org/wikipedia/commons/thumb/4/49/Flag_of_Ukraine.svg/23px-Flag_of_Ukraine.svg.png,Kozak-2,captured,https://i.postimg.cc/rzXgXHfC/439.png,32,143,58,3,77,3,2022-10-04T21:08:09Z
Infantry Mobility Vehicles,Ukraine,https://upload.wikimedia.org/wikipedia/commons/thumb/4/49/Flag_of_Ukraine.svg/23px-Flag_of_Ukraine.svg.png,Kozak-2,captured,https://i.postimg.cc/wB2FBc1t/58.png,32,143,58,3,77,3,2022-10-04T21:08:09Z
Infantry Mobility Vehicles,Ukraine,https://upload.wikimedia.org/wikipedia/commons/thumb/4/49/Flag_of_Ukraine.svg/23px-Flag_of_Ukraine.svg.png,Kozak-2,captured,https://i.postimg.cc/kMcBVF09/f4.png,32,143,58,3,77,3,2022-10-04T21:08:09Z
Infantry Mobility Vehicles,Ukraine,https://upload.wikimedia.org/wikipedia/commons/thumb/4/49/Flag_of_Ukraine.svg/23px-Flag_of_Ukraine.svg.png,Kozak-2,captured,https://i.postimg.cc/KcBnzr7B/35.png,32,143,58,3,77,3,2022-10-04T21:08:09Z
Infantry Mobility Vehicles,Ukraine,https://upload.wikimedia.org/wikipedia/commons/thumb/4/49/Flag_of_Ukraine.svg/23px-Flag_of_Ukraine.svg.png,Kozak-2M1,destroyed,https://i.postimg.cc/5NBFJMMG/54h.png,8,143,58,3,77,3,2022-10-04T21:08:09Z
Infantry Mobility Vehicles,Ukraine,https://upload.wikimedia.org/wikipedia/commons/thumb/4/49/Flag_of_Ukraine.svg/23px-Flag_of_Ukraine.svg.png,Kozak-2M1,destroyed,https://postimg.cc/grt2tmHn,8,143,58,3,77,3,2022-10-04T21:08:09Z
Infantry Mobility Vehicles,Ukraine,https://upload.wikimedia.org/wikipedia/commons/thumb/4/49/Flag_of_Ukraine.svg/23px-Flag_of_Ukraine.svg.png,Kozak-2M1,destroyed,https://twitter.com/UAWeapons/status/1548987767320870912,8,143,58,3,77,3,2022-10-04T21:08:09Z
Infantry Mobility Vehicles,Ukraine,https://upload.wikimedia.org/wikipedia/commons/thumb/4/49/Flag_of_Ukraine.svg/23px-Flag_of_Ukraine.svg.png,Kozak-2M1,destroyed,https://i.postimg.cc/mZzm5DLw/2000-Kozack-2m1.jpg,8,143,58,3,77,3,2022-10-04T21:08:09Z
Infantry Mobility Vehicles,Ukraine,https://upload.wikimedia.org/wikipedia/commons/thumb/4/49/Flag_of_Ukraine.svg/23px-Flag_of_Ukraine.svg.png,Kozak-2M1,abandoned,https://postimg.cc/JD2WNfPx,8,143,58,3,77,3,2022-10-04T21:08:09Z
Infantry Mobility Vehicles,Ukraine,https://upload.wikimedia.org/wikipedia/commons/thumb/4/49/Flag_of_Ukraine.svg/23px-Flag_of_Ukraine.svg.png,Kozak-2M1,captured,https://i.postimg.cc/26hQJK6t/4f1.png,8,143,58,3,77,3,2022-10-04T21:08:09Z
Infantry Mobility Vehicles,Ukraine,https://upload.wikimedia.org/wikipedia/commons/thumb/4/49/Flag_of_Ukraine.svg/23px-Flag_of_Ukraine.svg.png,Kozak-2M1,captured,https://i.postimg.cc/Y9QmHJ7T/5549.png,8,143,58,3,77,3,2022-10-04T21:08:09Z
Infantry Mobility Vehicles,Ukraine,https://upload.wikimedia.org/wikipedia/commons/thumb/4/49/Flag_of_Ukraine.svg/23px-Flag_of_Ukraine.svg.png,Kozak-2M1,captured,https://i.postimg.cc/KjvxRVmz/77.png,8,143,58,3,77,3,2022-10-04T21:08:09Z
Infantry Mobility Vehicles,Ukraine,https://upload.wikimedia.org/wikipedia/commons/thumb/4/49/Flag_of_Ukraine.svg/23px-Flag_of_Ukraine.svg.png,Kozak-2M1,captured,https://twitter.com/UAWeapons/status/1551672584361615371,8,143,58,3,77,3,2022-10-04T21:08:09Z
Infantry Mobility Vehicles,Ukraine,https://upload.wikimedia.org/wikipedia/commons/thumb/4/49/Flag_of_Ukraine.svg/23px-Flag_of_Ukraine.svg.png,Kozak-5,captured,https://twitter.com/UAWeapons/status/1547991723946610690,1,143,58,3,77,3,2022-10-04T21:08:09Z
Infantry Mobility Vehicles,Ukraine,https://upload.wikimedia.org/wikipedia/commons/thumb/4/49/Flag_of_Ukraine.svg/23px-Flag_of_Ukraine.svg.png,Triton,captured,https://i.postimg.cc/x8sb9gDh/45.png,3,143,58,3,77,3,2022-10-04T21:08:09Z
Infantry Mobility Vehicles,Ukraine,https://upload.wikimedia.org/wikipedia/commons/thumb/4/49/Flag_of_Ukraine.svg/23px-Flag_of_Ukraine.svg.png,Triton,captured,https://i.postimg.cc/SNrgtV68/57.png,3,143,58,3,77,3,2022-10-04T21:08:09Z
Infantry Mobility Vehicles,Ukraine,https://upload.wikimedia.org/wikipedia/commons/thumb/4/49/Flag_of_Ukraine.svg/23px-Flag_of_Ukraine.svg.png,Triton,captured,https://i.postimg.cc/wT6qjjMS/277.png,3,143,58,3,77,3,2022-10-04T21:08:09Z
Infantry Mobility Vehicles,Ukraine,https://upload.wikimedia.org/wikipedia/commons/thumb/4/49/Flag_of_Ukraine.svg/23px-Flag_of_Ukraine.svg.png,Unknown IMV,abandoned,https://i.postimg.cc/x8sb9gDh/45.png,2,143,58,3,77,3,2022-10-04T21:08:09Z
Infantry Mobility Vehicles,Ukraine,https://upload.wikimedia.org/wikipedia/commons/thumb/4/49/Flag_of_Ukraine.svg/23px-Flag_of_Ukraine.svg.png,Unknown IMV,abandoned,https://i.postimg.cc/x8sb9gDh/45.png,2,143,58,3,77,3,2022-10-04T21:08:09Z
Command Posts And Communications Stations,Ukraine,https://upload.wikimedia.org/wikipedia/commons/thumb/a/a9/Flag_of_the_Soviet_Union.svg/23px-Flag_of_the_Soviet_Union.svg.png,BMP-1KSh,destroyed,https://i.postimg.cc/VLdFx7YY/b7.png,1,7,4,NA,3,NA,2022-10-04T21:08:09Z
Command Posts And Communications Stations,Ukraine,https://upload.wikimedia.org/wikipedia/commons/thumb/a/a9/Flag_of_the_Soviet_Union.svg/23px-Flag_of_the_Soviet_Union.svg.png,R-145BM1 command vehicle,captured,https://i.postimg.cc/nVsmGbjV/32.png,2,7,4,NA,3,NA,2022-10-04T21:08:09Z
Command Posts And Communications Stations,Ukraine,https://upload.wikimedia.org/wikipedia/commons/thumb/a/a9/Flag_of_the_Soviet_Union.svg/23px-Flag_of_the_Soviet_Union.svg.png,R-145BM1 command vehicle,captured,https://i.postimg.cc/3xZhwSqy/446.png,2,7,4,NA,3,NA,2022-10-04T21:08:09Z
Command Posts And Communications Stations,Ukraine,https://upload.wikimedia.org/wikipedia/commons/thumb/a/a9/Flag_of_the_Soviet_Union.svg/23px-Flag_of_the_Soviet_Union.svg.png,R-409A radio station vehicle,destroyed,https://twitter.com/UAWeapons/status/1547660596249694211,1,7,4,NA,3,NA,2022-10-04T21:08:09Z
Command Posts And Communications Stations,Ukraine,https://upload.wikimedia.org/wikipedia/commons/thumb/a/a9/Flag_of_the_Soviet_Union.svg/23px-Flag_of_the_Soviet_Union.svg.png,R-405M radio station vehicle,destroyed,https://twitter.com/UAWeapons/status/1547660596249694211,1,7,4,NA,3,NA,2022-10-04T21:08:09Z
Command Posts And Communications Stations,Ukraine,https://upload.wikimedia.org/wikipedia/commons/thumb/4/49/Flag_of_Ukraine.svg/23px-Flag_of_Ukraine.svg.png,K1Sh1 command and staff vehicle,captured,https://i.postimg.cc/qB5M9TWT/776.jpg,1,7,4,NA,3,NA,2022-10-04T21:08:09Z
Command Posts And Communications Stations,Ukraine,https://upload.wikimedia.org/wikipedia/commons/thumb/b/b4/Flag_of_Turkey.svg/23px-Flag_of_Turkey.svg.png,Radio relay station for TB2,destroyed,https://twitter.com/UAWeapons/status/1552621037057187840,1,7,4,NA,3,NA,2022-10-04T21:08:09Z
Engineering Vehicles And Equipment,Ukraine,https://upload.wikimedia.org/wikipedia/commons/thumb/a/a9/Flag_of_the_Soviet_Union.svg/23px-Flag_of_the_Soviet_Union.svg.png,IMR-2 combat engineering vehicle,captured,https://i.postimg.cc/BQxfxYwb/446.png,1,25,12,NA,13,NA,2022-10-04T21:08:09Z
Engineering Vehicles And Equipment,Ukraine,https://upload.wikimedia.org/wikipedia/commons/thumb/a/a9/Flag_of_the_Soviet_Union.svg/23px-Flag_of_the_Soviet_Union.svg.png,BAT-2 heavy engineering vehicle,captured,https://i.postimg.cc/2yj5tTbn/bl.png,1,25,12,NA,13,NA,2022-10-04T21:08:09Z
Engineering Vehicles And Equipment,Ukraine,https://upload.wikimedia.org/wikipedia/commons/thumb/a/a9/Flag_of_the_Soviet_Union.svg/23px-Flag_of_the_Soviet_Union.svg.png,MDK-3 trench-digging vehicle,captured,https://i.postimg.cc/ZYVS4vtw/3321.png,1,25,12,NA,13,NA,2022-10-04T21:08:09Z
Engineering Vehicles And Equipment,Ukraine,https://upload.wikimedia.org/wikipedia/commons/thumb/a/a9/Flag_of_the_Soviet_Union.svg/23px-Flag_of_the_Soviet_Union.svg.png,RKhM 'Kashalot',destroyed,https://i.postimg.cc/FzPFS9vz/16.png,2,25,12,NA,13,NA,2022-10-04T21:08:09Z
Engineering Vehicles And Equipment,Ukraine,https://upload.wikimedia.org/wikipedia/commons/thumb/a/a9/Flag_of_the_Soviet_Union.svg/23px-Flag_of_the_Soviet_Union.svg.png,RKhM 'Kashalot',captured,https://i.postimg.cc/FK0113Pj/776.png,2,25,12,NA,13,NA,2022-10-04T21:08:09Z
Engineering Vehicles And Equipment,Ukraine,https://upload.wikimedia.org/wikipedia/commons/thumb/a/a9/Flag_of_the_Soviet_Union.svg/23px-Flag_of_the_Soviet_Union.svg.png,BTS-4 armoured recovery vehicle,destroyed,https://i.postimg.cc/9QdSvxzZ/v4.png,3,25,12,NA,13,NA,2022-10-04T21:08:09Z
Engineering Vehicles And Equipment,Ukraine,https://upload.wikimedia.org/wikipedia/commons/thumb/a/a9/Flag_of_the_Soviet_Union.svg/23px-Flag_of_the_Soviet_Union.svg.png,BTS-4 armoured recovery vehicle,captured,https://i.postimg.cc/3J251m83/38.png,3,25,12,NA,13,NA,2022-10-04T21:08:09Z
Engineering Vehicles And Equipment,Ukraine,https://upload.wikimedia.org/wikipedia/commons/thumb/a/a9/Flag_of_the_Soviet_Union.svg/23px-Flag_of_the_Soviet_Union.svg.png,BTS-4 armoured recovery vehicle,captured,https://i.postimg.cc/BQyRX6qK/689.png,3,25,12,NA,13,NA,2022-10-04T21:08:09Z
Engineering Vehicles And Equipment,Ukraine,https://upload.wikimedia.org/wikipedia/commons/thumb/a/a9/Flag_of_the_Soviet_Union.svg/23px-Flag_of_the_Soviet_Union.svg.png,BREM-1 armoured recovery vehicle,captured,https://i.postimg.cc/Prww0Ysy/133.png,1,25,12,NA,13,NA,2022-10-04T21:08:09Z
Engineering Vehicles And Equipment,Ukraine,https://upload.wikimedia.org/wikipedia/commons/thumb/a/a9/Flag_of_the_Soviet_Union.svg/23px-Flag_of_the_Soviet_Union.svg.png,Ural-4320 KET-L recovery vehicle,destroyed,https://i.postimg.cc/P5y09mKr/448.png,1,25,12,NA,13,NA,2022-10-04T21:08:09Z
Engineering Vehicles And Equipment,Ukraine,https://upload.wikimedia.org/wikipedia/commons/thumb/a/a9/Flag_of_the_Soviet_Union.svg/23px-Flag_of_the_Soviet_Union.svg.png,MTO-AT mobile workshop,destroyed,https://twitter.com/UAWeapons/status/1545021770008240130,1,25,12,NA,13,NA,2022-10-04T21:08:09Z
Engineering Vehicles And Equipment,Ukraine,https://upload.wikimedia.org/wikipedia/commons/thumb/a/a9/Flag_of_the_Soviet_Union.svg/23px-Flag_of_the_Soviet_Union.svg.png,PMP floating bridge,destroyed,https://i.postimg.cc/zXWfXHm7/dr1.jpg,3,25,12,NA,13,NA,2022-10-04T21:08:09Z
Engineering Vehicles And Equipment,Ukraine,https://upload.wikimedia.org/wikipedia/commons/thumb/a/a9/Flag_of_the_Soviet_Union.svg/23px-Flag_of_the_Soviet_Union.svg.png,PMP floating bridge,destroyed,https://i.postimg.cc/0y027gyJ/dr3.jpg,3,25,12,NA,13,NA,2022-10-04T21:08:09Z
Engineering Vehicles And Equipment,Ukraine,https://upload.wikimedia.org/wikipedia/commons/thumb/a/a9/Flag_of_the_Soviet_Union.svg/23px-Flag_of_the_Soviet_Union.svg.png,PMP floating bridge,captured,https://twitter.com/UAWeapons/status/1545899373724422151,3,25,12,NA,13,NA,2022-10-04T21:08:09Z
Engineering Vehicles And Equipment,Ukraine,https://upload.wikimedia.org/wikipedia/commons/thumb/4/49/Flag_of_Ukraine.svg/23px-Flag_of_Ukraine.svg.png,TMM-3M1 bridge layer,captured,https://i.postimg.cc/jjscx2rh/245.png,2,25,12,NA,13,NA,2022-10-04T21:08:09Z
Engineering Vehicles And Equipment,Ukraine,https://upload.wikimedia.org/wikipedia/commons/thumb/4/49/Flag_of_Ukraine.svg/23px-Flag_of_Ukraine.svg.png,TMM-3M1 bridge layer,captured,https://twitter.com/UAWeapons/status/1545899373724422151,2,25,12,NA,13,NA,2022-10-04T21:08:09Z
Engineering Vehicles And Equipment,Ukraine,https://upload.wikimedia.org/wikipedia/commons/thumb/4/49/Flag_of_Ukraine.svg/23px-Flag_of_Ukraine.svg.png,Pontoon bridge,destroyed,https://i.postimg.cc/kXP1jwZp/576.jpg,1,25,12,NA,13,NA,2022-10-04T21:08:09Z
Engineering Vehicles And Equipment,Ukraine,https://upload.wikimedia.org/wikipedia/commons/thumb/a/a9/Flag_of_the_Soviet_Union.svg/23px-Flag_of_the_Soviet_Union.svg.png,KrAZ-255B with excavator,captured,https://i.postimg.cc/zBhLwYQk/678.png,1,25,12,NA,13,NA,2022-10-04T21:08:09Z
Engineering Vehicles And Equipment,Ukraine,https://upload.wikimedia.org/wikipedia/commons/thumb/a/a9/Flag_of_the_Soviet_Union.svg/23px-Flag_of_the_Soviet_Union.svg.png,KrAZ-255B pontoon bridge layer,captured,https://twitter.com/UAWeapons/status/1545021775846817792,1,25,12,NA,13,NA,2022-10-04T21:08:09Z
Engineering Vehicles And Equipment,Ukraine,https://upload.wikimedia.org/wikipedia/commons/thumb/a/a9/Flag_of_the_Soviet_Union.svg/23px-Flag_of_the_Soviet_Union.svg.png,KrAZ-260 pontoon bridge layer,destroyed,https://i.postimg.cc/TwmPMLRt/2002-Kraz-pontoon-bridge-truck.jpg,3,25,12,NA,13,NA,2022-10-04T21:08:09Z
Engineering Vehicles And Equipment,Ukraine,https://upload.wikimedia.org/wikipedia/commons/thumb/a/a9/Flag_of_the_Soviet_Union.svg/23px-Flag_of_the_Soviet_Union.svg.png,KrAZ-260 pontoon bridge layer,destroyed,https://postimg.cc/qhzGzYkn,3,25,12,NA,13,NA,2022-10-04T21:08:09Z
Engineering Vehicles And Equipment,Ukraine,https://upload.wikimedia.org/wikipedia/commons/thumb/a/a9/Flag_of_the_Soviet_Union.svg/23px-Flag_of_the_Soviet_Union.svg.png,KrAZ-260 pontoon bridge layer,destroyed,https://postimg.cc/qhzGzYkn,3,25,12,NA,13,NA,2022-10-04T21:08:09Z
Engineering Vehicles And Equipment,Ukraine,https://upload.wikimedia.org/wikipedia/commons/thumb/a/a9/Flag_of_the_Soviet_Union.svg/23px-Flag_of_the_Soviet_Union.svg.png,GMZ-3 minelayer,destroyed,https://i.postimg.cc/W4xyQQTN/g6.png,1,25,12,NA,13,NA,2022-10-04T21:08:09Z
Engineering Vehicles And Equipment,Ukraine,https://upload.wikimedia.org/wikipedia/commons/thumb/a/a9/Flag_of_the_Soviet_Union.svg/23px-Flag_of_the_Soviet_Union.svg.png,UMP-350 engine heater,captured,https://twitter.com/UAWeapons/status/1552699442482094083,1,25,12,NA,13,NA,2022-10-04T21:08:09Z
Self-Propelled Anti-Tank Missile Systems,Ukraine,https://upload.wikimedia.org/wikipedia/commons/thumb/a/a9/Flag_of_the_Soviet_Union.svg/23px-Flag_of_the_Soviet_Union.svg.png,9P148 Konkurs ATGM carrier,destroyed,https://i.postimg.cc/8cpL1BtZ/k2.png,15,17,8,1,8,NA,2022-10-04T21:08:09Z
Self-Propelled Anti-Tank Missile Systems,Ukraine,https://upload.wikimedia.org/wikipedia/commons/thumb/a/a9/Flag_of_the_Soviet_Union.svg/23px-Flag_of_the_Soviet_Union.svg.png,9P148 Konkurs ATGM carrier,destroyed,https://i.postimg.cc/JncbVdcy/k1.png,15,17,8,1,8,NA,2022-10-04T21:08:09Z
Self-Propelled Anti-Tank Missile Systems,Ukraine,https://upload.wikimedia.org/wikipedia/commons/thumb/a/a9/Flag_of_the_Soviet_Union.svg/23px-Flag_of_the_Soviet_Union.svg.png,9P148 Konkurs ATGM carrier,destroyed,https://i.postimg.cc/1tbZXSMb/g7.png,15,17,8,1,8,NA,2022-10-04T21:08:09Z
Self-Propelled Anti-Tank Missile Systems,Ukraine,https://upload.wikimedia.org/wikipedia/commons/thumb/a/a9/Flag_of_the_Soviet_Union.svg/23px-Flag_of_the_Soviet_Union.svg.png,9P148 Konkurs ATGM carrier,destroyed,https://i.postimg.cc/2SGg6p9V/438.png,15,17,8,1,8,NA,2022-10-04T21:08:09Z
Self-Propelled Anti-Tank Missile Systems,Ukraine,https://upload.wikimedia.org/wikipedia/commons/thumb/a/a9/Flag_of_the_Soviet_Union.svg/23px-Flag_of_the_Soviet_Union.svg.png,9P148 Konkurs ATGM carrier,destroyed,https://i.postimg.cc/2SGg6p9V/438.png,15,17,8,1,8,NA,2022-10-04T21:08:09Z
Self-Propelled Anti-Tank Missile Systems,Ukraine,https://upload.wikimedia.org/wikipedia/commons/thumb/a/a9/Flag_of_the_Soviet_Union.svg/23px-Flag_of_the_Soviet_Union.svg.png,9P148 Konkurs ATGM carrier,destroyed,https://i.postimg.cc/3Jy72wPb/443f.png,15,17,8,1,8,NA,2022-10-04T21:08:09Z
Self-Propelled Anti-Tank Missile Systems,Ukraine,https://upload.wikimedia.org/wikipedia/commons/thumb/a/a9/Flag_of_the_Soviet_Union.svg/23px-Flag_of_the_Soviet_Union.svg.png,9P148 Konkurs ATGM carrier,destroyed,https://i.postimg.cc/7L4PFrFB/55440.png,15,17,8,1,8,NA,2022-10-04T21:08:09Z
Self-Propelled Anti-Tank Missile Systems,Ukraine,https://upload.wikimedia.org/wikipedia/commons/thumb/a/a9/Flag_of_the_Soviet_Union.svg/23px-Flag_of_the_Soviet_Union.svg.png,9P148 Konkurs ATGM carrier,destroyed,https://i.postimg.cc/c4jFp2Sn/4433.png,15,17,8,1,8,NA,2022-10-04T21:08:09Z
Self-Propelled Anti-Tank Missile Systems,Ukraine,https://upload.wikimedia.org/wikipedia/commons/thumb/a/a9/Flag_of_the_Soviet_Union.svg/23px-Flag_of_the_Soviet_Union.svg.png,9P148 Konkurs ATGM carrier,abandoned,https://i.postimg.cc/cLp0yYYV/795.png,15,17,8,1,8,NA,2022-10-04T21:08:09Z
Self-Propelled Anti-Tank Missile Systems,Ukraine,https://upload.wikimedia.org/wikipedia/commons/thumb/a/a9/Flag_of_the_Soviet_Union.svg/23px-Flag_of_the_Soviet_Union.svg.png,9P148 Konkurs ATGM carrier,captured,https://i.postimg.cc/7PV70ZVz/4366.png,15,17,8,1,8,NA,2022-10-04T21:08:09Z
Self-Propelled Anti-Tank Missile Systems,Ukraine,https://upload.wikimedia.org/wikipedia/commons/thumb/a/a9/Flag_of_the_Soviet_Union.svg/23px-Flag_of_the_Soviet_Union.svg.png,9P148 Konkurs ATGM carrier,captured,https://i.postimg.cc/Bbpc3Gnt/466.png,15,17,8,1,8,NA,2022-10-04T21:08:09Z
Self-Propelled Anti-Tank Missile Systems,Ukraine,https://upload.wikimedia.org/wikipedia/commons/thumb/a/a9/Flag_of_the_Soviet_Union.svg/23px-Flag_of_the_Soviet_Union.svg.png,9P148 Konkurs ATGM carrier,captured,https://i.postimg.cc/Bbpc3Gnt/466.png,15,17,8,1,8,NA,2022-10-04T21:08:09Z
Self-Propelled Anti-Tank Missile Systems,Ukraine,https://upload.wikimedia.org/wikipedia/commons/thumb/a/a9/Flag_of_the_Soviet_Union.svg/23px-Flag_of_the_Soviet_Union.svg.png,9P148 Konkurs ATGM carrier,captured,https://i.postimg.cc/6ppy8PZM/975.png,15,17,8,1,8,NA,2022-10-04T21:08:09Z
Self-Propelled Anti-Tank Missile Systems,Ukraine,https://upload.wikimedia.org/wikipedia/commons/thumb/a/a9/Flag_of_the_Soviet_Union.svg/23px-Flag_of_the_Soviet_Union.svg.png,9P148 Konkurs ATGM carrier,captured,https://i.postimg.cc/59GrFQT8/87.png,15,17,8,1,8,NA,2022-10-04T21:08:09Z
Self-Propelled Anti-Tank Missile Systems,Ukraine,https://upload.wikimedia.org/wikipedia/commons/thumb/a/a9/Flag_of_the_Soviet_Union.svg/23px-Flag_of_the_Soviet_Union.svg.png,9P148 Konkurs ATGM carrier,captured,https://i.postimg.cc/pLQFR0zy/2113.jpg,15,17,8,1,8,NA,2022-10-04T21:08:09Z
Self-Propelled Anti-Tank Missile Systems,Ukraine,https://upload.wikimedia.org/wikipedia/commons/thumb/a/a9/Flag_of_the_Soviet_Union.svg/23px-Flag_of_the_Soviet_Union.svg.png,9P149 Shturm-S ATGM carrier,damaged,https://i.postimg.cc/DZ9hwS9W/49.png,2,17,8,1,8,NA,2022-10-04T21:08:09Z
Self-Propelled Anti-Tank Missile Systems,Ukraine,https://upload.wikimedia.org/wikipedia/commons/thumb/a/a9/Flag_of_the_Soviet_Union.svg/23px-Flag_of_the_Soviet_Union.svg.png,9P149 Shturm-S ATGM carrier,captured,https://i.postimg.cc/Ls6srs8R/680.png,2,17,8,1,8,NA,2022-10-04T21:08:09Z
Artillery Support Vehicles And Equipment,Ukraine,https://upload.wikimedia.org/wikipedia/commons/thumb/a/a9/Flag_of_the_Soviet_Union.svg/23px-Flag_of_the_Soviet_Union.svg.png,1V13 battery command and forward observer vehicle,destroyed,https://i.postimg.cc/9FVHcxnm/3c.png,1,12,6,NA,5,1,2022-10-04T21:08:09Z
Artillery Support Vehicles And Equipment,Ukraine,https://upload.wikimedia.org/wikipedia/commons/thumb/a/a9/Flag_of_the_Soviet_Union.svg/23px-Flag_of_the_Soviet_Union.svg.png,1V14 battery command and forward observer vehicle,destroyed,https://i.postimg.cc/bwSwXSt1/f443.png,4,12,6,NA,5,1,2022-10-04T21:08:09Z
Artillery Support Vehicles And Equipment,Ukraine,https://upload.wikimedia.org/wikipedia/commons/thumb/a/a9/Flag_of_the_Soviet_Union.svg/23px-Flag_of_the_Soviet_Union.svg.png,1V14 battery command and forward observer vehicle,destroyed,https://i.postimg.cc/Y94z13Qq/443f3.png,4,12,6,NA,5,1,2022-10-04T21:08:09Z
Artillery Support Vehicles And Equipment,Ukraine,https://upload.wikimedia.org/wikipedia/commons/thumb/a/a9/Flag_of_the_Soviet_Union.svg/23px-Flag_of_the_Soviet_Union.svg.png,1V14 battery command and forward observer vehicle,destroyed,https://postimg.cc/dDvnqyKd,4,12,6,NA,5,1,2022-10-04T21:08:09Z
Artillery Support Vehicles And Equipment,Ukraine,https://upload.wikimedia.org/wikipedia/commons/thumb/a/a9/Flag_of_the_Soviet_Union.svg/23px-Flag_of_the_Soviet_Union.svg.png,1V14 battery command and forward observer vehicle,captured,https://i.postimg.cc/MHmbxn3Q/437.png,4,12,6,NA,5,1,2022-10-04T21:08:09Z
Artillery Support Vehicles And Equipment,Ukraine,https://upload.wikimedia.org/wikipedia/commons/thumb/a/a9/Flag_of_the_Soviet_Union.svg/23px-Flag_of_the_Soviet_Union.svg.png,1V15 battery command and forward observer vehicle,captured,https://i.postimg.cc/B6Ntjgtc/77k.jpg,1,12,6,NA,5,1,2022-10-04T21:08:09Z
Artillery Support Vehicles And Equipment,Ukraine,https://upload.wikimedia.org/wikipedia/commons/thumb/a/a9/Flag_of_the_Soviet_Union.svg/23px-Flag_of_the_Soviet_Union.svg.png,1V18 'Klyon-1' artillery command and forward observer vehicle,captured,https://i.postimg.cc/15Tv1zdz/c24.png,2,12,6,NA,5,1,2022-10-04T21:08:09Z
Artillery Support Vehicles And Equipment,Ukraine,https://upload.wikimedia.org/wikipedia/commons/thumb/a/a9/Flag_of_the_Soviet_Union.svg/23px-Flag_of_the_Soviet_Union.svg.png,1V18 'Klyon-1' artillery command and forward observer vehicle,captured,https://i.postimg.cc/rpVBPfZt/430.png,2,12,6,NA,5,1,2022-10-04T21:08:09Z
Artillery Support Vehicles And Equipment,Ukraine,https://upload.wikimedia.org/wikipedia/en/thumb/a/a4/Flag_of_the_United_States.svg/23px-Flag_of_the_United_States.svg.png,AN/TPQ-36 lightweight counter mortar radar,damaged,https://twitter.com/UAWeapons/status/1505623206014636035,1,12,6,NA,5,1,2022-10-04T21:08:09Z
Artillery Support Vehicles And Equipment,Ukraine,https://upload.wikimedia.org/wikipedia/en/thumb/a/a4/Flag_of_the_United_States.svg/23px-Flag_of_the_United_States.svg.png,AN/TPQ-49 lightweight counter mortar radar,captured,https://i.postimg.cc/fRgwnrkP/d6.png,1,12,6,NA,5,1,2022-10-04T21:08:09Z
Artillery Support Vehicles And Equipment,Ukraine,https://upload.wikimedia.org/wikipedia/commons/thumb/a/a9/Flag_of_the_Soviet_Union.svg/23px-Flag_of_the_Soviet_Union.svg.png,9T452 transporter-loader (for BM-27 'Uragan' MRL),destroyed,https://i.postimg.cc/SQd62jMf/37.png,2,12,6,NA,5,1,2022-10-04T21:08:09Z
Artillery Support Vehicles And Equipment,Ukraine,https://upload.wikimedia.org/wikipedia/commons/thumb/a/a9/Flag_of_the_Soviet_Union.svg/23px-Flag_of_the_Soviet_Union.svg.png,9T452 transporter-loader (for BM-27 'Uragan' MRL),destroyed,https://twitter.com/UAWeapons/status/1519331831006511104,2,12,6,NA,5,1,2022-10-04T21:08:09Z
Towed Artillery,Ukraine,https://upload.wikimedia.org/wikipedia/commons/thumb/a/a9/Flag_of_the_Soviet_Union.svg/23px-Flag_of_the_Soviet_Union.svg.png,100mm BS-3 anti-tank gun,destroyed,https://i.postimg.cc/N0z9cFYL/325.png,3,53,32,3,11,7,2022-10-04T21:08:09Z
Towed Artillery,Ukraine,https://upload.wikimedia.org/wikipedia/commons/thumb/a/a9/Flag_of_the_Soviet_Union.svg/23px-Flag_of_the_Soviet_Union.svg.png,100mm BS-3 anti-tank gun,captured,https://i.postimg.cc/521HLsPL/b18.png,3,53,32,3,11,7,2022-10-04T21:08:09Z
Towed Artillery,Ukraine,https://upload.wikimedia.org/wikipedia/commons/thumb/a/a9/Flag_of_the_Soviet_Union.svg/23px-Flag_of_the_Soviet_Union.svg.png,100mm BS-3 anti-tank gun,captured,https://i.postimg.cc/GmqpYdTn/b19.png,3,53,32,3,11,7,2022-10-04T21:08:09Z
Towed Artillery,Ukraine,https://upload.wikimedia.org/wikipedia/commons/thumb/a/a9/Flag_of_the_Soviet_Union.svg/23px-Flag_of_the_Soviet_Union.svg.png,100mm MT-12 anti-tank gun,destroyed,https://i.postimg.cc/3x42G0DL/489.png,9,53,32,3,11,7,2022-10-04T21:08:09Z
Towed Artillery,Ukraine,https://upload.wikimedia.org/wikipedia/commons/thumb/a/a9/Flag_of_the_Soviet_Union.svg/23px-Flag_of_the_Soviet_Union.svg.png,100mm MT-12 anti-tank gun,destroyed,https://twitter.com/UAWeapons/status/1543548850559926272,9,53,32,3,11,7,2022-10-04T21:08:09Z
Towed Artillery,Ukraine,https://upload.wikimedia.org/wikipedia/commons/thumb/a/a9/Flag_of_the_Soviet_Union.svg/23px-Flag_of_the_Soviet_Union.svg.png,100mm MT-12 anti-tank gun,damaged,https://twitter.com/UAWeapons/status/1543548850559926272,9,53,32,3,11,7,2022-10-04T21:08:09Z
Towed Artillery,Ukraine,https://upload.wikimedia.org/wikipedia/commons/thumb/a/a9/Flag_of_the_Soviet_Union.svg/23px-Flag_of_the_Soviet_Union.svg.png,100mm MT-12 anti-tank gun,abandoned,https://i.postimg.cc/MGrVpjLq/n2.png,9,53,32,3,11,7,2022-10-04T21:08:09Z
Towed Artillery,Ukraine,https://upload.wikimedia.org/wikipedia/commons/thumb/a/a9/Flag_of_the_Soviet_Union.svg/23px-Flag_of_the_Soviet_Union.svg.png,100mm MT-12 anti-tank gun,captured,https://twitter.com/UAWeapons/status/1543548850559926272,9,53,32,3,11,7,2022-10-04T21:08:09Z
Towed Artillery,Ukraine,https://upload.wikimedia.org/wikipedia/commons/thumb/a/a9/Flag_of_the_Soviet_Union.svg/23px-Flag_of_the_Soviet_Union.svg.png,100mm MT-12 anti-tank gun,captured,https://i.postimg.cc/rwkdKVj0/g5d.png,9,53,32,3,11,7,2022-10-04T21:08:09Z
Towed Artillery,Ukraine,https://upload.wikimedia.org/wikipedia/commons/thumb/a/a9/Flag_of_the_Soviet_Union.svg/23px-Flag_of_the_Soviet_Union.svg.png,100mm MT-12 anti-tank gun,captured,https://i.postimg.cc/kX1Fgtzm/542f.png,9,53,32,3,11,7,2022-10-04T21:08:09Z
Towed Artillery,Ukraine,https://upload.wikimedia.org/wikipedia/commons/thumb/a/a9/Flag_of_the_Soviet_Union.svg/23px-Flag_of_the_Soviet_Union.svg.png,100mm MT-12 anti-tank gun,captured,https://i.postimg.cc/ZqBJT7JB/43.png,9,53,32,3,11,7,2022-10-04T21:08:09Z
Towed Artillery,Ukraine,https://upload.wikimedia.org/wikipedia/commons/thumb/a/a9/Flag_of_the_Soviet_Union.svg/23px-Flag_of_the_Soviet_Union.svg.png,100mm MT-12 anti-tank gun,captured,https://twitter.com/UAWeapons/status/1561047885692780546,9,53,32,3,11,7,2022-10-04T21:08:09Z
Towed Artillery,Ukraine,https://upload.wikimedia.org/wikipedia/en/thumb/a/ae/Flag_of_the_United_Kingdom.svg/23px-Flag_of_the_United_Kingdom.svg.png,105mm L119 howitzer,damaged,https://i.postimg.cc/CxyRM7P0/2001-L119-dmg.jpg,1,53,32,3,11,7,2022-10-04T21:08:09Z
Towed Artillery,Ukraine,https://upload.wikimedia.org/wikipedia/commons/thumb/a/a9/Flag_of_the_Soviet_Union.svg/23px-Flag_of_the_Soviet_Union.svg.png,122mm D-30 howitzer,captured,https://i.postimg.cc/qRFHDJzm/653.png,1,53,32,3,11,7,2022-10-04T21:08:09Z
Towed Artillery,Ukraine,https://upload.wikimedia.org/wikipedia/commons/thumb/a/a9/Flag_of_the_Soviet_Union.svg/23px-Flag_of_the_Soviet_Union.svg.png,152mm D-20 gun-howitzer,destroyed,https://i.postimg.cc/mrBgqrfC/g5.jpg,2,53,32,3,11,7,2022-10-04T21:08:09Z
Towed Artillery,Ukraine,https://upload.wikimedia.org/wikipedia/commons/thumb/a/a9/Flag_of_the_Soviet_Union.svg/23px-Flag_of_the_Soviet_Union.svg.png,152mm D-20 gun-howitzer,captured,https://i.postimg.cc/WbSVYSNM/b18.png,2,53,32,3,11,7,2022-10-04T21:08:09Z
Towed Artillery,Ukraine,https://upload.wikimedia.org/wikipedia/commons/thumb/a/a9/Flag_of_the_Soviet_Union.svg/23px-Flag_of_the_Soviet_Union.svg.png,152mm 2A36 Giatsint-B field-gun,abandoned,https://i.postimg.cc/65WyTWGL/g43g.png,10,53,32,3,11,7,2022-10-04T21:08:09Z
Towed Artillery,Ukraine,https://upload.wikimedia.org/wikipedia/commons/thumb/a/a9/Flag_of_the_Soviet_Union.svg/23px-Flag_of_the_Soviet_Union.svg.png,152mm 2A36 Giatsint-B field-gun,abandoned,https://i.postimg.cc/65WyTWGL/g43g.png,10,53,32,3,11,7,2022-10-04T21:08:09Z
Towed Artillery,Ukraine,https://upload.wikimedia.org/wikipedia/commons/thumb/a/a9/Flag_of_the_Soviet_Union.svg/23px-Flag_of_the_Soviet_Union.svg.png,152mm 2A36 Giatsint-B field-gun,abandoned,https://i.postimg.cc/65WyTWGL/g43g.png,10,53,32,3,11,7,2022-10-04T21:08:09Z
Towed Artillery,Ukraine,https://upload.wikimedia.org/wikipedia/commons/thumb/a/a9/Flag_of_the_Soviet_Union.svg/23px-Flag_of_the_Soviet_Union.svg.png,152mm 2A36 Giatsint-B field-gun,abandoned,https://i.postimg.cc/65WyTWGL/g43g.png,10,53,32,3,11,7,2022-10-04T21:08:09Z
Towed Artillery,Ukraine,https://upload.wikimedia.org/wikipedia/commons/thumb/a/a9/Flag_of_the_Soviet_Union.svg/23px-Flag_of_the_Soviet_Union.svg.png,152mm 2A36 Giatsint-B field-gun,abandoned,https://i.postimg.cc/65WyTWGL/g43g.png,10,53,32,3,11,7,2022-10-04T21:08:09Z
Towed Artillery,Ukraine,https://upload.wikimedia.org/wikipedia/commons/thumb/a/a9/Flag_of_the_Soviet_Union.svg/23px-Flag_of_the_Soviet_Union.svg.png,152mm 2A36 Giatsint-B field-gun,abandoned,https://i.postimg.cc/65WyTWGL/g43g.png,10,53,32,3,11,7,2022-10-04T21:08:09Z
Towed Artillery,Ukraine,https://upload.wikimedia.org/wikipedia/commons/thumb/a/a9/Flag_of_the_Soviet_Union.svg/23px-Flag_of_the_Soviet_Union.svg.png,152mm 2A36 Giatsint-B field-gun,abandoned,https://i.postimg.cc/65WyTWGL/g43g.png,10,53,32,3,11,7,2022-10-04T21:08:09Z
Towed Artillery,Ukraine,https://upload.wikimedia.org/wikipedia/commons/thumb/a/a9/Flag_of_the_Soviet_Union.svg/23px-Flag_of_the_Soviet_Union.svg.png,152mm 2A36 Giatsint-B field-gun,abandoned,https://i.postimg.cc/65WyTWGL/g43g.png,10,53,32,3,11,7,2022-10-04T21:08:09Z
Towed Artillery,Ukraine,https://upload.wikimedia.org/wikipedia/commons/thumb/a/a9/Flag_of_the_Soviet_Union.svg/23px-Flag_of_the_Soviet_Union.svg.png,152mm 2A36 Giatsint-B field-gun,abandoned,https://i.postimg.cc/65WyTWGL/g43g.png,10,53,32,3,11,7,2022-10-04T21:08:09Z
Towed Artillery,Ukraine,https://upload.wikimedia.org/wikipedia/commons/thumb/a/a9/Flag_of_the_Soviet_Union.svg/23px-Flag_of_the_Soviet_Union.svg.png,152mm 2A36 Giatsint-B field-gun,captured,https://twitter.com/UAWeapons/status/1545899351167352832,10,53,32,3,11,7,2022-10-04T21:08:09Z
Towed Artillery,Ukraine,https://upload.wikimedia.org/wikipedia/commons/thumb/a/a9/Flag_of_the_Soviet_Union.svg/23px-Flag_of_the_Soviet_Union.svg.png,152mm 2A65 Msta-B howitzer,abandoned,https://i.postimg.cc/zfBM7CWN/Screenshot-8227.png,3,53,32,3,11,7,2022-10-04T21:08:09Z
Towed Artillery,Ukraine,https://upload.wikimedia.org/wikipedia/commons/thumb/a/a9/Flag_of_the_Soviet_Union.svg/23px-Flag_of_the_Soviet_Union.svg.png,152mm 2A65 Msta-B howitzer,abandoned,https://i.postimg.cc/gj9TG17c/Screenshot-8228.png,3,53,32,3,11,7,2022-10-04T21:08:09Z
Towed Artillery,Ukraine,https://upload.wikimedia.org/wikipedia/commons/thumb/a/a9/Flag_of_the_Soviet_Union.svg/23px-Flag_of_the_Soviet_Union.svg.png,152mm 2A65 Msta-B howitzer,captured,https://i.postimg.cc/3Jq4jMxs/48.png,3,53,32,3,11,7,2022-10-04T21:08:09Z
Towed Artillery,Ukraine,https://upload.wikimedia.org/wikipedia/en/thumb/a/a4/Flag_of_the_United_States.svg/23px-Flag_of_the_United_States.svg.png,155mm M777A2 howitzer,destroyed,https://i.postimg.cc/5038mYyF/329.png,9,53,32,3,11,7,2022-10-04T21:08:09Z
Towed Artillery,Ukraine,https://upload.wikimedia.org/wikipedia/en/thumb/a/a4/Flag_of_the_United_States.svg/23px-Flag_of_the_United_States.svg.png,155mm M777A2 howitzer,destroyed,https://twitter.com/imp_navigator/status/1539215237139812352,9,53,32,3,11,7,2022-10-04T21:08:09Z
Towed Artillery,Ukraine,https://upload.wikimedia.org/wikipedia/en/thumb/a/a4/Flag_of_the_United_States.svg/23px-Flag_of_the_United_States.svg.png,155mm M777A2 howitzer,destroyed,https://twitter.com/imp_navigator/status/1539216203230679041,9,53,32,3,11,7,2022-10-04T21:08:09Z
Towed Artillery,Ukraine,https://upload.wikimedia.org/wikipedia/en/thumb/a/a4/Flag_of_the_United_States.svg/23px-Flag_of_the_United_States.svg.png,155mm M777A2 howitzer,destroyed,https://twitter.com/UAWeapons/status/1543640101695152130,9,53,32,3,11,7,2022-10-04T21:08:09Z
Towed Artillery,Ukraine,https://upload.wikimedia.org/wikipedia/en/thumb/a/a4/Flag_of_the_United_States.svg/23px-Flag_of_the_United_States.svg.png,155mm M777A2 howitzer,destroyed,https://twitter.com/UAWeapons/status/1547263296948027392,9,53,32,3,11,7,2022-10-04T21:08:09Z
Towed Artillery,Ukraine,https://upload.wikimedia.org/wikipedia/en/thumb/a/a4/Flag_of_the_United_States.svg/23px-Flag_of_the_United_States.svg.png,155mm M777A2 howitzer,destroyed,https://i.postimg.cc/mrFbHNbr/2000.jpg,9,53,32,3,11,7,2022-10-04T21:08:09Z
Towed Artillery,Ukraine,https://upload.wikimedia.org/wikipedia/en/thumb/a/a4/Flag_of_the_United_States.svg/23px-Flag_of_the_United_States.svg.png,155mm M777A2 howitzer,destroyed,https://i.postimg.cc/x8QXChFv/2000-m777.jpg,9,53,32,3,11,7,2022-10-04T21:08:09Z
Towed Artillery,Ukraine,https://upload.wikimedia.org/wikipedia/en/thumb/a/a4/Flag_of_the_United_States.svg/23px-Flag_of_the_United_States.svg.png,155mm M777A2 howitzer,destroyed,https://twitter.com/UAWeapons/status/1564339685337583619,9,53,32,3,11,7,2022-10-04T21:08:09Z
Towed Artillery,Ukraine,https://upload.wikimedia.org/wikipedia/en/thumb/a/a4/Flag_of_the_United_States.svg/23px-Flag_of_the_United_States.svg.png,155mm M777A2 howitzer,damaged,https://twitter.com/RALee85/status/1557298928248291330,9,53,32,3,11,7,2022-10-04T21:08:09Z
Towed Artillery,Ukraine,https://upload.wikimedia.org/wikipedia/commons/thumb/4/49/Flag_of_Ukraine.svg/23px-Flag_of_Ukraine.svg.png,Unknown towed artillery,destroyed,https://i.postimg.cc/BnNpxWwv/33.jpg,15,53,32,3,11,7,2022-10-04T21:08:09Z
Towed Artillery,Ukraine,https://upload.wikimedia.org/wikipedia/commons/thumb/4/49/Flag_of_Ukraine.svg/23px-Flag_of_Ukraine.svg.png,Unknown towed artillery,destroyed,https://i.postimg.cc/BnNpxWwv/33.jpg,15,53,32,3,11,7,2022-10-04T21:08:09Z
Towed Artillery,Ukraine,https://upload.wikimedia.org/wikipedia/commons/thumb/4/49/Flag_of_Ukraine.svg/23px-Flag_of_Ukraine.svg.png,Unknown towed artillery,destroyed,https://i.postimg.cc/nV9FvX5k/f60.jpg,15,53,32,3,11,7,2022-10-04T21:08:09Z
Towed Artillery,Ukraine,https://upload.wikimedia.org/wikipedia/commons/thumb/4/49/Flag_of_Ukraine.svg/23px-Flag_of_Ukraine.svg.png,Unknown towed artillery,destroyed,https://i.postimg.cc/nV9FvX5k/f60.jpg,15,53,32,3,11,7,2022-10-04T21:08:09Z
Towed Artillery,Ukraine,https://upload.wikimedia.org/wikipedia/commons/thumb/4/49/Flag_of_Ukraine.svg/23px-Flag_of_Ukraine.svg.png,Unknown towed artillery,destroyed,https://i.postimg.cc/T2zhHzWn/o1.jpg,15,53,32,3,11,7,2022-10-04T21:08:09Z
Towed Artillery,Ukraine,https://upload.wikimedia.org/wikipedia/commons/thumb/4/49/Flag_of_Ukraine.svg/23px-Flag_of_Ukraine.svg.png,Unknown towed artillery,destroyed,https://i.postimg.cc/662ycWT9/o2.jpg,15,53,32,3,11,7,2022-10-04T21:08:09Z
Towed Artillery,Ukraine,https://upload.wikimedia.org/wikipedia/commons/thumb/4/49/Flag_of_Ukraine.svg/23px-Flag_of_Ukraine.svg.png,Unknown towed artillery,destroyed,https://twitter.com/RALee85/status/1542517852334223362,15,53,32,3,11,7,2022-10-04T21:08:09Z
Towed Artillery,Ukraine,https://upload.wikimedia.org/wikipedia/commons/thumb/4/49/Flag_of_Ukraine.svg/23px-Flag_of_Ukraine.svg.png,Unknown towed artillery,destroyed,https://twitter.com/RALee85/status/1542517852334223362,15,53,32,3,11,7,2022-10-04T21:08:09Z
Towed Artillery,Ukraine,https://upload.wikimedia.org/wikipedia/commons/thumb/4/49/Flag_of_Ukraine.svg/23px-Flag_of_Ukraine.svg.png,Unknown towed artillery,destroyed,https://twitter.com/UAWeapons/status/1554424738914734081,15,53,32,3,11,7,2022-10-04T21:08:09Z
Towed Artillery,Ukraine,https://upload.wikimedia.org/wikipedia/commons/thumb/4/49/Flag_of_Ukraine.svg/23px-Flag_of_Ukraine.svg.png,Unknown towed artillery,destroyed,https://i.postimg.cc/pX5jvNV4/4f6.png,15,53,32,3,11,7,2022-10-04T21:08:09Z
Towed Artillery,Ukraine,https://upload.wikimedia.org/wikipedia/commons/thumb/4/49/Flag_of_Ukraine.svg/23px-Flag_of_Ukraine.svg.png,Unknown towed artillery,destroyed,https://i.postimg.cc/prsHrVQv/f327.png,15,53,32,3,11,7,2022-10-04T21:08:09Z
Towed Artillery,Ukraine,https://upload.wikimedia.org/wikipedia/commons/thumb/4/49/Flag_of_Ukraine.svg/23px-Flag_of_Ukraine.svg.png,Unknown towed artillery,damaged,https://i.postimg.cc/BnNpxWwv/33.jpg,15,53,32,3,11,7,2022-10-04T21:08:09Z
Towed Artillery,Ukraine,https://upload.wikimedia.org/wikipedia/commons/thumb/4/49/Flag_of_Ukraine.svg/23px-Flag_of_Ukraine.svg.png,Unknown towed artillery,damaged,https://i.postimg.cc/J0jdMrPN/900.jpg,15,53,32,3,11,7,2022-10-04T21:08:09Z
Towed Artillery,Ukraine,https://upload.wikimedia.org/wikipedia/commons/thumb/4/49/Flag_of_Ukraine.svg/23px-Flag_of_Ukraine.svg.png,Unknown towed artillery,damaged,https://i.postimg.cc/J0jdMrPN/900.jpg,15,53,32,3,11,7,2022-10-04T21:08:09Z
Towed Artillery,Ukraine,https://upload.wikimedia.org/wikipedia/commons/thumb/4/49/Flag_of_Ukraine.svg/23px-Flag_of_Ukraine.svg.png,Unknown towed artillery,damaged,https://i.postimg.cc/fRXrgT3b/11.png,15,53,32,3,11,7,2022-10-04T21:08:09Z
Self-Propelled Artillery,Ukraine,https://upload.wikimedia.org/wikipedia/commons/thumb/4/49/Flag_of_Ukraine.svg/23px-Flag_of_Ukraine.svg.png,120mm Bars-8MMK,destroyed,https://i.postimg.cc/vZGsCswS/438.png,2,56,30,1,15,10,2022-10-04T21:08:09Z
Self-Propelled Artillery,Ukraine,https://upload.wikimedia.org/wikipedia/commons/thumb/4/49/Flag_of_Ukraine.svg/23px-Flag_of_Ukraine.svg.png,120mm Bars-8MMK,destroyed,https://i.postimg.cc/15Y221DT/2000-Bars-8-MMK-120mm-self-propelled-mortar.png,2,56,30,1,15,10,2022-10-04T21:08:09Z
Self-Propelled Artillery,Ukraine,https://upload.wikimedia.org/wikipedia/commons/thumb/4/49/Flag_of_Ukraine.svg/23px-Flag_of_Ukraine.svg.png,120mm BTR-3M2,destroyed,https://i.postimg.cc/Dz71KNKJ/43111.png,3,56,30,1,15,10,2022-10-04T21:08:09Z
Self-Propelled Artillery,Ukraine,https://upload.wikimedia.org/wikipedia/commons/thumb/4/49/Flag_of_Ukraine.svg/23px-Flag_of_Ukraine.svg.png,120mm BTR-3M2,captured,https://i.postimg.cc/kgRrVZzb/41.png,3,56,30,1,15,10,2022-10-04T21:08:09Z
Self-Propelled Artillery,Ukraine,https://upload.wikimedia.org/wikipedia/commons/thumb/4/49/Flag_of_Ukraine.svg/23px-Flag_of_Ukraine.svg.png,120mm BTR-3M2,captured,https://i.postimg.cc/8z2b2q6g/44311.png,3,56,30,1,15,10,2022-10-04T21:08:09Z
Self-Propelled Artillery,Ukraine,https://upload.wikimedia.org/wikipedia/commons/thumb/a/a9/Flag_of_the_Soviet_Union.svg/23px-Flag_of_the_Soviet_Union.svg.png,122mm 2S1 Gvozdika,destroyed,https://i.postimg.cc/GhrFyfCw/4fhj.png,26,56,30,1,15,10,2022-10-04T21:08:09Z
Self-Propelled Artillery,Ukraine,https://upload.wikimedia.org/wikipedia/commons/thumb/a/a9/Flag_of_the_Soviet_Union.svg/23px-Flag_of_the_Soviet_Union.svg.png,122mm 2S1 Gvozdika,destroyed,https://i.postimg.cc/43cbmftq/4466.png,26,56,30,1,15,10,2022-10-04T21:08:09Z
Self-Propelled Artillery,Ukraine,https://upload.wikimedia.org/wikipedia/commons/thumb/a/a9/Flag_of_the_Soviet_Union.svg/23px-Flag_of_the_Soviet_Union.svg.png,122mm 2S1 Gvozdika,destroyed,https://i.postimg.cc/R0r6NcvQ/5577.png,26,56,30,1,15,10,2022-10-04T21:08:09Z
Self-Propelled Artillery,Ukraine,https://upload.wikimedia.org/wikipedia/commons/thumb/a/a9/Flag_of_the_Soviet_Union.svg/23px-Flag_of_the_Soviet_Union.svg.png,122mm 2S1 Gvozdika,destroyed,https://i.postimg.cc/kG6swKK7/760.png,26,56,30,1,15,10,2022-10-04T21:08:09Z
Self-Propelled Artillery,Ukraine,https://upload.wikimedia.org/wikipedia/commons/thumb/a/a9/Flag_of_the_Soviet_Union.svg/23px-Flag_of_the_Soviet_Union.svg.png,122mm 2S1 Gvozdika,destroyed,https://i.postimg.cc/tTtGQFZV/34.png,26,56,30,1,15,10,2022-10-04T21:08:09Z
Self-Propelled Artillery,Ukraine,https://upload.wikimedia.org/wikipedia/commons/thumb/a/a9/Flag_of_the_Soviet_Union.svg/23px-Flag_of_the_Soviet_Union.svg.png,122mm 2S1 Gvozdika,destroyed,https://i.postimg.cc/pX8wjYSY/32.jpg,26,56,30,1,15,10,2022-10-04T21:08:09Z
Self-Propelled Artillery,Ukraine,https://upload.wikimedia.org/wikipedia/commons/thumb/a/a9/Flag_of_the_Soviet_Union.svg/23px-Flag_of_the_Soviet_Union.svg.png,122mm 2S1 Gvozdika,destroyed,https://i.postimg.cc/HxmFmj4G/d32.png,26,56,30,1,15,10,2022-10-04T21:08:09Z
Self-Propelled Artillery,Ukraine,https://upload.wikimedia.org/wikipedia/commons/thumb/a/a9/Flag_of_the_Soviet_Union.svg/23px-Flag_of_the_Soviet_Union.svg.png,122mm 2S1 Gvozdika,destroyed,https://i.postimg.cc/mkJTxMFW/443.png,26,56,30,1,15,10,2022-10-04T21:08:09Z
Self-Propelled Artillery,Ukraine,https://upload.wikimedia.org/wikipedia/commons/thumb/a/a9/Flag_of_the_Soviet_Union.svg/23px-Flag_of_the_Soviet_Union.svg.png,122mm 2S1 Gvozdika,destroyed,https://i.postimg.cc/mkJTxMFW/443.png,26,56,30,1,15,10,2022-10-04T21:08:09Z
Self-Propelled Artillery,Ukraine,https://upload.wikimedia.org/wikipedia/commons/thumb/a/a9/Flag_of_the_Soviet_Union.svg/23px-Flag_of_the_Soviet_Union.svg.png,122mm 2S1 Gvozdika,destroyed,https://i.postimg.cc/LsWnBWxz/44f.png,26,56,30,1,15,10,2022-10-04T21:08:09Z
Self-Propelled Artillery,Ukraine,https://upload.wikimedia.org/wikipedia/commons/thumb/a/a9/Flag_of_the_Soviet_Union.svg/23px-Flag_of_the_Soviet_Union.svg.png,122mm 2S1 Gvozdika,destroyed,https://i.postimg.cc/cCSLsxC0/2001.jpg,26,56,30,1,15,10,2022-10-04T21:08:09Z
Self-Propelled Artillery,Ukraine,https://upload.wikimedia.org/wikipedia/commons/thumb/a/a9/Flag_of_the_Soviet_Union.svg/23px-Flag_of_the_Soviet_Union.svg.png,122mm 2S1 Gvozdika,destroyed,https://i.postimg.cc/FF8RdV10/h7.png,26,56,30,1,15,10,2022-10-04T21:08:09Z
Self-Propelled Artillery,Ukraine,https://upload.wikimedia.org/wikipedia/commons/thumb/a/a9/Flag_of_the_Soviet_Union.svg/23px-Flag_of_the_Soviet_Union.svg.png,122mm 2S1 Gvozdika,destroyed,https://i.postimg.cc/FF8RdV10/h7.png,26,56,30,1,15,10,2022-10-04T21:08:09Z
Self-Propelled Artillery,Ukraine,https://upload.wikimedia.org/wikipedia/commons/thumb/a/a9/Flag_of_the_Soviet_Union.svg/23px-Flag_of_the_Soviet_Union.svg.png,122mm 2S1 Gvozdika,destroyed,https://i.postimg.cc/3wSMD9GC/444.png,26,56,30,1,15,10,2022-10-04T21:08:09Z
Self-Propelled Artillery,Ukraine,https://upload.wikimedia.org/wikipedia/commons/thumb/a/a9/Flag_of_the_Soviet_Union.svg/23px-Flag_of_the_Soviet_Union.svg.png,122mm 2S1 Gvozdika,destroyed,https://twitter.com/UAWeapons/status/1569733001411444736,26,56,30,1,15,10,2022-10-04T21:08:09Z
Self-Propelled Artillery,Ukraine,https://upload.wikimedia.org/wikipedia/commons/thumb/a/a9/Flag_of_the_Soviet_Union.svg/23px-Flag_of_the_Soviet_Union.svg.png,122mm 2S1 Gvozdika,damaged,https://i.postimg.cc/TwZV2tLf/799.jpg,26,56,30,1,15,10,2022-10-04T21:08:09Z
Self-Propelled Artillery,Ukraine,https://upload.wikimedia.org/wikipedia/commons/thumb/a/a9/Flag_of_the_Soviet_Union.svg/23px-Flag_of_the_Soviet_Union.svg.png,122mm 2S1 Gvozdika,abandoned,https://i.postimg.cc/MKTfGGmK/334.png,26,56,30,1,15,10,2022-10-04T21:08:09Z
Self-Propelled Artillery,Ukraine,https://upload.wikimedia.org/wikipedia/commons/thumb/a/a9/Flag_of_the_Soviet_Union.svg/23px-Flag_of_the_Soviet_Union.svg.png,122mm 2S1 Gvozdika,captured,https://i.postimg.cc/L6z1LJRS/578.png,26,56,30,1,15,10,2022-10-04T21:08:09Z
Self-Propelled Artillery,Ukraine,https://upload.wikimedia.org/wikipedia/commons/thumb/a/a9/Flag_of_the_Soviet_Union.svg/23px-Flag_of_the_Soviet_Union.svg.png,122mm 2S1 Gvozdika,captured,https://i.postimg.cc/Pry1GzXj/49.png,26,56,30,1,15,10,2022-10-04T21:08:09Z
Self-Propelled Artillery,Ukraine,https://upload.wikimedia.org/wikipedia/commons/thumb/a/a9/Flag_of_the_Soviet_Union.svg/23px-Flag_of_the_Soviet_Union.svg.png,122mm 2S1 Gvozdika,captured,https://i.postimg.cc/dVSd3sZN/d6.png,26,56,30,1,15,10,2022-10-04T21:08:09Z
Self-Propelled Artillery,Ukraine,https://upload.wikimedia.org/wikipedia/commons/thumb/a/a9/Flag_of_the_Soviet_Union.svg/23px-Flag_of_the_Soviet_Union.svg.png,122mm 2S1 Gvozdika,captured,https://i.postimg.cc/nrk0d0M0/55.png,26,56,30,1,15,10,2022-10-04T21:08:09Z
Self-Propelled Artillery,Ukraine,https://upload.wikimedia.org/wikipedia/commons/thumb/a/a9/Flag_of_the_Soviet_Union.svg/23px-Flag_of_the_Soviet_Union.svg.png,122mm 2S1 Gvozdika,captured,https://i.postimg.cc/rFmzzNcR/Screenshot-9591.png,26,56,30,1,15,10,2022-10-04T21:08:09Z
Self-Propelled Artillery,Ukraine,https://upload.wikimedia.org/wikipedia/commons/thumb/a/a9/Flag_of_the_Soviet_Union.svg/23px-Flag_of_the_Soviet_Union.svg.png,122mm 2S1 Gvozdika,captured,https://i.postimg.cc/VLVvt0LG/Screenshot-9592.png,26,56,30,1,15,10,2022-10-04T21:08:09Z
Self-Propelled Artillery,Ukraine,https://upload.wikimedia.org/wikipedia/commons/thumb/a/a9/Flag_of_the_Soviet_Union.svg/23px-Flag_of_the_Soviet_Union.svg.png,122mm 2S1 Gvozdika,captured,https://i.postimg.cc/Hk8x9Wrp/Screenshot-9593.png,26,56,30,1,15,10,2022-10-04T21:08:09Z
Self-Propelled Artillery,Ukraine,https://upload.wikimedia.org/wikipedia/commons/thumb/a/a9/Flag_of_the_Soviet_Union.svg/23px-Flag_of_the_Soviet_Union.svg.png,122mm 2S1 Gvozdika,captured,https://postimg.cc/PPLMd7mP,26,56,30,1,15,10,2022-10-04T21:08:09Z
Self-Propelled Artillery,Ukraine,https://upload.wikimedia.org/wikipedia/commons/thumb/a/a9/Flag_of_the_Soviet_Union.svg/23px-Flag_of_the_Soviet_Union.svg.png,122mm 2S1 Gvozdika,captured,https://twitter.com/UAWeapons/status/1545899351167352832,26,56,30,1,15,10,2022-10-04T21:08:09Z
Self-Propelled Artillery,Ukraine,https://upload.wikimedia.org/wikipedia/commons/thumb/a/a9/Flag_of_the_Soviet_Union.svg/23px-Flag_of_the_Soviet_Union.svg.png,152mm 2S3 Akatsiya,destroyed,https://i.postimg.cc/wv9YQy6k/7769.jpg,9,56,30,1,15,10,2022-10-04T21:08:09Z
Self-Propelled Artillery,Ukraine,https://upload.wikimedia.org/wikipedia/commons/thumb/a/a9/Flag_of_the_Soviet_Union.svg/23px-Flag_of_the_Soviet_Union.svg.png,152mm 2S3 Akatsiya,destroyed,https://i.postimg.cc/Z5pN65LF/v5.png,9,56,30,1,15,10,2022-10-04T21:08:09Z
Self-Propelled Artillery,Ukraine,https://upload.wikimedia.org/wikipedia/commons/thumb/a/a9/Flag_of_the_Soviet_Union.svg/23px-Flag_of_the_Soviet_Union.svg.png,152mm 2S3 Akatsiya,destroyed,https://i.postimg.cc/L8VTPys4/4431.png,9,56,30,1,15,10,2022-10-04T21:08:09Z
Self-Propelled Artillery,Ukraine,https://upload.wikimedia.org/wikipedia/commons/thumb/a/a9/Flag_of_the_Soviet_Union.svg/23px-Flag_of_the_Soviet_Union.svg.png,152mm 2S3 Akatsiya,destroyed,https://i.postimg.cc/RhvrzzvT/477.png,9,56,30,1,15,10,2022-10-04T21:08:09Z
Self-Propelled Artillery,Ukraine,https://upload.wikimedia.org/wikipedia/commons/thumb/a/a9/Flag_of_the_Soviet_Union.svg/23px-Flag_of_the_Soviet_Union.svg.png,152mm 2S3 Akatsiya,destroyed,https://i.postimg.cc/hjZX3n0h/2000-2s3.jpg,9,56,30,1,15,10,2022-10-04T21:08:09Z
Self-Propelled Artillery,Ukraine,https://upload.wikimedia.org/wikipedia/commons/thumb/a/a9/Flag_of_the_Soviet_Union.svg/23px-Flag_of_the_Soviet_Union.svg.png,152mm 2S3 Akatsiya,damaged,https://twitter.com/UAWeapons/status/1541534349589454848,9,56,30,1,15,10,2022-10-04T21:08:09Z
Self-Propelled Artillery,Ukraine,https://upload.wikimedia.org/wikipedia/commons/thumb/a/a9/Flag_of_the_Soviet_Union.svg/23px-Flag_of_the_Soviet_Union.svg.png,152mm 2S3 Akatsiya,captured,https://postlmg.cc/56yhT3pX,9,56,30,1,15,10,2022-10-04T21:08:09Z
Self-Propelled Artillery,Ukraine,https://upload.wikimedia.org/wikipedia/commons/thumb/a/a9/Flag_of_the_Soviet_Union.svg/23px-Flag_of_the_Soviet_Union.svg.png,152mm 2S3 Akatsiya,captured,https://i.postimg.cc/5N7Np35V/4j.png,9,56,30,1,15,10,2022-10-04T21:08:09Z
Self-Propelled Artillery,Ukraine,https://upload.wikimedia.org/wikipedia/commons/thumb/a/a9/Flag_of_the_Soviet_Union.svg/23px-Flag_of_the_Soviet_Union.svg.png,152mm 2S3 Akatsiya,captured,https://twitter.com/UAWeapons/status/1519333255035686913,9,56,30,1,15,10,2022-10-04T21:08:09Z
Self-Propelled Artillery,Ukraine,https://upload.wikimedia.org/wikipedia/commons/thumb/a/a9/Flag_of_the_Soviet_Union.svg/23px-Flag_of_the_Soviet_Union.svg.png,152mm 2S5 Giatsint-S,destroyed,https://i.postimg.cc/PxZcfjr7/2001-2S5.png,2,56,30,1,15,10,2022-10-04T21:08:09Z
Self-Propelled Artillery,Ukraine,https://upload.wikimedia.org/wikipedia/commons/thumb/a/a9/Flag_of_the_Soviet_Union.svg/23px-Flag_of_the_Soviet_Union.svg.png,152mm 2S5 Giatsint-S,captured,https://i.postimg.cc/K857Hbg3/4f5.png,2,56,30,1,15,10,2022-10-04T21:08:09Z
Self-Propelled Artillery,Ukraine,https://upload.wikimedia.org/wikipedia/commons/thumb/a/a9/Flag_of_the_Soviet_Union.svg/23px-Flag_of_the_Soviet_Union.svg.png,152mm 2S19 Msta-S,damaged,https://i.postimg.cc/C1gj33Mx/m3.png,3,56,30,1,15,10,2022-10-04T21:08:09Z
Self-Propelled Artillery,Ukraine,https://upload.wikimedia.org/wikipedia/commons/thumb/a/a9/Flag_of_the_Soviet_Union.svg/23px-Flag_of_the_Soviet_Union.svg.png,152mm 2S19 Msta-S,damaged,https://i.postimg.cc/MTmyq9Xb/m4.png,3,56,30,1,15,10,2022-10-04T21:08:09Z
Self-Propelled Artillery,Ukraine,https://upload.wikimedia.org/wikipedia/commons/thumb/a/a9/Flag_of_the_Soviet_Union.svg/23px-Flag_of_the_Soviet_Union.svg.png,152mm 2S19 Msta-S,damaged,https://i.postimg.cc/MTmyq9Xb/m4.png,3,56,30,1,15,10,2022-10-04T21:08:09Z
Self-Propelled Artillery,Ukraine,https://upload.wikimedia.org/wikipedia/commons/thumb/d/d9/Flag_of_Norway.svg/21px-Flag_of_Norway.svg.png,155mm M109A3GN,damaged,https://twitter.com/UAWeapons/status/1534148275581894659,2,56,30,1,15,10,2022-10-04T21:08:09Z
Self-Propelled Artillery,Ukraine,https://upload.wikimedia.org/wikipedia/commons/thumb/d/d9/Flag_of_Norway.svg/21px-Flag_of_Norway.svg.png,155mm M109A3GN,damaged,https://twitter.com/UAWeapons/status/1557039445953626114,2,56,30,1,15,10,2022-10-04T21:08:09Z
Self-Propelled Artillery,Ukraine,https://upload.wikimedia.org/wikipedia/en/thumb/1/12/Flag_of_Poland.svg/23px-Flag_of_Poland.svg.png,155mm AHS Krab,destroyed,https://twitter.com/RALee85/status/1548774188806275072,2,56,30,1,15,10,2022-10-04T21:08:09Z
Self-Propelled Artillery,Ukraine,https://upload.wikimedia.org/wikipedia/en/thumb/1/12/Flag_of_Poland.svg/23px-Flag_of_Poland.svg.png,155mm AHS Krab,damaged,https://i.postimg.cc/yN7rvmF8/2000-krab-dmg.jpg,2,56,30,1,15,10,2022-10-04T21:08:09Z
Self-Propelled Artillery,Ukraine,https://upload.wikimedia.org/wikipedia/commons/thumb/a/a9/Flag_of_the_Soviet_Union.svg/23px-Flag_of_the_Soviet_Union.svg.png,203mm 2S7 Pion,destroyed,https://i.postimg.cc/6pc6knVX/4j.png,5,56,30,1,15,10,2022-10-04T21:08:09Z
Self-Propelled Artillery,Ukraine,https://upload.wikimedia.org/wikipedia/commons/thumb/a/a9/Flag_of_the_Soviet_Union.svg/23px-Flag_of_the_Soviet_Union.svg.png,203mm 2S7 Pion,destroyed,https://i.postimg.cc/bJFyLX2W/2000.jpg,5,56,30,1,15,10,2022-10-04T21:08:09Z
Self-Propelled Artillery,Ukraine,https://upload.wikimedia.org/wikipedia/commons/thumb/a/a9/Flag_of_the_Soviet_Union.svg/23px-Flag_of_the_Soviet_Union.svg.png,203mm 2S7 Pion,damaged,https://i.postimg.cc/VLs0y1LY/d34.jpg,5,56,30,1,15,10,2022-10-04T21:08:09Z
Self-Propelled Artillery,Ukraine,https://upload.wikimedia.org/wikipedia/commons/thumb/a/a9/Flag_of_the_Soviet_Union.svg/23px-Flag_of_the_Soviet_Union.svg.png,203mm 2S7 Pion,damaged,https://twitter.com/UAWeapons/status/1534866398303948801,5,56,30,1,15,10,2022-10-04T21:08:09Z
Self-Propelled Artillery,Ukraine,https://upload.wikimedia.org/wikipedia/commons/thumb/a/a9/Flag_of_the_Soviet_Union.svg/23px-Flag_of_the_Soviet_Union.svg.png,203mm 2S7 Pion,damaged,https://i.postimg.cc/J4s5tfKL/4376.png,5,56,30,1,15,10,2022-10-04T21:08:09Z
Self-Propelled Artillery,Ukraine,https://upload.wikimedia.org/wikipedia/commons/thumb/4/49/Flag_of_Ukraine.svg/23px-Flag_of_Ukraine.svg.png,Unknown SPG,destroyed,https://twitter.com/UAWeapons/status/1510694748595625984,2,56,30,1,15,10,2022-10-04T21:08:09Z
Self-Propelled Artillery,Ukraine,https://upload.wikimedia.org/wikipedia/commons/thumb/4/49/Flag_of_Ukraine.svg/23px-Flag_of_Ukraine.svg.png,Unknown SPG,destroyed,https://i.postimg.cc/bwnVnG7W/435.png,2,56,30,1,15,10,2022-10-04T21:08:09Z
Multiple Rocket Launchers,Ukraine,https://upload.wikimedia.org/wikipedia/commons/thumb/a/a9/Flag_of_the_Soviet_Union.svg/23px-Flag_of_the_Soviet_Union.svg.png,122mm BM-21 Grad,destroyed,https://i.postimg.cc/rsL2SYH9/kl.png,18,24,17,NA,7,NA,2022-10-04T21:08:09Z
Multiple Rocket Launchers,Ukraine,https://upload.wikimedia.org/wikipedia/commons/thumb/a/a9/Flag_of_the_Soviet_Union.svg/23px-Flag_of_the_Soviet_Union.svg.png,122mm BM-21 Grad,destroyed,https://i.postimg.cc/T3HfML5w/gg2.jpg,18,24,17,NA,7,NA,2022-10-04T21:08:09Z
Multiple Rocket Launchers,Ukraine,https://upload.wikimedia.org/wikipedia/commons/thumb/a/a9/Flag_of_the_Soviet_Union.svg/23px-Flag_of_the_Soviet_Union.svg.png,122mm BM-21 Grad,destroyed,https://i.postimg.cc/hjmS0DjG/gg1.jpg,18,24,17,NA,7,NA,2022-10-04T21:08:09Z
Multiple Rocket Launchers,Ukraine,https://upload.wikimedia.org/wikipedia/commons/thumb/a/a9/Flag_of_the_Soviet_Union.svg/23px-Flag_of_the_Soviet_Union.svg.png,122mm BM-21 Grad,destroyed,https://twitter.com/UAWeapons/status/1508897454040788993,18,24,17,NA,7,NA,2022-10-04T21:08:09Z
Multiple Rocket Launchers,Ukraine,https://upload.wikimedia.org/wikipedia/commons/thumb/a/a9/Flag_of_the_Soviet_Union.svg/23px-Flag_of_the_Soviet_Union.svg.png,122mm BM-21 Grad,destroyed,https://twitter.com/UAWeapons/status/1508897454040788993,18,24,17,NA,7,NA,2022-10-04T21:08:09Z
Multiple Rocket Launchers,Ukraine,https://upload.wikimedia.org/wikipedia/commons/thumb/a/a9/Flag_of_the_Soviet_Union.svg/23px-Flag_of_the_Soviet_Union.svg.png,122mm BM-21 Grad,destroyed,https://i.postimg.cc/Df9KgCX2/f1.jpg,18,24,17,NA,7,NA,2022-10-04T21:08:09Z
Multiple Rocket Launchers,Ukraine,https://upload.wikimedia.org/wikipedia/commons/thumb/a/a9/Flag_of_the_Soviet_Union.svg/23px-Flag_of_the_Soviet_Union.svg.png,122mm BM-21 Grad,destroyed,https://i.postimg.cc/y8BCqkjt/f2.jpg,18,24,17,NA,7,NA,2022-10-04T21:08:09Z
Multiple Rocket Launchers,Ukraine,https://upload.wikimedia.org/wikipedia/commons/thumb/a/a9/Flag_of_the_Soviet_Union.svg/23px-Flag_of_the_Soviet_Union.svg.png,122mm BM-21 Grad,destroyed,https://i.postimg.cc/qqxFD9hq/4311.png,18,24,17,NA,7,NA,2022-10-04T21:08:09Z
Multiple Rocket Launchers,Ukraine,https://upload.wikimedia.org/wikipedia/commons/thumb/a/a9/Flag_of_the_Soviet_Union.svg/23px-Flag_of_the_Soviet_Union.svg.png,122mm BM-21 Grad,destroyed,https://i.postimg.cc/8CwjDC2m/m1.png,18,24,17,NA,7,NA,2022-10-04T21:08:09Z
Multiple Rocket Launchers,Ukraine,https://upload.wikimedia.org/wikipedia/commons/thumb/a/a9/Flag_of_the_Soviet_Union.svg/23px-Flag_of_the_Soviet_Union.svg.png,122mm BM-21 Grad,destroyed,https://i.postimg.cc/qRzn5nN3/m2.png,18,24,17,NA,7,NA,2022-10-04T21:08:09Z
Multiple Rocket Launchers,Ukraine,https://upload.wikimedia.org/wikipedia/commons/thumb/a/a9/Flag_of_the_Soviet_Union.svg/23px-Flag_of_the_Soviet_Union.svg.png,122mm BM-21 Grad,destroyed,https://i.postimg.cc/s2YyLgv8/36.png,18,24,17,NA,7,NA,2022-10-04T21:08:09Z
Multiple Rocket Launchers,Ukraine,https://upload.wikimedia.org/wikipedia/commons/thumb/a/a9/Flag_of_the_Soviet_Union.svg/23px-Flag_of_the_Soviet_Union.svg.png,122mm BM-21 Grad,destroyed,https://i.postimg.cc/TPYYh6Qm/5g7.png,18,24,17,NA,7,NA,2022-10-04T21:08:09Z
Multiple Rocket Launchers,Ukraine,https://upload.wikimedia.org/wikipedia/commons/thumb/a/a9/Flag_of_the_Soviet_Union.svg/23px-Flag_of_the_Soviet_Union.svg.png,122mm BM-21 Grad,destroyed,https://i.postimg.cc/7ZZy77ym/2dg.png,18,24,17,NA,7,NA,2022-10-04T21:08:09Z
Multiple Rocket Launchers,Ukraine,https://upload.wikimedia.org/wikipedia/commons/thumb/a/a9/Flag_of_the_Soviet_Union.svg/23px-Flag_of_the_Soviet_Union.svg.png,122mm BM-21 Grad,destroyed,https://i.postimg.cc/2S6HBzC5/j8.png,18,24,17,NA,7,NA,2022-10-04T21:08:09Z
Multiple Rocket Launchers,Ukraine,https://upload.wikimedia.org/wikipedia/commons/thumb/a/a9/Flag_of_the_Soviet_Union.svg/23px-Flag_of_the_Soviet_Union.svg.png,122mm BM-21 Grad,destroyed,https://i.postimg.cc/527hcjHL/1.png,18,24,17,NA,7,NA,2022-10-04T21:08:09Z
Multiple Rocket Launchers,Ukraine,https://upload.wikimedia.org/wikipedia/commons/thumb/a/a9/Flag_of_the_Soviet_Union.svg/23px-Flag_of_the_Soviet_Union.svg.png,122mm BM-21 Grad,captured,https://i.postimg.cc/zfxRt8ny/m1.png,18,24,17,NA,7,NA,2022-10-04T21:08:09Z
Multiple Rocket Launchers,Ukraine,https://upload.wikimedia.org/wikipedia/commons/thumb/a/a9/Flag_of_the_Soviet_Union.svg/23px-Flag_of_the_Soviet_Union.svg.png,122mm BM-21 Grad,captured,https://i.postimg.cc/3rnRpYg6/5hj.png,18,24,17,NA,7,NA,2022-10-04T21:08:09Z
Multiple Rocket Launchers,Ukraine,https://upload.wikimedia.org/wikipedia/commons/thumb/a/a9/Flag_of_the_Soviet_Union.svg/23px-Flag_of_the_Soviet_Union.svg.png,122mm BM-21 Grad,captured,https://twitter.com/UAWeapons/status/1545899367013531650,18,24,17,NA,7,NA,2022-10-04T21:08:09Z
Multiple Rocket Launchers,Ukraine,https://upload.wikimedia.org/wikipedia/commons/thumb/4/49/Flag_of_Ukraine.svg/23px-Flag_of_Ukraine.svg.png,Bastion-1,destroyed,https://i.postimg.cc/rs1CxrWd/2000-Bastion-1.jpg,1,24,17,NA,7,NA,2022-10-04T21:08:09Z
Multiple Rocket Launchers,Ukraine,https://upload.wikimedia.org/wikipedia/commons/thumb/a/a9/Flag_of_the_Soviet_Union.svg/23px-Flag_of_the_Soviet_Union.svg.png,220mm BM-27 Uragan,destroyed,https://twitter.com/UAWeapons/status/1519331831006511104,5,24,17,NA,7,NA,2022-10-04T21:08:09Z
Multiple Rocket Launchers,Ukraine,https://upload.wikimedia.org/wikipedia/commons/thumb/a/a9/Flag_of_the_Soviet_Union.svg/23px-Flag_of_the_Soviet_Union.svg.png,220mm BM-27 Uragan,captured,https://i.postimg.cc/MpZxknr7/437.png,5,24,17,NA,7,NA,2022-10-04T21:08:09Z
Multiple Rocket Launchers,Ukraine,https://upload.wikimedia.org/wikipedia/commons/thumb/a/a9/Flag_of_the_Soviet_Union.svg/23px-Flag_of_the_Soviet_Union.svg.png,220mm BM-27 Uragan,captured,https://i.postimg.cc/MpZxknr7/437.png,5,24,17,NA,7,NA,2022-10-04T21:08:09Z
Multiple Rocket Launchers,Ukraine,https://upload.wikimedia.org/wikipedia/commons/thumb/a/a9/Flag_of_the_Soviet_Union.svg/23px-Flag_of_the_Soviet_Union.svg.png,220mm BM-27 Uragan,captured,https://i.postimg.cc/0yh6X2cL/346.png,5,24,17,NA,7,NA,2022-10-04T21:08:09Z
Multiple Rocket Launchers,Ukraine,https://upload.wikimedia.org/wikipedia/commons/thumb/a/a9/Flag_of_the_Soviet_Union.svg/23px-Flag_of_the_Soviet_Union.svg.png,220mm BM-27 Uragan,captured,https://i.postimg.cc/N0XpN0Rg/5.png,5,24,17,NA,7,NA,2022-10-04T21:08:09Z
Anti-Aircraft Guns,Ukraine,https://upload.wikimedia.org/wikipedia/commons/thumb/a/a9/Flag_of_the_Soviet_Union.svg/23px-Flag_of_the_Soviet_Union.svg.png,23mm ZU-23,captured,https://i.postimg.cc/2SDv44Hd/nm8.png,3,4,NA,NA,4,NA,2022-10-04T21:08:09Z
Anti-Aircraft Guns,Ukraine,https://upload.wikimedia.org/wikipedia/commons/thumb/a/a9/Flag_of_the_Soviet_Union.svg/23px-Flag_of_the_Soviet_Union.svg.png,23mm ZU-23,captured,https://i.postimg.cc/W1NsGMGc/480.png,3,4,NA,NA,4,NA,2022-10-04T21:08:09Z
Anti-Aircraft Guns,Ukraine,https://upload.wikimedia.org/wikipedia/commons/thumb/a/a9/Flag_of_the_Soviet_Union.svg/23px-Flag_of_the_Soviet_Union.svg.png,23mm ZU-23,captured,https://i.postimg.cc/QMmjt2Pr/21.png,3,4,NA,NA,4,NA,2022-10-04T21:08:09Z
Anti-Aircraft Guns,Ukraine,https://upload.wikimedia.org/wikipedia/commons/thumb/a/a9/Flag_of_the_Soviet_Union.svg/23px-Flag_of_the_Soviet_Union.svg.png,23mm 23 ItK 61,captured,https://twitter.com/UAWeapons/status/1566053206228074496,1,4,NA,NA,4,NA,2022-10-04T21:08:09Z
Self-Propelled Anti-Aircraft Guns,Ukraine,https://upload.wikimedia.org/wikipedia/commons/thumb/a/a9/Flag_of_the_Soviet_Union.svg/23px-Flag_of_the_Soviet_Union.svg.png,ZSU-23-4 Shilka,captured,https://i.postimg.cc/GtdHb84x/68.png,2,2,NA,NA,2,NA,2022-10-04T21:08:09Z
Self-Propelled Anti-Aircraft Guns,Ukraine,https://upload.wikimedia.org/wikipedia/commons/thumb/a/a9/Flag_of_the_Soviet_Union.svg/23px-Flag_of_the_Soviet_Union.svg.png,ZSU-23-4 Shilka,captured,https://i.postimg.cc/KcC7csQq/477.png,2,2,NA,NA,2,NA,2022-10-04T21:08:09Z
Surface-To-Air Missile Systems,Ukraine,https://upload.wikimedia.org/wikipedia/commons/thumb/a/a9/Flag_of_the_Soviet_Union.svg/23px-Flag_of_the_Soviet_Union.svg.png,9K33 Osa,destroyed,https://i.postimg.cc/wM1d9gZR/b8.png,13,46,39,1,6,NA,2022-10-04T21:08:09Z
Surface-To-Air Missile Systems,Ukraine,https://upload.wikimedia.org/wikipedia/commons/thumb/a/a9/Flag_of_the_Soviet_Union.svg/23px-Flag_of_the_Soviet_Union.svg.png,9K33 Osa,destroyed,https://i.postimg.cc/ht8yK3Lg/335.png,13,46,39,1,6,NA,2022-10-04T21:08:09Z
Surface-To-Air Missile Systems,Ukraine,https://upload.wikimedia.org/wikipedia/commons/thumb/a/a9/Flag_of_the_Soviet_Union.svg/23px-Flag_of_the_Soviet_Union.svg.png,9K33 Osa,destroyed,https://i.postimg.cc/ncjkcdJN/589.png,13,46,39,1,6,NA,2022-10-04T21:08:09Z
Surface-To-Air Missile Systems,Ukraine,https://upload.wikimedia.org/wikipedia/commons/thumb/a/a9/Flag_of_the_Soviet_Union.svg/23px-Flag_of_the_Soviet_Union.svg.png,9K33 Osa,destroyed,https://i.postimg.cc/9F6xPsMT/5547.png,13,46,39,1,6,NA,2022-10-04T21:08:09Z
Surface-To-Air Missile Systems,Ukraine,https://upload.wikimedia.org/wikipedia/commons/thumb/a/a9/Flag_of_the_Soviet_Union.svg/23px-Flag_of_the_Soviet_Union.svg.png,9K33 Osa,destroyed,https://i.postimg.cc/bNHKQS1X/d12.png,13,46,39,1,6,NA,2022-10-04T21:08:09Z
Surface-To-Air Missile Systems,Ukraine,https://upload.wikimedia.org/wikipedia/commons/thumb/a/a9/Flag_of_the_Soviet_Union.svg/23px-Flag_of_the_Soviet_Union.svg.png,9K33 Osa,destroyed,https://i.postimg.cc/d1Xpqq9t/6899.png,13,46,39,1,6,NA,2022-10-04T21:08:09Z
Surface-To-Air Missile Systems,Ukraine,https://upload.wikimedia.org/wikipedia/commons/thumb/a/a9/Flag_of_the_Soviet_Union.svg/23px-Flag_of_the_Soviet_Union.svg.png,9K33 Osa,destroyed,https://i.postimg.cc/B6Tn4rKB/447.png,13,46,39,1,6,NA,2022-10-04T21:08:09Z
Surface-To-Air Missile Systems,Ukraine,https://upload.wikimedia.org/wikipedia/commons/thumb/a/a9/Flag_of_the_Soviet_Union.svg/23px-Flag_of_the_Soviet_Union.svg.png,9K33 Osa,destroyed,https://i.postimg.cc/v8Lr9z2j/ffs.jpg,13,46,39,1,6,NA,2022-10-04T21:08:09Z
Surface-To-Air Missile Systems,Ukraine,https://upload.wikimedia.org/wikipedia/commons/thumb/a/a9/Flag_of_the_Soviet_Union.svg/23px-Flag_of_the_Soviet_Union.svg.png,9K33 Osa,destroyed,https://i.postimg.cc/BQHD7Dk7/f4.jpg,13,46,39,1,6,NA,2022-10-04T21:08:09Z
Surface-To-Air Missile Systems,Ukraine,https://upload.wikimedia.org/wikipedia/commons/thumb/a/a9/Flag_of_the_Soviet_Union.svg/23px-Flag_of_the_Soviet_Union.svg.png,9K33 Osa,destroyed,https://twitter.com/UAWeapons/status/1565031392601325572,13,46,39,1,6,NA,2022-10-04T21:08:09Z
Surface-To-Air Missile Systems,Ukraine,https://upload.wikimedia.org/wikipedia/commons/thumb/a/a9/Flag_of_the_Soviet_Union.svg/23px-Flag_of_the_Soviet_Union.svg.png,9K33 Osa,captured,https://i.postimg.cc/D0wbscB4/y8.png,13,46,39,1,6,NA,2022-10-04T21:08:09Z
Surface-To-Air Missile Systems,Ukraine,https://upload.wikimedia.org/wikipedia/commons/thumb/a/a9/Flag_of_the_Soviet_Union.svg/23px-Flag_of_the_Soviet_Union.svg.png,9K33 Osa,captured,https://i.postimg.cc/RhV6nh8X/Screenshot-8150.png,13,46,39,1,6,NA,2022-10-04T21:08:09Z
Surface-To-Air Missile Systems,Ukraine,https://upload.wikimedia.org/wikipedia/commons/thumb/a/a9/Flag_of_the_Soviet_Union.svg/23px-Flag_of_the_Soviet_Union.svg.png,9K33 Osa,captured,https://i.postimg.cc/FsVhfCLV/245.png,13,46,39,1,6,NA,2022-10-04T21:08:09Z
Surface-To-Air Missile Systems,Ukraine,https://upload.wikimedia.org/wikipedia/commons/thumb/a/a9/Flag_of_the_Soviet_Union.svg/23px-Flag_of_the_Soviet_Union.svg.png,9K35 Strela-10,destroyed,https://i.postimg.cc/pd9hFbS4/652g.png,3,46,39,1,6,NA,2022-10-04T21:08:09Z
Surface-To-Air Missile Systems,Ukraine,https://upload.wikimedia.org/wikipedia/commons/thumb/a/a9/Flag_of_the_Soviet_Union.svg/23px-Flag_of_the_Soviet_Union.svg.png,9K35 Strela-10,abandoned,https://i.postimg.cc/B61Rm1DR/b8.png,3,46,39,1,6,NA,2022-10-04T21:08:09Z
Surface-To-Air Missile Systems,Ukraine,https://upload.wikimedia.org/wikipedia/commons/thumb/a/a9/Flag_of_the_Soviet_Union.svg/23px-Flag_of_the_Soviet_Union.svg.png,9K35 Strela-10,damaged,https://postimg.cc/SYK0f1pm,3,46,39,1,6,NA,2022-10-04T21:08:09Z
Surface-To-Air Missile Systems,Ukraine,https://upload.wikimedia.org/wikipedia/commons/thumb/a/a9/Flag_of_the_Soviet_Union.svg/23px-Flag_of_the_Soviet_Union.svg.png,9A310M1 TELAR (for Buk-M1),destroyed,https://i.postimg.cc/65Hjk0rQ/5542.png,3,46,39,1,6,NA,2022-10-04T21:08:09Z
Surface-To-Air Missile Systems,Ukraine,https://upload.wikimedia.org/wikipedia/commons/thumb/a/a9/Flag_of_the_Soviet_Union.svg/23px-Flag_of_the_Soviet_Union.svg.png,9A310M1 TELAR (for Buk-M1),destroyed,https://i.postimg.cc/R0zqrJKg/3d1.png,3,46,39,1,6,NA,2022-10-04T21:08:09Z
Surface-To-Air Missile Systems,Ukraine,https://upload.wikimedia.org/wikipedia/commons/thumb/a/a9/Flag_of_the_Soviet_Union.svg/23px-Flag_of_the_Soviet_Union.svg.png,9A310M1 TELAR (for Buk-M1),destroyed,https://twitter.com/UAWeapons/status/1554548223989219330,3,46,39,1,6,NA,2022-10-04T21:08:09Z
Surface-To-Air Missile Systems,Ukraine,https://upload.wikimedia.org/wikipedia/commons/thumb/a/a9/Flag_of_the_Soviet_Union.svg/23px-Flag_of_the_Soviet_Union.svg.png,9A39M1 TEL (for Buk-M1),destroyed,https://i.postimg.cc/X7cQ0YrW/5887.png,3,46,39,1,6,NA,2022-10-04T21:08:09Z
Surface-To-Air Missile Systems,Ukraine,https://upload.wikimedia.org/wikipedia/commons/thumb/a/a9/Flag_of_the_Soviet_Union.svg/23px-Flag_of_the_Soviet_Union.svg.png,9A39M1 TEL (for Buk-M1),destroyed,https://i.postimg.cc/rw35W1rk/dd5.png,3,46,39,1,6,NA,2022-10-04T21:08:09Z
Surface-To-Air Missile Systems,Ukraine,https://upload.wikimedia.org/wikipedia/commons/thumb/a/a9/Flag_of_the_Soviet_Union.svg/23px-Flag_of_the_Soviet_Union.svg.png,9A39M1 TEL (for Buk-M1),destroyed,https://i.postimg.cc/3x2Zkk5r/2001-buk.jpg,3,46,39,1,6,NA,2022-10-04T21:08:09Z
Surface-To-Air Missile Systems,Ukraine,https://upload.wikimedia.org/wikipedia/commons/thumb/a/a9/Flag_of_the_Soviet_Union.svg/23px-Flag_of_the_Soviet_Union.svg.png,5P851A (launcher for S-300PT),destroyed,https://i.postimg.cc/SxQDMrST/la1.jpg,12,46,39,1,6,NA,2022-10-04T21:08:09Z
Surface-To-Air Missile Systems,Ukraine,https://upload.wikimedia.org/wikipedia/commons/thumb/a/a9/Flag_of_the_Soviet_Union.svg/23px-Flag_of_the_Soviet_Union.svg.png,5P851A (launcher for S-300PT),destroyed,https://i.postimg.cc/5tT3DWwT/la2.jpg,12,46,39,1,6,NA,2022-10-04T21:08:09Z
Surface-To-Air Missile Systems,Ukraine,https://upload.wikimedia.org/wikipedia/commons/thumb/a/a9/Flag_of_the_Soviet_Union.svg/23px-Flag_of_the_Soviet_Union.svg.png,5P851A (launcher for S-300PT),destroyed,https://i.postimg.cc/BnhNcKtq/la3.jpg,12,46,39,1,6,NA,2022-10-04T21:08:09Z
Surface-To-Air Missile Systems,Ukraine,https://upload.wikimedia.org/wikipedia/commons/thumb/a/a9/Flag_of_the_Soviet_Union.svg/23px-Flag_of_the_Soviet_Union.svg.png,5P851A (launcher for S-300PT),destroyed,https://i.postimg.cc/bNpR7Tty/la4.jpg,12,46,39,1,6,NA,2022-10-04T21:08:09Z
Surface-To-Air Missile Systems,Ukraine,https://upload.wikimedia.org/wikipedia/commons/thumb/a/a9/Flag_of_the_Soviet_Union.svg/23px-Flag_of_the_Soviet_Union.svg.png,5P851A (launcher for S-300PT),destroyed,https://i.postimg.cc/Gt1jhPgj/la5.jpg,12,46,39,1,6,NA,2022-10-04T21:08:09Z
Surface-To-Air Missile Systems,Ukraine,https://upload.wikimedia.org/wikipedia/commons/thumb/a/a9/Flag_of_the_Soviet_Union.svg/23px-Flag_of_the_Soviet_Union.svg.png,5P851A (launcher for S-300PT),destroyed,https://i.postimg.cc/d1CBYN61/la6.jpg,12,46,39,1,6,NA,2022-10-04T21:08:09Z
Surface-To-Air Missile Systems,Ukraine,https://upload.wikimedia.org/wikipedia/commons/thumb/a/a9/Flag_of_the_Soviet_Union.svg/23px-Flag_of_the_Soviet_Union.svg.png,5P851A (launcher for S-300PT),destroyed,https://i.postimg.cc/QCkJBBRZ/la7.jpg,12,46,39,1,6,NA,2022-10-04T21:08:09Z
Surface-To-Air Missile Systems,Ukraine,https://upload.wikimedia.org/wikipedia/commons/thumb/a/a9/Flag_of_the_Soviet_Union.svg/23px-Flag_of_the_Soviet_Union.svg.png,5P851A (launcher for S-300PT),destroyed,https://i.postimg.cc/DfqgpDmp/la8.jpg,12,46,39,1,6,NA,2022-10-04T21:08:09Z
Surface-To-Air Missile Systems,Ukraine,https://upload.wikimedia.org/wikipedia/commons/thumb/a/a9/Flag_of_the_Soviet_Union.svg/23px-Flag_of_the_Soviet_Union.svg.png,5P851A (launcher for S-300PT),destroyed,https://i.postimg.cc/5NgmbCBw/la9.jpg,12,46,39,1,6,NA,2022-10-04T21:08:09Z
Surface-To-Air Missile Systems,Ukraine,https://upload.wikimedia.org/wikipedia/commons/thumb/a/a9/Flag_of_the_Soviet_Union.svg/23px-Flag_of_the_Soviet_Union.svg.png,5P851A (launcher for S-300PT),destroyed,https://i.postimg.cc/Z5qxR5HX/la10.jpg,12,46,39,1,6,NA,2022-10-04T21:08:09Z
Surface-To-Air Missile Systems,Ukraine,https://upload.wikimedia.org/wikipedia/commons/thumb/a/a9/Flag_of_the_Soviet_Union.svg/23px-Flag_of_the_Soviet_Union.svg.png,5P851A (launcher for S-300PT),destroyed,https://i.postimg.cc/qMs5nq8R/la11.jpg,12,46,39,1,6,NA,2022-10-04T21:08:09Z
Surface-To-Air Missile Systems,Ukraine,https://upload.wikimedia.org/wikipedia/commons/thumb/a/a9/Flag_of_the_Soviet_Union.svg/23px-Flag_of_the_Soviet_Union.svg.png,5P851A (launcher for S-300PT),destroyed,https://i.postimg.cc/RZvbTmRT/la12.jpg,12,46,39,1,6,NA,2022-10-04T21:08:09Z
Surface-To-Air Missile Systems,Ukraine,https://upload.wikimedia.org/wikipedia/commons/thumb/a/a9/Flag_of_the_Soviet_Union.svg/23px-Flag_of_the_Soviet_Union.svg.png,5P85D (launcher for S-300PS),destroyed,https://i.postimg.cc/HLc1zZDd/549.png,2,46,39,1,6,NA,2022-10-04T21:08:09Z
Surface-To-Air Missile Systems,Ukraine,https://upload.wikimedia.org/wikipedia/commons/thumb/a/a9/Flag_of_the_Soviet_Union.svg/23px-Flag_of_the_Soviet_Union.svg.png,5P85D (launcher for S-300PS),captured,https://i.postimg.cc/cJJR2T2B/58kj.png,2,46,39,1,6,NA,2022-10-04T21:08:09Z
Surface-To-Air Missile Systems,Ukraine,https://upload.wikimedia.org/wikipedia/commons/thumb/a/a9/Flag_of_the_Soviet_Union.svg/23px-Flag_of_the_Soviet_Union.svg.png,5P85S (launcher for S-300PS),destroyed,https://i.postimg.cc/5NDD40Fy/39.png,6,46,39,1,6,NA,2022-10-04T21:08:09Z
Surface-To-Air Missile Systems,Ukraine,https://upload.wikimedia.org/wikipedia/commons/thumb/a/a9/Flag_of_the_Soviet_Union.svg/23px-Flag_of_the_Soviet_Union.svg.png,5P85S (launcher for S-300PS),destroyed,https://i.postimg.cc/cLVfSxKP/Screenshot-9316.png,6,46,39,1,6,NA,2022-10-04T21:08:09Z
Surface-To-Air Missile Systems,Ukraine,https://upload.wikimedia.org/wikipedia/commons/thumb/a/a9/Flag_of_the_Soviet_Union.svg/23px-Flag_of_the_Soviet_Union.svg.png,5P85S (launcher for S-300PS),destroyed,https://i.postimg.cc/cLVfSxKP/Screenshot-9316.png,6,46,39,1,6,NA,2022-10-04T21:08:09Z
Surface-To-Air Missile Systems,Ukraine,https://upload.wikimedia.org/wikipedia/commons/thumb/a/a9/Flag_of_the_Soviet_Union.svg/23px-Flag_of_the_Soviet_Union.svg.png,5P85S (launcher for S-300PS),destroyed,https://i.postimg.cc/HnLc5z38/431.jpg,6,46,39,1,6,NA,2022-10-04T21:08:09Z
Surface-To-Air Missile Systems,Ukraine,https://upload.wikimedia.org/wikipedia/commons/thumb/a/a9/Flag_of_the_Soviet_Union.svg/23px-Flag_of_the_Soviet_Union.svg.png,5P85S (launcher for S-300PS),destroyed,https://i.postimg.cc/6qTqT35d/4321.jpg,6,46,39,1,6,NA,2022-10-04T21:08:09Z
Surface-To-Air Missile Systems,Ukraine,https://upload.wikimedia.org/wikipedia/commons/thumb/a/a9/Flag_of_the_Soviet_Union.svg/23px-Flag_of_the_Soviet_Union.svg.png,5P85S (launcher for S-300PS),captured,https://i.postimg.cc/1XTDTGhS/541.png,6,46,39,1,6,NA,2022-10-04T21:08:09Z
Surface-To-Air Missile Systems,Ukraine,https://upload.wikimedia.org/wikipedia/commons/thumb/a/a9/Flag_of_the_Soviet_Union.svg/23px-Flag_of_the_Soviet_Union.svg.png,5P85D/S (launcher for S-300PS),destroyed,https://twitter.com/UAWeapons/status/1509881676180172810,4,46,39,1,6,NA,2022-10-04T21:08:09Z
Surface-To-Air Missile Systems,Ukraine,https://upload.wikimedia.org/wikipedia/commons/thumb/a/a9/Flag_of_the_Soviet_Union.svg/23px-Flag_of_the_Soviet_Union.svg.png,5P85D/S (launcher for S-300PS),destroyed,https://twitter.com/UAWeapons/status/1509881676180172810,4,46,39,1,6,NA,2022-10-04T21:08:09Z
Surface-To-Air Missile Systems,Ukraine,https://upload.wikimedia.org/wikipedia/commons/thumb/a/a9/Flag_of_the_Soviet_Union.svg/23px-Flag_of_the_Soviet_Union.svg.png,5P85D/S (launcher for S-300PS),destroyed,https://i.postimg.cc/BQx2173B/689.png,4,46,39,1,6,NA,2022-10-04T21:08:09Z
Surface-To-Air Missile Systems,Ukraine,https://upload.wikimedia.org/wikipedia/commons/thumb/a/a9/Flag_of_the_Soviet_Union.svg/23px-Flag_of_the_Soviet_Union.svg.png,5P85D/S (launcher for S-300PS),destroyed,https://twitter.com/UAWeapons/status/1522555742938664960,4,46,39,1,6,NA,2022-10-04T21:08:09Z
Surface-To-Air Missile Systems,Ukraine,https://upload.wikimedia.org/wikipedia/commons/thumb/a/a9/Flag_of_the_Soviet_Union.svg/23px-Flag_of_the_Soviet_Union.svg.png,At Hand,2021,https://www.oryxspioenkop.com/2021/06/disaster-at-hand-documenting-afghan.html,2021,46,39,1,6,NA,2022-10-04T21:08:09Z
Radars And Communications Equipment,Ukraine,https://upload.wikimedia.org/wikipedia/commons/thumb/a/a9/Flag_of_the_Soviet_Union.svg/23px-Flag_of_the_Soviet_Union.svg.png,P-14 'Tall King',damaged,https://i.postimg.cc/rpWmrPLb/57.png,1,22,12,1,7,2,2022-10-04T21:08:09Z
Radars And Communications Equipment,Ukraine,https://upload.wikimedia.org/wikipedia/commons/thumb/a/a9/Flag_of_the_Soviet_Union.svg/23px-Flag_of_the_Soviet_Union.svg.png,P-18 'Spoon Rest D',captured,https://i.postimg.cc/05C9PWrs/3270.png,1,22,12,1,7,2,2022-10-04T21:08:09Z
Radars And Communications Equipment,Ukraine,https://upload.wikimedia.org/wikipedia/commons/thumb/4/49/Flag_of_Ukraine.svg/23px-Flag_of_Ukraine.svg.png,P-18 'Malakhit',captured,https://i.postimg.cc/0yLgprHM/470.png,1,22,12,1,7,2,2022-10-04T21:08:09Z
Radars And Communications Equipment,Ukraine,https://upload.wikimedia.org/wikipedia/commons/thumb/a/a9/Flag_of_the_Soviet_Union.svg/23px-Flag_of_the_Soviet_Union.svg.png,P-19 'Flat Face B',destroyed,https://i.postimg.cc/G2SG2d2W/578.png,1,22,12,1,7,2,2022-10-04T21:08:09Z
Radars And Communications Equipment,Ukraine,https://upload.wikimedia.org/wikipedia/commons/thumb/a/a9/Flag_of_the_Soviet_Union.svg/23px-Flag_of_the_Soviet_Union.svg.png,P-35/37 'Bar Lock',destroyed,https://i.postimg.cc/WpShQwBk/5547.png,1,22,12,1,7,2,2022-10-04T21:08:09Z
Radars And Communications Equipment,Ukraine,https://upload.wikimedia.org/wikipedia/commons/thumb/a/a9/Flag_of_the_Soviet_Union.svg/23px-Flag_of_the_Soviet_Union.svg.png,PRV-11 'Side Net',captured,https://i.postimg.cc/kG7k6sVR/47.png,1,22,12,1,7,2,2022-10-04T21:08:09Z
Radars And Communications Equipment,Ukraine,https://upload.wikimedia.org/wikipedia/commons/thumb/a/a9/Flag_of_the_Soviet_Union.svg/23px-Flag_of_the_Soviet_Union.svg.png,PRV-13 'Odd Pair',destroyed,https://i.postimg.cc/pXwx79Lj/557.png,1,22,12,1,7,2,2022-10-04T21:08:09Z
Radars And Communications Equipment,Ukraine,https://upload.wikimedia.org/wikipedia/commons/thumb/a/a9/Flag_of_the_Soviet_Union.svg/23px-Flag_of_the_Soviet_Union.svg.png,1L22 'Parol',destroyed,https://i.postimg.cc/SRjk0C96/6659.png,3,22,12,1,7,2,2022-10-04T21:08:09Z
Radars And Communications Equipment,Ukraine,https://upload.wikimedia.org/wikipedia/commons/thumb/a/a9/Flag_of_the_Soviet_Union.svg/23px-Flag_of_the_Soviet_Union.svg.png,1L22 'Parol',damaged,https://postimg.cc/9Dcvz02c,3,22,12,1,7,2,2022-10-04T21:08:09Z
Radars And Communications Equipment,Ukraine,https://upload.wikimedia.org/wikipedia/commons/thumb/a/a9/Flag_of_the_Soviet_Union.svg/23px-Flag_of_the_Soviet_Union.svg.png,1L22 'Parol',captured,https://i.postimg.cc/jqHGyDrQ/390.png,3,22,12,1,7,2,2022-10-04T21:08:09Z
Radars And Communications Equipment,Ukraine,https://upload.wikimedia.org/wikipedia/commons/thumb/a/a9/Flag_of_the_Soviet_Union.svg/23px-Flag_of_the_Soviet_Union.svg.png,36D6 'Tin Shield',destroyed,https://i.postimg.cc/m2kp8gCH/4fj.png,3,22,12,1,7,2,2022-10-04T21:08:09Z
Radars And Communications Equipment,Ukraine,https://upload.wikimedia.org/wikipedia/commons/thumb/a/a9/Flag_of_the_Soviet_Union.svg/23px-Flag_of_the_Soviet_Union.svg.png,36D6 'Tin Shield',destroyed,https://i.postimg.cc/QM6YtDQ5/57.png,3,22,12,1,7,2,2022-10-04T21:08:09Z
Radars And Communications Equipment,Ukraine,https://upload.wikimedia.org/wikipedia/commons/thumb/a/a9/Flag_of_the_Soviet_Union.svg/23px-Flag_of_the_Soviet_Union.svg.png,36D6 'Tin Shield',destroyed,https://i.postimg.cc/PJzGKLv0/2002.jpg,3,22,12,1,7,2,2022-10-04T21:08:09Z
Radars And Communications Equipment,Ukraine,https://upload.wikimedia.org/wikipedia/commons/thumb/a/a9/Flag_of_the_Soviet_Union.svg/23px-Flag_of_the_Soviet_Union.svg.png,36D6 'Tin Shield',abandoned,https://i.postimg.cc/Yqssmzzz/5549.png,3,22,12,1,7,2,2022-10-04T21:08:09Z
Radars And Communications Equipment,Ukraine,https://upload.wikimedia.org/wikipedia/commons/thumb/a/a9/Flag_of_the_Soviet_Union.svg/23px-Flag_of_the_Soviet_Union.svg.png,5N63S 'Flap Lid B' (for S-300PS),destroyed,https://i.postimg.cc/HL6xTdWb/776.jpg,5,22,12,1,7,2,2022-10-04T21:08:09Z
Radars And Communications Equipment,Ukraine,https://upload.wikimedia.org/wikipedia/commons/thumb/a/a9/Flag_of_the_Soviet_Union.svg/23px-Flag_of_the_Soviet_Union.svg.png,5N63S 'Flap Lid B' (for S-300PS),destroyed,https://i.postimg.cc/J4bbwxcQ/431.png,5,22,12,1,7,2,2022-10-04T21:08:09Z
Radars And Communications Equipment,Ukraine,https://upload.wikimedia.org/wikipedia/commons/thumb/a/a9/Flag_of_the_Soviet_Union.svg/23px-Flag_of_the_Soviet_Union.svg.png,5N63S 'Flap Lid B' (for S-300PS),destroyed,https://i.postimg.cc/vHQBPwXb/43g.png,5,22,12,1,7,2,2022-10-04T21:08:09Z
Radars And Communications Equipment,Ukraine,https://upload.wikimedia.org/wikipedia/commons/thumb/a/a9/Flag_of_the_Soviet_Union.svg/23px-Flag_of_the_Soviet_Union.svg.png,5N63S 'Flap Lid B' (for S-300PS),destroyed,https://twitter.com/UAWeapons/status/1522555742938664960,5,22,12,1,7,2,2022-10-04T21:08:09Z
Radars And Communications Equipment,Ukraine,https://upload.wikimedia.org/wikipedia/commons/thumb/a/a9/Flag_of_the_Soviet_Union.svg/23px-Flag_of_the_Soviet_Union.svg.png,5N63S 'Flap Lid B' (for S-300PS),destroyed,https://i.postimg.cc/1t8xmKF8/448.png,5,22,12,1,7,2,2022-10-04T21:08:09Z
Radars And Communications Equipment,Ukraine,https://upload.wikimedia.org/wikipedia/commons/thumb/a/a9/Flag_of_the_Soviet_Union.svg/23px-Flag_of_the_Soviet_Union.svg.png,5N63-1 'Flap Lid A' on 40V6M mast (for S-300PT),captured,https://i.postimg.cc/8kvsqvdC/d7.jpg,1,22,12,1,7,2,2022-10-04T21:08:09Z
Radars And Communications Equipment,Ukraine,https://upload.wikimedia.org/wikipedia/commons/thumb/a/a9/Flag_of_the_Soviet_Union.svg/23px-Flag_of_the_Soviet_Union.svg.png,5N66M 'Clam Shell' on 40V6M mast (for S-300PT),captured,https://i.postimg.cc/yd3VHh08/564.jpg,1,22,12,1,7,2,2022-10-04T21:08:09Z
Radars And Communications Equipment,Ukraine,https://upload.wikimedia.org/wikipedia/commons/thumb/a/a9/Flag_of_the_Soviet_Union.svg/23px-Flag_of_the_Soviet_Union.svg.png,"R-410-7,5 tropospheric radio relay communication station",destroyed,https://i.postimg.cc/G2RBm0Rp/ff3.jpg,1,22,12,1,7,2,2022-10-04T21:08:09Z
Radars And Communications Equipment,Ukraine,https://upload.wikimedia.org/wikipedia/commons/thumb/a/a9/Flag_of_the_Soviet_Union.svg/23px-Flag_of_the_Soviet_Union.svg.png,SNAR-10 battlefield surveillance radar,captured,https://i.postimg.cc/c4DVgZbq/224.png,1,22,12,1,7,2,2022-10-04T21:08:09Z
Aircraft,Ukraine,https://upload.wikimedia.org/wikipedia/commons/thumb/a/a9/Flag_of_the_Soviet_Union.svg/23px-Flag_of_the_Soviet_Union.svg.png,MiG-29 fighter aircraft,destroyed,https://i.postimg.cc/XYtgd1XH/g68.png,13,50,49,NA,1,NA,2022-10-04T21:08:09Z
Aircraft,Ukraine,https://upload.wikimedia.org/wikipedia/commons/thumb/a/a9/Flag_of_the_Soviet_Union.svg/23px-Flag_of_the_Soviet_Union.svg.png,MiG-29 fighter aircraft,destroyed,https://i.postimg.cc/PJFMNfNM/p11.png,13,50,49,NA,1,NA,2022-10-04T21:08:09Z
Aircraft,Ukraine,https://upload.wikimedia.org/wikipedia/commons/thumb/a/a9/Flag_of_the_Soviet_Union.svg/23px-Flag_of_the_Soviet_Union.svg.png,MiG-29 fighter aircraft,destroyed,https://i.postimg.cc/bYGXz89F/3f.png,13,50,49,NA,1,NA,2022-10-04T21:08:09Z
Aircraft,Ukraine,https://upload.wikimedia.org/wikipedia/commons/thumb/a/a9/Flag_of_the_Soviet_Union.svg/23px-Flag_of_the_Soviet_Union.svg.png,MiG-29 fighter aircraft,destroyed,https://i.postimg.cc/tC7ZDK50/532.png,13,50,49,NA,1,NA,2022-10-04T21:08:09Z
Aircraft,Ukraine,https://upload.wikimedia.org/wikipedia/commons/thumb/a/a9/Flag_of_the_Soviet_Union.svg/23px-Flag_of_the_Soviet_Union.svg.png,MiG-29 fighter aircraft,destroyed,https://i.postimg.cc/LsbV0JrJ/224.png,13,50,49,NA,1,NA,2022-10-04T21:08:09Z
Aircraft,Ukraine,https://upload.wikimedia.org/wikipedia/commons/thumb/a/a9/Flag_of_the_Soviet_Union.svg/23px-Flag_of_the_Soviet_Union.svg.png,MiG-29 fighter aircraft,destroyed,https://i.postimg.cc/KcNhcMtc/3114.png,13,50,49,NA,1,NA,2022-10-04T21:08:09Z
Aircraft,Ukraine,https://upload.wikimedia.org/wikipedia/commons/thumb/a/a9/Flag_of_the_Soviet_Union.svg/23px-Flag_of_the_Soviet_Union.svg.png,MiG-29 fighter aircraft,destroyed,https://i.postimg.cc/3JVBTws8/p12.png,13,50,49,NA,1,NA,2022-10-04T21:08:09Z
Aircraft,Ukraine,https://upload.wikimedia.org/wikipedia/commons/thumb/a/a9/Flag_of_the_Soviet_Union.svg/23px-Flag_of_the_Soviet_Union.svg.png,MiG-29 fighter aircraft,destroyed,https://i.postimg.cc/TYpbCRPG/548.png,13,50,49,NA,1,NA,2022-10-04T21:08:09Z
Aircraft,Ukraine,https://upload.wikimedia.org/wikipedia/commons/thumb/a/a9/Flag_of_the_Soviet_Union.svg/23px-Flag_of_the_Soviet_Union.svg.png,MiG-29 fighter aircraft,destroyed,https://i.postimg.cc/k5bY36V0/4f114.png,13,50,49,NA,1,NA,2022-10-04T21:08:09Z
Aircraft,Ukraine,https://upload.wikimedia.org/wikipedia/commons/thumb/a/a9/Flag_of_the_Soviet_Union.svg/23px-Flag_of_the_Soviet_Union.svg.png,MiG-29 fighter aircraft,destroyed,https://i.postimg.cc/nLCsDSBB/542.png,13,50,49,NA,1,NA,2022-10-04T21:08:09Z
Aircraft,Ukraine,https://upload.wikimedia.org/wikipedia/commons/thumb/a/a9/Flag_of_the_Soviet_Union.svg/23px-Flag_of_the_Soviet_Union.svg.png,MiG-29 fighter aircraft,destroyed,https://i.postimg.cc/nVsqVZzK/4388.png,13,50,49,NA,1,NA,2022-10-04T21:08:09Z
Aircraft,Ukraine,https://upload.wikimedia.org/wikipedia/commons/thumb/a/a9/Flag_of_the_Soviet_Union.svg/23px-Flag_of_the_Soviet_Union.svg.png,MiG-29 fighter aircraft,destroyed,https://i.postimg.cc/bY9szz6f/6651.png,13,50,49,NA,1,NA,2022-10-04T21:08:09Z
Aircraft,Ukraine,https://upload.wikimedia.org/wikipedia/commons/thumb/a/a9/Flag_of_the_Soviet_Union.svg/23px-Flag_of_the_Soviet_Union.svg.png,MiG-29 fighter aircraft,destroyed,https://postimg.cc/dDJTZNTn,13,50,49,NA,1,NA,2022-10-04T21:08:09Z
Aircraft,Ukraine,https://upload.wikimedia.org/wikipedia/commons/thumb/a/a9/Flag_of_the_Soviet_Union.svg/23px-Flag_of_the_Soviet_Union.svg.png,Su-27 fighter aircraft,destroyed,https://i.postimg.cc/XYtMphyC/5h.png,5,50,49,NA,1,NA,2022-10-04T21:08:09Z
Aircraft,Ukraine,https://upload.wikimedia.org/wikipedia/commons/thumb/a/a9/Flag_of_the_Soviet_Union.svg/23px-Flag_of_the_Soviet_Union.svg.png,Su-27 fighter aircraft,destroyed,https://i.postimg.cc/bN1TbkjC/46.png,5,50,49,NA,1,NA,2022-10-04T21:08:09Z
Aircraft,Ukraine,https://upload.wikimedia.org/wikipedia/commons/thumb/a/a9/Flag_of_the_Soviet_Union.svg/23px-Flag_of_the_Soviet_Union.svg.png,Su-27 fighter aircraft,destroyed,https://i.postimg.cc/dQWVLThg/326.png,5,50,49,NA,1,NA,2022-10-04T21:08:09Z
Aircraft,Ukraine,https://upload.wikimedia.org/wikipedia/commons/thumb/a/a9/Flag_of_the_Soviet_Union.svg/23px-Flag_of_the_Soviet_Union.svg.png,Su-27 fighter aircraft,destroyed,https://i.postimg.cc/fR6S8HY7/4f.png,5,50,49,NA,1,NA,2022-10-04T21:08:09Z
Aircraft,Ukraine,https://upload.wikimedia.org/wikipedia/commons/thumb/a/a9/Flag_of_the_Soviet_Union.svg/23px-Flag_of_the_Soviet_Union.svg.png,Su-27 fighter aircraft,destroyed,https://i.postimg.cc/g2crXNnW/662.png,5,50,49,NA,1,NA,2022-10-04T21:08:09Z
Aircraft,Ukraine,https://upload.wikimedia.org/wikipedia/commons/thumb/a/a9/Flag_of_the_Soviet_Union.svg/23px-Flag_of_the_Soviet_Union.svg.png,Su-25 close air support aircraft,destroyed,https://i.postimg.cc/YC63jp5h/p1.png,14,50,49,NA,1,NA,2022-10-04T21:08:09Z
Aircraft,Ukraine,https://upload.wikimedia.org/wikipedia/commons/thumb/a/a9/Flag_of_the_Soviet_Union.svg/23px-Flag_of_the_Soviet_Union.svg.png,Su-25 close air support aircraft,destroyed,https://i.postimg.cc/zfqkgsNp/p2.png,14,50,49,NA,1,NA,2022-10-04T21:08:09Z
Aircraft,Ukraine,https://upload.wikimedia.org/wikipedia/commons/thumb/a/a9/Flag_of_the_Soviet_Union.svg/23px-Flag_of_the_Soviet_Union.svg.png,Su-25 close air support aircraft,destroyed,https://i.postimg.cc/rmZ7jy9j/3329.png,14,50,49,NA,1,NA,2022-10-04T21:08:09Z
Aircraft,Ukraine,https://upload.wikimedia.org/wikipedia/commons/thumb/a/a9/Flag_of_the_Soviet_Union.svg/23px-Flag_of_the_Soviet_Union.svg.png,Su-25 close air support aircraft,destroyed,https://i.postimg.cc/C5fYn87Q/542f.png,14,50,49,NA,1,NA,2022-10-04T21:08:09Z
Aircraft,Ukraine,https://upload.wikimedia.org/wikipedia/commons/thumb/a/a9/Flag_of_the_Soviet_Union.svg/23px-Flag_of_the_Soviet_Union.svg.png,Su-25 close air support aircraft,destroyed,https://i.postimg.cc/Hnv8NnNz/554.png,14,50,49,NA,1,NA,2022-10-04T21:08:09Z
Aircraft,Ukraine,https://upload.wikimedia.org/wikipedia/commons/thumb/a/a9/Flag_of_the_Soviet_Union.svg/23px-Flag_of_the_Soviet_Union.svg.png,Su-25 close air support aircraft,destroyed,https://i.postimg.cc/N09Nt886/669.png,14,50,49,NA,1,NA,2022-10-04T21:08:09Z
Aircraft,Ukraine,https://upload.wikimedia.org/wikipedia/commons/thumb/a/a9/Flag_of_the_Soviet_Union.svg/23px-Flag_of_the_Soviet_Union.svg.png,Su-25 close air support aircraft,destroyed,https://i.postimg.cc/mD8NFMTY/f5.png,14,50,49,NA,1,NA,2022-10-04T21:08:09Z
Aircraft,Ukraine,https://upload.wikimedia.org/wikipedia/commons/thumb/a/a9/Flag_of_the_Soviet_Union.svg/23px-Flag_of_the_Soviet_Union.svg.png,Su-25 close air support aircraft,destroyed,https://twitter.com/UAWeapons/status/1530942829815529474,14,50,49,NA,1,NA,2022-10-04T21:08:09Z
Aircraft,Ukraine,https://upload.wikimedia.org/wikipedia/commons/thumb/a/a9/Flag_of_the_Soviet_Union.svg/23px-Flag_of_the_Soviet_Union.svg.png,Su-25 close air support aircraft,destroyed,https://i.postimg.cc/sxysJGKk/58.png,14,50,49,NA,1,NA,2022-10-04T21:08:09Z
Aircraft,Ukraine,https://upload.wikimedia.org/wikipedia/commons/thumb/a/a9/Flag_of_the_Soviet_Union.svg/23px-Flag_of_the_Soviet_Union.svg.png,Su-25 close air support aircraft,destroyed,https://i.postimg.cc/5tmrhZrn/2001.jpg,14,50,49,NA,1,NA,2022-10-04T21:08:09Z
Aircraft,Ukraine,https://upload.wikimedia.org/wikipedia/commons/thumb/a/a9/Flag_of_the_Soviet_Union.svg/23px-Flag_of_the_Soviet_Union.svg.png,Su-25 close air support aircraft,destroyed,https://i.postimg.cc/BZhbRRp1/7762.png,14,50,49,NA,1,NA,2022-10-04T21:08:09Z
Aircraft,Ukraine,https://upload.wikimedia.org/wikipedia/commons/thumb/a/a9/Flag_of_the_Soviet_Union.svg/23px-Flag_of_the_Soviet_Union.svg.png,Su-25 close air support aircraft,destroyed,https://i.postimg.cc/2ym06SYn/229.png,14,50,49,NA,1,NA,2022-10-04T21:08:09Z
Aircraft,Ukraine,https://upload.wikimedia.org/wikipedia/commons/thumb/a/a9/Flag_of_the_Soviet_Union.svg/23px-Flag_of_the_Soviet_Union.svg.png,Su-25 close air support aircraft,destroyed,https://twitter.com/UAWeapons/status/1571914761344012288,14,50,49,NA,1,NA,2022-10-04T21:08:09Z
Aircraft,Ukraine,https://upload.wikimedia.org/wikipedia/commons/thumb/a/a9/Flag_of_the_Soviet_Union.svg/23px-Flag_of_the_Soviet_Union.svg.png,Su-25 close air support aircraft,damaged,https://twitter.com/UAWeapons/status/1506317219000721412,14,50,49,NA,1,NA,2022-10-04T21:08:09Z
Aircraft,Ukraine,https://upload.wikimedia.org/wikipedia/commons/thumb/a/a9/Flag_of_the_Soviet_Union.svg/23px-Flag_of_the_Soviet_Union.svg.png,Su-24M strike aircraft,destroyed,https://i.postimg.cc/L85FXF1d/7999.png,11,50,49,NA,1,NA,2022-10-04T21:08:09Z
Aircraft,Ukraine,https://upload.wikimedia.org/wikipedia/commons/thumb/a/a9/Flag_of_the_Soviet_Union.svg/23px-Flag_of_the_Soviet_Union.svg.png,Su-24M strike aircraft,destroyed,https://i.postimg.cc/wM3HJxdb/3260.png,11,50,49,NA,1,NA,2022-10-04T21:08:09Z
Aircraft,Ukraine,https://upload.wikimedia.org/wikipedia/commons/thumb/a/a9/Flag_of_the_Soviet_Union.svg/23px-Flag_of_the_Soviet_Union.svg.png,Su-24M strike aircraft,destroyed,https://i.postimg.cc/RhpmNb6K/531.png,11,50,49,NA,1,NA,2022-10-04T21:08:09Z
Aircraft,Ukraine,https://upload.wikimedia.org/wikipedia/commons/thumb/a/a9/Flag_of_the_Soviet_Union.svg/23px-Flag_of_the_Soviet_Union.svg.png,Su-24M strike aircraft,destroyed,https://i.postimg.cc/htJYmC3s/29.png,11,50,49,NA,1,NA,2022-10-04T21:08:09Z
Aircraft,Ukraine,https://upload.wikimedia.org/wikipedia/commons/thumb/a/a9/Flag_of_the_Soviet_Union.svg/23px-Flag_of_the_Soviet_Union.svg.png,Su-24M strike aircraft,destroyed,https://i.postimg.cc/hGtH70n0/531.png,11,50,49,NA,1,NA,2022-10-04T21:08:09Z
Aircraft,Ukraine,https://upload.wikimedia.org/wikipedia/commons/thumb/a/a9/Flag_of_the_Soviet_Union.svg/23px-Flag_of_the_Soviet_Union.svg.png,Su-24M strike aircraft,destroyed,https://i.postimg.cc/sx4cct9G/531.png,11,50,49,NA,1,NA,2022-10-04T21:08:09Z
Aircraft,Ukraine,https://upload.wikimedia.org/wikipedia/commons/thumb/a/a9/Flag_of_the_Soviet_Union.svg/23px-Flag_of_the_Soviet_Union.svg.png,Su-24M strike aircraft,destroyed,https://i.postimg.cc/nVQQVmKN/398.png,11,50,49,NA,1,NA,2022-10-04T21:08:09Z
Aircraft,Ukraine,https://upload.wikimedia.org/wikipedia/commons/thumb/a/a9/Flag_of_the_Soviet_Union.svg/23px-Flag_of_the_Soviet_Union.svg.png,Su-24M strike aircraft,destroyed,https://i.postimg.cc/0jF7pNht/27.png,11,50,49,NA,1,NA,2022-10-04T21:08:09Z
Aircraft,Ukraine,https://upload.wikimedia.org/wikipedia/commons/thumb/a/a9/Flag_of_the_Soviet_Union.svg/23px-Flag_of_the_Soviet_Union.svg.png,Su-24M strike aircraft,destroyed,https://i.postimg.cc/8k69sX9b/6652.png,11,50,49,NA,1,NA,2022-10-04T21:08:09Z
Aircraft,Ukraine,https://upload.wikimedia.org/wikipedia/commons/thumb/a/a9/Flag_of_the_Soviet_Union.svg/23px-Flag_of_the_Soviet_Union.svg.png,Su-24M strike aircraft,destroyed,https://twitter.com/UAWeapons/status/1539926975975985154,11,50,49,NA,1,NA,2022-10-04T21:08:09Z
Aircraft,Ukraine,https://upload.wikimedia.org/wikipedia/commons/thumb/a/a9/Flag_of_the_Soviet_Union.svg/23px-Flag_of_the_Soviet_Union.svg.png,Su-24M strike aircraft,destroyed,https://i.postimg.cc/wv4ZVYw4/518.png,11,50,49,NA,1,NA,2022-10-04T21:08:09Z
Aircraft,Ukraine,https://upload.wikimedia.org/wikipedia/commons/thumb/c/cb/Flag_of_the_Czech_Republic.svg/23px-Flag_of_the_Czech_Republic.svg.png,L-39 jet trainer/light attack aircraft,destroyed,https://i.postimg.cc/zf2nkrpX/3325.png,1,50,49,NA,1,NA,2022-10-04T21:08:09Z
Aircraft,Ukraine,https://upload.wikimedia.org/wikipedia/commons/thumb/c/cb/Flag_of_the_Czech_Republic.svg/23px-Flag_of_the_Czech_Republic.svg.png,L-39 jet trainer/light attack aircraft,destroyed,https://postimg.cc/Yv4vWrgH,1,50,49,NA,1,NA,2022-10-04T21:08:09Z
Aircraft,Ukraine,https://upload.wikimedia.org/wikipedia/commons/thumb/4/49/Flag_of_Ukraine.svg/23px-Flag_of_Ukraine.svg.png,Unknown fighter aircraft,destroyed,https://i.postimg.cc/zvCP7KWc/578.png,1,50,49,NA,1,NA,2022-10-04T21:08:09Z
Aircraft,Ukraine,https://upload.wikimedia.org/wikipedia/commons/thumb/a/a9/Flag_of_the_Soviet_Union.svg/23px-Flag_of_the_Soviet_Union.svg.png,Il-76 transport aircraft,destroyed,https://twitter.com/Gerjon_/status/1511286171145494531,2,50,49,NA,1,NA,2022-10-04T21:08:09Z
Aircraft,Ukraine,https://upload.wikimedia.org/wikipedia/commons/thumb/a/a9/Flag_of_the_Soviet_Union.svg/23px-Flag_of_the_Soviet_Union.svg.png,Il-76 transport aircraft,captured,https://postlmg.cc/ThyCtysH,2,50,49,NA,1,NA,2022-10-04T21:08:09Z
Aircraft,Ukraine,https://upload.wikimedia.org/wikipedia/commons/thumb/a/a9/Flag_of_the_Soviet_Union.svg/23px-Flag_of_the_Soviet_Union.svg.png,An-26 transport aircraft,destroyed,https://i.postimg.cc/rmdB2PLQ/489.png,2,50,49,NA,1,NA,2022-10-04T21:08:09Z
Aircraft,Ukraine,https://upload.wikimedia.org/wikipedia/commons/thumb/a/a9/Flag_of_the_Soviet_Union.svg/23px-Flag_of_the_Soviet_Union.svg.png,An-26 transport aircraft,destroyed,https://i.postimg.cc/qMX7RHPS/477.png,2,50,49,NA,1,NA,2022-10-04T21:08:09Z
Helicopters,Ukraine,https://upload.wikimedia.org/wikipedia/commons/thumb/a/a9/Flag_of_the_Soviet_Union.svg/23px-Flag_of_the_Soviet_Union.svg.png,Mi-2 training helicopter,captured,https://i.postimg.cc/htNmVbzn/887.png,3,15,12,NA,3,NA,2022-10-04T21:08:09Z
Helicopters,Ukraine,https://upload.wikimedia.org/wikipedia/commons/thumb/a/a9/Flag_of_the_Soviet_Union.svg/23px-Flag_of_the_Soviet_Union.svg.png,Mi-2 training helicopter,captured,https://i.postimg.cc/htNmVbzn/887.png,3,15,12,NA,3,NA,2022-10-04T21:08:09Z
Helicopters,Ukraine,https://upload.wikimedia.org/wikipedia/commons/thumb/a/a9/Flag_of_the_Soviet_Union.svg/23px-Flag_of_the_Soviet_Union.svg.png,Mi-2 training helicopter,captured,https://i.postimg.cc/htNmVbzn/887.png,3,15,12,NA,3,NA,2022-10-04T21:08:09Z
Helicopters,Ukraine,https://upload.wikimedia.org/wikipedia/commons/thumb/a/a9/Flag_of_the_Soviet_Union.svg/23px-Flag_of_the_Soviet_Union.svg.png,Mi-8 transport helicopter,destroyed,https://i.postimg.cc/yxM7bWpG/52.png,8,15,12,NA,3,NA,2022-10-04T21:08:09Z
Helicopters,Ukraine,https://upload.wikimedia.org/wikipedia/commons/thumb/a/a9/Flag_of_the_Soviet_Union.svg/23px-Flag_of_the_Soviet_Union.svg.png,Mi-8 transport helicopter,destroyed,https://i.postimg.cc/J4BTqK7h/694.png,8,15,12,NA,3,NA,2022-10-04T21:08:09Z
Helicopters,Ukraine,https://upload.wikimedia.org/wikipedia/commons/thumb/a/a9/Flag_of_the_Soviet_Union.svg/23px-Flag_of_the_Soviet_Union.svg.png,Mi-8 transport helicopter,destroyed,https://i.postimg.cc/FKpXBSV7/79.png,8,15,12,NA,3,NA,2022-10-04T21:08:09Z
Helicopters,Ukraine,https://upload.wikimedia.org/wikipedia/commons/thumb/a/a9/Flag_of_the_Soviet_Union.svg/23px-Flag_of_the_Soviet_Union.svg.png,Mi-8 transport helicopter,destroyed,https://i.postimg.cc/wBW5vCQw/3d6.png,8,15,12,NA,3,NA,2022-10-04T21:08:09Z
Helicopters,Ukraine,https://upload.wikimedia.org/wikipedia/commons/thumb/a/a9/Flag_of_the_Soviet_Union.svg/23px-Flag_of_the_Soviet_Union.svg.png,Mi-8 transport helicopter,destroyed,https://i.postimg.cc/wBW5vCQw/3d6.png,8,15,12,NA,3,NA,2022-10-04T21:08:09Z
Helicopters,Ukraine,https://upload.wikimedia.org/wikipedia/commons/thumb/a/a9/Flag_of_the_Soviet_Union.svg/23px-Flag_of_the_Soviet_Union.svg.png,Mi-8 transport helicopter,destroyed,https://twitter.com/UAWeapons/status/1515301572137435140,8,15,12,NA,3,NA,2022-10-04T21:08:09Z
Helicopters,Ukraine,https://upload.wikimedia.org/wikipedia/commons/thumb/a/a9/Flag_of_the_Soviet_Union.svg/23px-Flag_of_the_Soviet_Union.svg.png,Mi-8 transport helicopter,destroyed,https://twitter.com/UAWeapons/status/1561317728522276864,8,15,12,NA,3,NA,2022-10-04T21:08:09Z
Helicopters,Ukraine,https://upload.wikimedia.org/wikipedia/commons/thumb/a/a9/Flag_of_the_Soviet_Union.svg/23px-Flag_of_the_Soviet_Union.svg.png,Mi-8 transport helicopter,destroyed,https://i.postimg.cc/136TTS48/1887.png,8,15,12,NA,3,NA,2022-10-04T21:08:09Z
Helicopters,Ukraine,https://upload.wikimedia.org/wikipedia/commons/thumb/a/a9/Flag_of_the_Soviet_Union.svg/23px-Flag_of_the_Soviet_Union.svg.png,Mi-14 maritime helicopter,destroyed,https://i.postimg.cc/L8sSGDpF/26.png,1,15,12,NA,3,NA,2022-10-04T21:08:09Z
Helicopters,Ukraine,https://upload.wikimedia.org/wikipedia/commons/thumb/a/a9/Flag_of_the_Soviet_Union.svg/23px-Flag_of_the_Soviet_Union.svg.png,Mi-24P attack helicopter,destroyed,https://i.postimg.cc/3xT0zpGZ/54.png,2,15,12,NA,3,NA,2022-10-04T21:08:09Z
Helicopters,Ukraine,https://upload.wikimedia.org/wikipedia/commons/thumb/a/a9/Flag_of_the_Soviet_Union.svg/23px-Flag_of_the_Soviet_Union.svg.png,Mi-24P attack helicopter,destroyed,https://i.postimg.cc/s2h82Dr3/332.png,2,15,12,NA,3,NA,2022-10-04T21:08:09Z
Helicopters,Ukraine,https://upload.wikimedia.org/wikipedia/commons/thumb/a/a9/Flag_of_the_Soviet_Union.svg/23px-Flag_of_the_Soviet_Union.svg.png,Mi-24 attack helicopter,destroyed,https://i.postimg.cc/N0fx6ym4/2s.png,1,15,12,NA,3,NA,2022-10-04T21:08:09Z
Unmanned Aerial Vehicles,Ukraine,https://upload.wikimedia.org/wikipedia/commons/thumb/4/49/Flag_of_Ukraine.svg/23px-Flag_of_Ukraine.svg.png,A1-SM Fury reconnaissance UAV,destroyed,https://i.postimg.cc/hGnpzJdF/4f0.png,8,36,26,NA,10,NA,2022-10-04T21:08:09Z
Unmanned Aerial Vehicles,Ukraine,https://upload.wikimedia.org/wikipedia/commons/thumb/4/49/Flag_of_Ukraine.svg/23px-Flag_of_Ukraine.svg.png,A1-SM Fury reconnaissance UAV,destroyed,https://i.postimg.cc/KvBkj4zY/554.png,8,36,26,NA,10,NA,2022-10-04T21:08:09Z
Unmanned Aerial Vehicles,Ukraine,https://upload.wikimedia.org/wikipedia/commons/thumb/4/49/Flag_of_Ukraine.svg/23px-Flag_of_Ukraine.svg.png,A1-SM Fury reconnaissance UAV,destroyed,https://i.postimg.cc/c4gpDpFx/488.png,8,36,26,NA,10,NA,2022-10-04T21:08:09Z
Unmanned Aerial Vehicles,Ukraine,https://upload.wikimedia.org/wikipedia/commons/thumb/4/49/Flag_of_Ukraine.svg/23px-Flag_of_Ukraine.svg.png,A1-SM Fury reconnaissance UAV,destroyed,https://twitter.com/UAWeapons/status/1535015023776522252,8,36,26,NA,10,NA,2022-10-04T21:08:09Z
Unmanned Aerial Vehicles,Ukraine,https://upload.wikimedia.org/wikipedia/commons/thumb/4/49/Flag_of_Ukraine.svg/23px-Flag_of_Ukraine.svg.png,A1-SM Fury reconnaissance UAV,destroyed,https://twitter.com/UAWeapons/status/1574027418280542208,8,36,26,NA,10,NA,2022-10-04T21:08:09Z
Unmanned Aerial Vehicles,Ukraine,https://upload.wikimedia.org/wikipedia/commons/thumb/4/49/Flag_of_Ukraine.svg/23px-Flag_of_Ukraine.svg.png,A1-SM Fury reconnaissance UAV,captured,https://i.postimg.cc/wj96QDhY/317.png,8,36,26,NA,10,NA,2022-10-04T21:08:09Z
Unmanned Aerial Vehicles,Ukraine,https://upload.wikimedia.org/wikipedia/commons/thumb/4/49/Flag_of_Ukraine.svg/23px-Flag_of_Ukraine.svg.png,A1-SM Fury reconnaissance UAV,captured,https://i.postimg.cc/NFtSQZQN/3d5.png,8,36,26,NA,10,NA,2022-10-04T21:08:09Z
Unmanned Aerial Vehicles,Ukraine,https://upload.wikimedia.org/wikipedia/commons/thumb/4/49/Flag_of_Ukraine.svg/23px-Flag_of_Ukraine.svg.png,A1-SM Fury reconnaissance UAV,captured,https://i.postimg.cc/zXLjKRdV/2001-A1-SM-Fury.jpg,8,36,26,NA,10,NA,2022-10-04T21:08:09Z
Unmanned Aerial Vehicles,Ukraine,https://upload.wikimedia.org/wikipedia/commons/thumb/4/49/Flag_of_Ukraine.svg/23px-Flag_of_Ukraine.svg.png,UJ-22 reconnaissance UAV,destroyed,https://i.postimg.cc/59D7MfKX/3351.png,1,36,26,NA,10,NA,2022-10-04T21:08:09Z
Unmanned Aerial Vehicles,Ukraine,https://upload.wikimedia.org/wikipedia/commons/thumb/4/49/Flag_of_Ukraine.svg/23px-Flag_of_Ukraine.svg.png,Leleka-100 reconnaissance UAV,destroyed,https://i.postimg.cc/4dbNf3bs/42.jpg,3,36,26,NA,10,NA,2022-10-04T21:08:09Z
Unmanned Aerial Vehicles,Ukraine,https://upload.wikimedia.org/wikipedia/commons/thumb/4/49/Flag_of_Ukraine.svg/23px-Flag_of_Ukraine.svg.png,Leleka-100 reconnaissance UAV,captured,https://i.postimg.cc/Nj2txW1y/d4.png,3,36,26,NA,10,NA,2022-10-04T21:08:09Z
Unmanned Aerial Vehicles,Ukraine,https://upload.wikimedia.org/wikipedia/commons/thumb/4/49/Flag_of_Ukraine.svg/23px-Flag_of_Ukraine.svg.png,Leleka-100 reconnaissance UAV,captured,https://i.postimg.cc/J7NmcVwY/6653.jpg,3,36,26,NA,10,NA,2022-10-04T21:08:09Z
Unmanned Aerial Vehicles,Ukraine,https://upload.wikimedia.org/wikipedia/commons/thumb/4/49/Flag_of_Ukraine.svg/23px-Flag_of_Ukraine.svg.png,Spaitech Sparrow reconnaissance UAV,captured,https://i.postimg.cc/D090Ds6d/d138.jpg,1,36,26,NA,10,NA,2022-10-04T21:08:09Z
Unmanned Aerial Vehicles,Ukraine,https://upload.wikimedia.org/wikipedia/commons/thumb/4/49/Flag_of_Ukraine.svg/23px-Flag_of_Ukraine.svg.png,Spectator-M1 reconnaissance UAV,destroyed,https://i.postimg.cc/dQG4GwTW/2001-Spectator-M1.jpg,2,36,26,NA,10,NA,2022-10-04T21:08:09Z
Unmanned Aerial Vehicles,Ukraine,https://upload.wikimedia.org/wikipedia/commons/thumb/4/49/Flag_of_Ukraine.svg/23px-Flag_of_Ukraine.svg.png,Spectator-M1 reconnaissance UAV,captured,https://i.postimg.cc/TwfHPPLT/55.png,2,36,26,NA,10,NA,2022-10-04T21:08:09Z
Unmanned Aerial Vehicles,Ukraine,https://upload.wikimedia.org/wikipedia/commons/thumb/4/49/Flag_of_Ukraine.svg/23px-Flag_of_Ukraine.svg.png,PD-1 multipurpose UAV,captured,https://twitter.com/UAWeapons/status/1572329524532072451,1,36,26,NA,10,NA,2022-10-04T21:08:09Z
Unmanned Aerial Vehicles,Ukraine,https://upload.wikimedia.org/wikipedia/en/thumb/1/12/Flag_of_Poland.svg/23px-Flag_of_Poland.svg.png,FlyEye reconnaissance UAV,destroyed,https://i.postimg.cc/R008sKJv/6599.png,2,36,26,NA,10,NA,2022-10-04T21:08:09Z
Unmanned Aerial Vehicles,Ukraine,https://upload.wikimedia.org/wikipedia/en/thumb/1/12/Flag_of_Poland.svg/23px-Flag_of_Poland.svg.png,FlyEye reconnaissance UAV,destroyed,https://i.postimg.cc/nrJ9rVL3/588.png,2,36,26,NA,10,NA,2022-10-04T21:08:09Z
Unmanned Aerial Vehicles,Ukraine,https://upload.wikimedia.org/wikipedia/commons/thumb/8/84/Flag_of_Latvia.svg/23px-Flag_of_Latvia.svg.png,Penguin C reconnaissance UAV,captured,https://i.postimg.cc/ZKCQ6BwT/355.png,1,36,26,NA,10,NA,2022-10-04T21:08:09Z
Unmanned Aerial Vehicles,Ukraine,https://upload.wikimedia.org/wikipedia/commons/thumb/4/49/Flag_of_Ukraine.svg/23px-Flag_of_Ukraine.svg.png,Weaponised VTOL UAV,destroyed,https://i.postimg.cc/wj2q0xpq/987.png,2,36,26,NA,10,NA,2022-10-04T21:08:09Z
Unmanned Aerial Vehicles,Ukraine,https://upload.wikimedia.org/wikipedia/commons/thumb/4/49/Flag_of_Ukraine.svg/23px-Flag_of_Ukraine.svg.png,Weaponised VTOL UAV,captured,https://i.postimg.cc/XJjQbDmJ/488.png,2,36,26,NA,10,NA,2022-10-04T21:08:09Z
Unmanned Aerial Vehicles,Ukraine,https://upload.wikimedia.org/wikipedia/commons/thumb/b/b4/Flag_of_Turkey.svg/23px-Flag_of_Turkey.svg.png,Bayraktar TB2 UCAV,destroyed,https://i.postimg.cc/0yTqfP7n/314.png,14,36,26,NA,10,NA,2022-10-04T21:08:09Z
Unmanned Aerial Vehicles,Ukraine,https://upload.wikimedia.org/wikipedia/commons/thumb/b/b4/Flag_of_Turkey.svg/23px-Flag_of_Turkey.svg.png,Bayraktar TB2 UCAV,destroyed,https://i.postimg.cc/0rR38Jw1/241.png,14,36,26,NA,10,NA,2022-10-04T21:08:09Z
Unmanned Aerial Vehicles,Ukraine,https://upload.wikimedia.org/wikipedia/commons/thumb/b/b4/Flag_of_Turkey.svg/23px-Flag_of_Turkey.svg.png,Bayraktar TB2 UCAV,destroyed,https://twitter.com/UAWeapons/status/1519746926111080448,14,36,26,NA,10,NA,2022-10-04T21:08:09Z
Unmanned Aerial Vehicles,Ukraine,https://upload.wikimedia.org/wikipedia/commons/thumb/b/b4/Flag_of_Turkey.svg/23px-Flag_of_Turkey.svg.png,Bayraktar TB2 UCAV,destroyed,https://i.postimg.cc/PqzGsG3M/329.png,14,36,26,NA,10,NA,2022-10-04T21:08:09Z
Unmanned Aerial Vehicles,Ukraine,https://upload.wikimedia.org/wikipedia/commons/thumb/b/b4/Flag_of_Turkey.svg/23px-Flag_of_Turkey.svg.png,Bayraktar TB2 UCAV,destroyed,https://i.postimg.cc/kX0F9FCc/b1.png,14,36,26,NA,10,NA,2022-10-04T21:08:09Z
Unmanned Aerial Vehicles,Ukraine,https://upload.wikimedia.org/wikipedia/commons/thumb/b/b4/Flag_of_Turkey.svg/23px-Flag_of_Turkey.svg.png,Bayraktar TB2 UCAV,destroyed,https://i.postimg.cc/rFQWg4Vr/6522.png,14,36,26,NA,10,NA,2022-10-04T21:08:09Z
Unmanned Aerial Vehicles,Ukraine,https://upload.wikimedia.org/wikipedia/commons/thumb/b/b4/Flag_of_Turkey.svg/23px-Flag_of_Turkey.svg.png,Bayraktar TB2 UCAV,destroyed,https://i.postimg.cc/nh1W0Rc3/4.jpg,14,36,26,NA,10,NA,2022-10-04T21:08:09Z
Unmanned Aerial Vehicles,Ukraine,https://upload.wikimedia.org/wikipedia/commons/thumb/b/b4/Flag_of_Turkey.svg/23px-Flag_of_Turkey.svg.png,Bayraktar TB2 UCAV,destroyed,https://i.postimg.cc/nrWysFk5/43118.png,14,36,26,NA,10,NA,2022-10-04T21:08:09Z
Unmanned Aerial Vehicles,Ukraine,https://upload.wikimedia.org/wikipedia/commons/thumb/b/b4/Flag_of_Turkey.svg/23px-Flag_of_Turkey.svg.png,Bayraktar TB2 UCAV,destroyed,https://twitter.com/UAWeapons/status/1539693323010572288,14,36,26,NA,10,NA,2022-10-04T21:08:09Z
Unmanned Aerial Vehicles,Ukraine,https://upload.wikimedia.org/wikipedia/commons/thumb/b/b4/Flag_of_Turkey.svg/23px-Flag_of_Turkey.svg.png,Bayraktar TB2 UCAV,destroyed,https://i.postimg.cc/XNKtRCXz/2000.jpg,14,36,26,NA,10,NA,2022-10-04T21:08:09Z
Unmanned Aerial Vehicles,Ukraine,https://upload.wikimedia.org/wikipedia/commons/thumb/b/b4/Flag_of_Turkey.svg/23px-Flag_of_Turkey.svg.png,Bayraktar TB2 UCAV,destroyed,https://twitter.com/RALee85/status/1551346756201365506,14,36,26,NA,10,NA,2022-10-04T21:08:09Z
Unmanned Aerial Vehicles,Ukraine,https://upload.wikimedia.org/wikipedia/commons/thumb/b/b4/Flag_of_Turkey.svg/23px-Flag_of_Turkey.svg.png,Bayraktar TB2 UCAV,destroyed,https://i.postimg.cc/BnChYS2q/2003.jpg,14,36,26,NA,10,NA,2022-10-04T21:08:09Z
Unmanned Aerial Vehicles,Ukraine,https://upload.wikimedia.org/wikipedia/commons/thumb/b/b4/Flag_of_Turkey.svg/23px-Flag_of_Turkey.svg.png,Bayraktar TB2 UCAV,destroyed,https://twitter.com/UAWeapons/status/1557291571602669570,14,36,26,NA,10,NA,2022-10-04T21:08:09Z
Unmanned Aerial Vehicles,Ukraine,https://upload.wikimedia.org/wikipedia/commons/thumb/b/b4/Flag_of_Turkey.svg/23px-Flag_of_Turkey.svg.png,Bayraktar TB2 UCAV,destroyed,https://twitter.com/UAWeapons/status/1566399647505170432,14,36,26,NA,10,NA,2022-10-04T21:08:09Z
Unmanned Aerial Vehicles,Ukraine,https://upload.wikimedia.org/wikipedia/commons/thumb/b/b4/Flag_of_Turkey.svg/23px-Flag_of_Turkey.svg.png,Bayraktar Mini reconnaissance UAV,destroyed,https://twitter.com/UAWeapons/status/1561694761890758658,1,36,26,NA,10,NA,2022-10-04T21:08:09Z
Naval Ships,Ukraine,https://upload.wikimedia.org/wikipedia/commons/thumb/a/a9/Flag_of_the_Soviet_Union.svg/23px-Flag_of_the_Soviet_Union.svg.png,Krivak III class frigate 'Hetman Sahaydachniy',destroyed,https://i.postimg.cc/yxy8CH6r/469.png,1,20,7,NA,13,NA,2022-10-04T21:08:09Z
Naval Ships,Ukraine,https://upload.wikimedia.org/wikipedia/commons/thumb/4/49/Flag_of_Ukraine.svg/23px-Flag_of_Ukraine.svg.png,Gyurza-M class gunboat,destroyed,https://i.postimg.cc/tCcm2Y7L/47.png,4,20,7,NA,13,NA,2022-10-04T21:08:09Z
Naval Ships,Ukraine,https://upload.wikimedia.org/wikipedia/commons/thumb/4/49/Flag_of_Ukraine.svg/23px-Flag_of_Ukraine.svg.png,Gyurza-M class gunboat,captured,https://i.postimg.cc/hjqgGwmt/f55.jpg,4,20,7,NA,13,NA,2022-10-04T21:08:09Z
Naval Ships,Ukraine,https://upload.wikimedia.org/wikipedia/commons/thumb/4/49/Flag_of_Ukraine.svg/23px-Flag_of_Ukraine.svg.png,Gyurza-M class gunboat,captured,https://i.postimg.cc/Xv5443pP/f6.jpg,4,20,7,NA,13,NA,2022-10-04T21:08:09Z
Naval Ships,Ukraine,https://upload.wikimedia.org/wikipedia/commons/thumb/4/49/Flag_of_Ukraine.svg/23px-Flag_of_Ukraine.svg.png,Gyurza-M class gunboat,captured,https://i.postimg.cc/wjr3y0Lx/28.png,4,20,7,NA,13,NA,2022-10-04T21:08:09Z
Naval Ships,Ukraine,https://upload.wikimedia.org/wikipedia/en/thumb/a/a4/Flag_of_the_United_States.svg/23px-Flag_of_the_United_States.svg.png,Island class patrol boat P190 Slovyansk,destroyed,https://twitter.com/Militarylandnet/status/1500536901974986752,1,20,7,NA,13,NA,2022-10-04T21:08:09Z
Naval Ships,Ukraine,https://upload.wikimedia.org/wikipedia/commons/thumb/a/a9/Flag_of_the_Soviet_Union.svg/23px-Flag_of_the_Soviet_Union.svg.png,Stenka class patrol boat (Operated by the Sea Guard),destroyed,https://i.postimg.cc/8zG990c2/36.png,1,20,7,NA,13,NA,2022-10-04T21:08:09Z
Naval Ships,Ukraine,https://upload.wikimedia.org/wikipedia/commons/thumb/a/a9/Flag_of_the_Soviet_Union.svg/23px-Flag_of_the_Soviet_Union.svg.png,Zhuk class patrol boat (Sea Guard),destroyed,https://i.postimg.cc/q7JvJQmV/2001.jpg,3,20,7,NA,13,NA,2022-10-04T21:08:09Z
Naval Ships,Ukraine,https://upload.wikimedia.org/wikipedia/commons/thumb/a/a9/Flag_of_the_Soviet_Union.svg/23px-Flag_of_the_Soviet_Union.svg.png,Zhuk class patrol boat (Sea Guard),captured,https://i.postimg.cc/L5nyF4sY/g77.jpg,3,20,7,NA,13,NA,2022-10-04T21:08:09Z
Naval Ships,Ukraine,https://upload.wikimedia.org/wikipedia/commons/thumb/a/a9/Flag_of_the_Soviet_Union.svg/23px-Flag_of_the_Soviet_Union.svg.png,Zhuk class patrol boat (Sea Guard),captured,https://i.postimg.cc/654HHQSF/g78.jpg,3,20,7,NA,13,NA,2022-10-04T21:08:09Z
Naval Ships,Ukraine,https://upload.wikimedia.org/wikipedia/commons/thumb/a/a9/Flag_of_the_Soviet_Union.svg/23px-Flag_of_the_Soviet_Union.svg.png,Sorum class seagoing tugboat 'Korets' ''A830 or P186'',captured,https://i.postimg.cc/rw5PwbFs/64.jpg,1,20,7,NA,13,NA,2022-10-04T21:08:09Z
Naval Ships,Ukraine,https://upload.wikimedia.org/wikipedia/commons/thumb/a/a9/Flag_of_the_Soviet_Union.svg/23px-Flag_of_the_Soviet_Union.svg.png,Project 1258 Yevgenya Class minesweeper 'Henichesk',destroyed,https://twitter.com/TarasChmut/status/1562888611707506688,1,20,7,NA,13,NA,2022-10-04T21:08:09Z
Naval Ships,Ukraine,https://upload.wikimedia.org/wikipedia/commons/thumb/4/49/Flag_of_Ukraine.svg/23px-Flag_of_Ukraine.svg.png,Small patrol boats (Sea Guard),damaged,https://i.postimg.cc/R0pnx9T5/578.png,7,20,7,NA,13,NA,2022-10-04T21:08:09Z
Naval Ships,Ukraine,https://upload.wikimedia.org/wikipedia/commons/thumb/4/49/Flag_of_Ukraine.svg/23px-Flag_of_Ukraine.svg.png,Small patrol boats (Sea Guard),captured,https://i.postimg.cc/15KK7NBC/v7.jpg,7,20,7,NA,13,NA,2022-10-04T21:08:09Z
Naval Ships,Ukraine,https://upload.wikimedia.org/wikipedia/commons/thumb/4/49/Flag_of_Ukraine.svg/23px-Flag_of_Ukraine.svg.png,Small patrol boats (Sea Guard),captured,https://i.postimg.cc/J4hymDmd/c0.jpg,7,20,7,NA,13,NA,2022-10-04T21:08:09Z
Naval Ships,Ukraine,https://upload.wikimedia.org/wikipedia/commons/thumb/4/49/Flag_of_Ukraine.svg/23px-Flag_of_Ukraine.svg.png,Small patrol boats (Sea Guard),captured,https://i.postimg.cc/kMQZ9Gw8/d9.jpg,7,20,7,NA,13,NA,2022-10-04T21:08:09Z
Naval Ships,Ukraine,https://upload.wikimedia.org/wikipedia/commons/thumb/4/49/Flag_of_Ukraine.svg/23px-Flag_of_Ukraine.svg.png,Small patrol boats (Sea Guard),captured,https://i.postimg.cc/HxQSpv0H/d2.jpg,7,20,7,NA,13,NA,2022-10-04T21:08:09Z
Naval Ships,Ukraine,https://upload.wikimedia.org/wikipedia/commons/thumb/4/49/Flag_of_Ukraine.svg/23px-Flag_of_Ukraine.svg.png,Small patrol boats (Sea Guard),captured,https://i.postimg.cc/9QK1yHJC/dg.jpg,7,20,7,NA,13,NA,2022-10-04T21:08:09Z
Naval Ships,Ukraine,https://upload.wikimedia.org/wikipedia/commons/thumb/4/49/Flag_of_Ukraine.svg/23px-Flag_of_Ukraine.svg.png,Small patrol boats (Sea Guard),captured,https://i.postimg.cc/7LS17G5n/g9.jpg,7,20,7,NA,13,NA,2022-10-04T21:08:09Z
Naval Ships,Ukraine,https://upload.wikimedia.org/wikipedia/en/thumb/1/12/Flag_of_Poland.svg/23px-Flag_of_Poland.svg.png,Pr.304 Amur Class command ship 'Donbas' ''U-500'',destroyed,https://i.postimg.cc/HxS8Hm41/28.png,1,20,7,NA,13,NA,2022-10-04T21:08:09Z
"Trucks, Vehicles and Jeeps",Ukraine,https://upload.wikimedia.org/wikipedia/commons/thumb/a/a9/Flag_of_the_Soviet_Union.svg/23px-Flag_of_the_Soviet_Union.svg.png,KrAZ-255B,destroyed,https://i.postimg.cc/qqmmt6Nz/1002.jpg,3,0,NA,NA,NA,NA,2022-10-04T21:08:09Z
"Trucks, Vehicles and Jeeps",Ukraine,https://upload.wikimedia.org/wikipedia/commons/thumb/a/a9/Flag_of_the_Soviet_Union.svg/23px-Flag_of_the_Soviet_Union.svg.png,KrAZ-255B,captured,https://i.postimg.cc/G2jDGvM1/Screenshot-9319.png,3,0,NA,NA,NA,NA,2022-10-04T21:08:09Z
"Trucks, Vehicles and Jeeps",Ukraine,https://upload.wikimedia.org/wikipedia/commons/thumb/a/a9/Flag_of_the_Soviet_Union.svg/23px-Flag_of_the_Soviet_Union.svg.png,KrAZ-255B,captured,https://i.postimg.cc/g2gTpp0b/415.png,3,0,NA,NA,NA,NA,2022-10-04T21:08:09Z
"Trucks, Vehicles and Jeeps",Ukraine,https://upload.wikimedia.org/wikipedia/commons/thumb/a/a9/Flag_of_the_Soviet_Union.svg/23px-Flag_of_the_Soviet_Union.svg.png,KrAZ-260,destroyed,https://i.postimg.cc/yNJmp5dK/truck2.jpg,3,0,NA,NA,NA,NA,2022-10-04T21:08:09Z
"Trucks, Vehicles and Jeeps",Ukraine,https://upload.wikimedia.org/wikipedia/commons/thumb/a/a9/Flag_of_the_Soviet_Union.svg/23px-Flag_of_the_Soviet_Union.svg.png,KrAZ-260,captured,https://i.postimg.cc/C5r6DZvN/776.png,3,0,NA,NA,NA,NA,2022-10-04T21:08:09Z
"Trucks, Vehicles and Jeeps",Ukraine,https://upload.wikimedia.org/wikipedia/commons/thumb/a/a9/Flag_of_the_Soviet_Union.svg/23px-Flag_of_the_Soviet_Union.svg.png,KrAZ-260,captured,https://i.postimg.cc/NjFSSs6g/43i.jpg,3,0,NA,NA,NA,NA,2022-10-04T21:08:09Z
"Trucks, Vehicles and Jeeps",Ukraine,https://upload.wikimedia.org/wikipedia/commons/thumb/4/49/Flag_of_Ukraine.svg/23px-Flag_of_Ukraine.svg.png,KrAZ-6322,destroyed,https://i.postimg.cc/0QMkBhwk/Screenshot-8021.png,22,0,NA,NA,NA,NA,2022-10-04T21:08:09Z
"Trucks, Vehicles and Jeeps",Ukraine,https://upload.wikimedia.org/wikipedia/commons/thumb/4/49/Flag_of_Ukraine.svg/23px-Flag_of_Ukraine.svg.png,KrAZ-6322,destroyed,https://i.postimg.cc/QtN9LzFN/5f.png,22,0,NA,NA,NA,NA,2022-10-04T21:08:09Z
"Trucks, Vehicles and Jeeps",Ukraine,https://upload.wikimedia.org/wikipedia/commons/thumb/4/49/Flag_of_Ukraine.svg/23px-Flag_of_Ukraine.svg.png,KrAZ-6322,destroyed,https://i.postimg.cc/QtN9LzFN/5f.png,22,0,NA,NA,NA,NA,2022-10-04T21:08:09Z
"Trucks, Vehicles and Jeeps",Ukraine,https://upload.wikimedia.org/wikipedia/commons/thumb/4/49/Flag_of_Ukraine.svg/23px-Flag_of_Ukraine.svg.png,KrAZ-6322,destroyed,https://i.postimg.cc/QtN9LzFN/5f.png,22,0,NA,NA,NA,NA,2022-10-04T21:08:09Z
"Trucks, Vehicles and Jeeps",Ukraine,https://upload.wikimedia.org/wikipedia/commons/thumb/4/49/Flag_of_Ukraine.svg/23px-Flag_of_Ukraine.svg.png,KrAZ-6322,destroyed,https://i.postimg.cc/gcwyV5Jx/d3.png,22,0,NA,NA,NA,NA,2022-10-04T21:08:09Z
"Trucks, Vehicles and Jeeps",Ukraine,https://upload.wikimedia.org/wikipedia/commons/thumb/4/49/Flag_of_Ukraine.svg/23px-Flag_of_Ukraine.svg.png,KrAZ-6322,destroyed,https://i.postimg.cc/vBdfY7td/Screenshot-8019.png,22,0,NA,NA,NA,NA,2022-10-04T21:08:09Z
"Trucks, Vehicles and Jeeps",Ukraine,https://upload.wikimedia.org/wikipedia/commons/thumb/4/49/Flag_of_Ukraine.svg/23px-Flag_of_Ukraine.svg.png,KrAZ-6322,destroyed,https://i.postimg.cc/BZjGgMFV/1004-t72b3.jpg,22,0,NA,NA,NA,NA,2022-10-04T21:08:09Z
"Trucks, Vehicles and Jeeps",Ukraine,https://upload.wikimedia.org/wikipedia/commons/thumb/4/49/Flag_of_Ukraine.svg/23px-Flag_of_Ukraine.svg.png,KrAZ-6322,destroyed,https://i.postimg.cc/sfWCv4wL/s3.png,22,0,NA,NA,NA,NA,2022-10-04T21:08:09Z
"Trucks, Vehicles and Jeeps",Ukraine,https://upload.wikimedia.org/wikipedia/commons/thumb/4/49/Flag_of_Ukraine.svg/23px-Flag_of_Ukraine.svg.png,KrAZ-6322,destroyed,https://i.postimg.cc/L5k9q4Vc/2217.png,22,0,NA,NA,NA,NA,2022-10-04T21:08:09Z
"Trucks, Vehicles and Jeeps",Ukraine,https://upload.wikimedia.org/wikipedia/commons/thumb/4/49/Flag_of_Ukraine.svg/23px-Flag_of_Ukraine.svg.png,KrAZ-6322,damaged,https://i.postimg.cc/MT0QM4sL/33311.png,22,0,NA,NA,NA,NA,2022-10-04T21:08:09Z
"Trucks, Vehicles and Jeeps",Ukraine,https://upload.wikimedia.org/wikipedia/commons/thumb/4/49/Flag_of_Ukraine.svg/23px-Flag_of_Ukraine.svg.png,KrAZ-6322,captured,https://postimg.cc/v4CPT4hN,22,0,NA,NA,NA,NA,2022-10-04T21:08:09Z
"Trucks, Vehicles and Jeeps",Ukraine,https://upload.wikimedia.org/wikipedia/commons/thumb/4/49/Flag_of_Ukraine.svg/23px-Flag_of_Ukraine.svg.png,KrAZ-6322,captured,https://i.postimg.cc/8c7GjB1r/31.png,22,0,NA,NA,NA,NA,2022-10-04T21:08:09Z
"Trucks, Vehicles and Jeeps",Ukraine,https://upload.wikimedia.org/wikipedia/commons/thumb/4/49/Flag_of_Ukraine.svg/23px-Flag_of_Ukraine.svg.png,KrAZ-6322,captured,https://postimg.cc/jC9nGySm,22,0,NA,NA,NA,NA,2022-10-04T21:08:09Z
"Trucks, Vehicles and Jeeps",Ukraine,https://upload.wikimedia.org/wikipedia/commons/thumb/4/49/Flag_of_Ukraine.svg/23px-Flag_of_Ukraine.svg.png,KrAZ-6322,captured,https://i.postimg.cc/m2sVjnKd/44311.png,22,0,NA,NA,NA,NA,2022-10-04T21:08:09Z
"Trucks, Vehicles and Jeeps",Ukraine,https://upload.wikimedia.org/wikipedia/commons/thumb/4/49/Flag_of_Ukraine.svg/23px-Flag_of_Ukraine.svg.png,KrAZ-6322,captured,https://i.postimg.cc/m2sVjnKd/44311.png,22,0,NA,NA,NA,NA,2022-10-04T21:08:09Z
"Trucks, Vehicles and Jeeps",Ukraine,https://upload.wikimedia.org/wikipedia/commons/thumb/4/49/Flag_of_Ukraine.svg/23px-Flag_of_Ukraine.svg.png,KrAZ-6322,captured,https://i.postimg.cc/QMb9yCQx/447.png,22,0,NA,NA,NA,NA,2022-10-04T21:08:09Z
"Trucks, Vehicles and Jeeps",Ukraine,https://upload.wikimedia.org/wikipedia/commons/thumb/4/49/Flag_of_Ukraine.svg/23px-Flag_of_Ukraine.svg.png,KrAZ-6322,captured,https://i.postimg.cc/50CwqJ19/5444.png,22,0,NA,NA,NA,NA,2022-10-04T21:08:09Z
"Trucks, Vehicles and Jeeps",Ukraine,https://upload.wikimedia.org/wikipedia/commons/thumb/4/49/Flag_of_Ukraine.svg/23px-Flag_of_Ukraine.svg.png,KrAZ-6322,captured,https://i.postimg.cc/hvdD2hLs/479.png,22,0,NA,NA,NA,NA,2022-10-04T21:08:09Z
"Trucks, Vehicles and Jeeps",Ukraine,https://upload.wikimedia.org/wikipedia/commons/thumb/4/49/Flag_of_Ukraine.svg/23px-Flag_of_Ukraine.svg.png,KrAZ-6322,captured,https://i.postimg.cc/5NWBD7d7/1007.png,22,0,NA,NA,NA,NA,2022-10-04T21:08:09Z
"Trucks, Vehicles and Jeeps",Ukraine,https://upload.wikimedia.org/wikipedia/commons/thumb/4/49/Flag_of_Ukraine.svg/23px-Flag_of_Ukraine.svg.png,KrAZ-6322,captured,https://i.postimg.cc/fTv9pMvy/1008.png,22,0,NA,NA,NA,NA,2022-10-04T21:08:09Z
"Trucks, Vehicles and Jeeps",Ukraine,https://upload.wikimedia.org/wikipedia/commons/thumb/4/49/Flag_of_Ukraine.svg/23px-Flag_of_Ukraine.svg.png,KrAZ-6322,captured,https://postimg.cc/0zzW9YYS,22,0,NA,NA,NA,NA,2022-10-04T21:08:09Z
"Trucks, Vehicles and Jeeps",Ukraine,https://upload.wikimedia.org/wikipedia/commons/thumb/4/49/Flag_of_Ukraine.svg/23px-Flag_of_Ukraine.svg.png,KrAZ-6322,captured,https://postimg.cc/G9jSKh34,22,0,NA,NA,NA,NA,2022-10-04T21:08:09Z
"Trucks, Vehicles and Jeeps",Ukraine,https://upload.wikimedia.org/wikipedia/commons/thumb/4/49/Flag_of_Ukraine.svg/23px-Flag_of_Ukraine.svg.png,KrAZ-5233,destroyed,https://i.postimg.cc/jSJW85jm/64.jpg,15,0,NA,NA,NA,NA,2022-10-04T21:08:09Z
"Trucks, Vehicles and Jeeps",Ukraine,https://upload.wikimedia.org/wikipedia/commons/thumb/4/49/Flag_of_Ukraine.svg/23px-Flag_of_Ukraine.svg.png,KrAZ-5233,destroyed,https://i.postimg.cc/3JQbBs2Q/287.png,15,0,NA,NA,NA,NA,2022-10-04T21:08:09Z
"Trucks, Vehicles and Jeeps",Ukraine,https://upload.wikimedia.org/wikipedia/commons/thumb/4/49/Flag_of_Ukraine.svg/23px-Flag_of_Ukraine.svg.png,KrAZ-5233,destroyed,https://i.postimg.cc/3JQbBs2Q/287.png,15,0,NA,NA,NA,NA,2022-10-04T21:08:09Z
"Trucks, Vehicles and Jeeps",Ukraine,https://upload.wikimedia.org/wikipedia/commons/thumb/4/49/Flag_of_Ukraine.svg/23px-Flag_of_Ukraine.svg.png,KrAZ-5233,destroyed,https://i.postimg.cc/3JQbBs2Q/287.png,15,0,NA,NA,NA,NA,2022-10-04T21:08:09Z
"Trucks, Vehicles and Jeeps",Ukraine,https://upload.wikimedia.org/wikipedia/commons/thumb/4/49/Flag_of_Ukraine.svg/23px-Flag_of_Ukraine.svg.png,KrAZ-5233,destroyed,https://i.postimg.cc/Dz94dpc1/5g.png,15,0,NA,NA,NA,NA,2022-10-04T21:08:09Z
"Trucks, Vehicles and Jeeps",Ukraine,https://upload.wikimedia.org/wikipedia/commons/thumb/4/49/Flag_of_Ukraine.svg/23px-Flag_of_Ukraine.svg.png,KrAZ-5233,captured,https://i.postimg.cc/fR5HJv28/dd11.png,15,0,NA,NA,NA,NA,2022-10-04T21:08:09Z
"Trucks, Vehicles and Jeeps",Ukraine,https://upload.wikimedia.org/wikipedia/commons/thumb/4/49/Flag_of_Ukraine.svg/23px-Flag_of_Ukraine.svg.png,KrAZ-5233,captured,https://i.postimg.cc/fR5HJv28/dd11.png,15,0,NA,NA,NA,NA,2022-10-04T21:08:09Z
"Trucks, Vehicles and Jeeps",Ukraine,https://upload.wikimedia.org/wikipedia/commons/thumb/4/49/Flag_of_Ukraine.svg/23px-Flag_of_Ukraine.svg.png,KrAZ-5233,captured,https://i.postimg.cc/fR5HJv28/dd11.png,15,0,NA,NA,NA,NA,2022-10-04T21:08:09Z
"Trucks, Vehicles and Jeeps",Ukraine,https://upload.wikimedia.org/wikipedia/commons/thumb/4/49/Flag_of_Ukraine.svg/23px-Flag_of_Ukraine.svg.png,KrAZ-5233,captured,https://i.postimg.cc/sfJzxw3j/776.png,15,0,NA,NA,NA,NA,2022-10-04T21:08:09Z
"Trucks, Vehicles and Jeeps",Ukraine,https://upload.wikimedia.org/wikipedia/commons/thumb/4/49/Flag_of_Ukraine.svg/23px-Flag_of_Ukraine.svg.png,KrAZ-5233,captured,https://i.postimg.cc/vmpRN9VB/480.png,15,0,NA,NA,NA,NA,2022-10-04T21:08:09Z
"Trucks, Vehicles and Jeeps",Ukraine,https://upload.wikimedia.org/wikipedia/commons/thumb/4/49/Flag_of_Ukraine.svg/23px-Flag_of_Ukraine.svg.png,KrAZ-5233,captured,https://i.postimg.cc/jq49zBZC/480.png,15,0,NA,NA,NA,NA,2022-10-04T21:08:09Z
"Trucks, Vehicles and Jeeps",Ukraine,https://upload.wikimedia.org/wikipedia/commons/thumb/4/49/Flag_of_Ukraine.svg/23px-Flag_of_Ukraine.svg.png,KrAZ-5233,captured,https://i.postimg.cc/265Nhxbz/393.png,15,0,NA,NA,NA,NA,2022-10-04T21:08:09Z
"Trucks, Vehicles and Jeeps",Ukraine,https://upload.wikimedia.org/wikipedia/commons/thumb/4/49/Flag_of_Ukraine.svg/23px-Flag_of_Ukraine.svg.png,KrAZ-5233,captured,https://i.postimg.cc/265Nhxbz/393.png,15,0,NA,NA,NA,NA,2022-10-04T21:08:09Z
"Trucks, Vehicles and Jeeps",Ukraine,https://upload.wikimedia.org/wikipedia/commons/thumb/4/49/Flag_of_Ukraine.svg/23px-Flag_of_Ukraine.svg.png,KrAZ-5233,captured,https://i.postimg.cc/kgbQvfh1/d16.png,15,0,NA,NA,NA,NA,2022-10-04T21:08:09Z
"Trucks, Vehicles and Jeeps",Ukraine,https://upload.wikimedia.org/wikipedia/commons/thumb/4/49/Flag_of_Ukraine.svg/23px-Flag_of_Ukraine.svg.png,KrAZ-5233,captured,https://twitter.com/UAWeapons/status/1545021775846817792,15,0,NA,NA,NA,NA,2022-10-04T21:08:09Z
"Trucks, Vehicles and Jeeps",Ukraine,https://upload.wikimedia.org/wikipedia/commons/thumb/4/49/Flag_of_Ukraine.svg/23px-Flag_of_Ukraine.svg.png,Bogdan-63172,destroyed,https://i.postimg.cc/nL8S357x/6h.png,14,0,NA,NA,NA,NA,2022-10-04T21:08:09Z
"Trucks, Vehicles and Jeeps",Ukraine,https://upload.wikimedia.org/wikipedia/commons/thumb/4/49/Flag_of_Ukraine.svg/23px-Flag_of_Ukraine.svg.png,Bogdan-63172,destroyed,https://i.postimg.cc/26dvvmgq/t12.png,14,0,NA,NA,NA,NA,2022-10-04T21:08:09Z
"Trucks, Vehicles and Jeeps",Ukraine,https://upload.wikimedia.org/wikipedia/commons/thumb/4/49/Flag_of_Ukraine.svg/23px-Flag_of_Ukraine.svg.png,Bogdan-63172,destroyed,https://i.postimg.cc/g25vbgv0/t11.png,14,0,NA,NA,NA,NA,2022-10-04T21:08:09Z
"Trucks, Vehicles and Jeeps",Ukraine,https://upload.wikimedia.org/wikipedia/commons/thumb/4/49/Flag_of_Ukraine.svg/23px-Flag_of_Ukraine.svg.png,Bogdan-63172,destroyed,https://i.postimg.cc/5NBFhrqB/223.png,14,0,NA,NA,NA,NA,2022-10-04T21:08:09Z
"Trucks, Vehicles and Jeeps",Ukraine,https://upload.wikimedia.org/wikipedia/commons/thumb/4/49/Flag_of_Ukraine.svg/23px-Flag_of_Ukraine.svg.png,Bogdan-63172,destroyed,https://i.postimg.cc/DfttyLxg/4r.png,14,0,NA,NA,NA,NA,2022-10-04T21:08:09Z
"Trucks, Vehicles and Jeeps",Ukraine,https://upload.wikimedia.org/wikipedia/commons/thumb/4/49/Flag_of_Ukraine.svg/23px-Flag_of_Ukraine.svg.png,Bogdan-63172,destroyed,https://i.postimg.cc/Y0cPV5Ly/ku2.png,14,0,NA,NA,NA,NA,2022-10-04T21:08:09Z
"Trucks, Vehicles and Jeeps",Ukraine,https://upload.wikimedia.org/wikipedia/commons/thumb/4/49/Flag_of_Ukraine.svg/23px-Flag_of_Ukraine.svg.png,Bogdan-63172,destroyed,https://i.postimg.cc/TPmQqZVc/d2.png,14,0,NA,NA,NA,NA,2022-10-04T21:08:09Z
"Trucks, Vehicles and Jeeps",Ukraine,https://upload.wikimedia.org/wikipedia/commons/thumb/4/49/Flag_of_Ukraine.svg/23px-Flag_of_Ukraine.svg.png,Bogdan-63172,destroyed,https://i.postimg.cc/CM77xFvk/5542.png,14,0,NA,NA,NA,NA,2022-10-04T21:08:09Z
"Trucks, Vehicles and Jeeps",Ukraine,https://upload.wikimedia.org/wikipedia/commons/thumb/4/49/Flag_of_Ukraine.svg/23px-Flag_of_Ukraine.svg.png,Bogdan-63172,destroyed,https://i.postimg.cc/qqmmt6Nz/1002.jpg,14,0,NA,NA,NA,NA,2022-10-04T21:08:09Z
"Trucks, Vehicles and Jeeps",Ukraine,https://upload.wikimedia.org/wikipedia/commons/thumb/4/49/Flag_of_Ukraine.svg/23px-Flag_of_Ukraine.svg.png,Bogdan-63172,destroyed,https://i.postimg.cc/sDfHVsCc/3.png,14,0,NA,NA,NA,NA,2022-10-04T21:08:09Z
"Trucks, Vehicles and Jeeps",Ukraine,https://upload.wikimedia.org/wikipedia/commons/thumb/4/49/Flag_of_Ukraine.svg/23px-Flag_of_Ukraine.svg.png,Bogdan-63172,damaged,https://i.postimg.cc/9fRbHBdp/f3.png,14,0,NA,NA,NA,NA,2022-10-04T21:08:09Z
"Trucks, Vehicles and Jeeps",Ukraine,https://upload.wikimedia.org/wikipedia/commons/thumb/4/49/Flag_of_Ukraine.svg/23px-Flag_of_Ukraine.svg.png,Bogdan-63172,abandoned,https://i.postimg.cc/ZRVpWfKB/Screenshot-8260.png,14,0,NA,NA,NA,NA,2022-10-04T21:08:09Z
"Trucks, Vehicles and Jeeps",Ukraine,https://upload.wikimedia.org/wikipedia/commons/thumb/4/49/Flag_of_Ukraine.svg/23px-Flag_of_Ukraine.svg.png,Bogdan-63172,abandoned,https://i.postimg.cc/hP4hp8v6/d46.png,14,0,NA,NA,NA,NA,2022-10-04T21:08:09Z
"Trucks, Vehicles and Jeeps",Ukraine,https://upload.wikimedia.org/wikipedia/commons/thumb/4/49/Flag_of_Ukraine.svg/23px-Flag_of_Ukraine.svg.png,Bogdan-63172,captured,https://i.postimg.cc/7LSW8dKp/35.png,14,0,NA,NA,NA,NA,2022-10-04T21:08:09Z
"Trucks, Vehicles and Jeeps",Ukraine,https://upload.wikimedia.org/wikipedia/commons/thumb/4/49/Flag_of_Ukraine.svg/23px-Flag_of_Ukraine.svg.png,Bogdan-63172 'Kozak',destroyed,https://i.postimg.cc/g20xqXnG/1003.png,2,0,NA,NA,NA,NA,2022-10-04T21:08:09Z
"Trucks, Vehicles and Jeeps",Ukraine,https://upload.wikimedia.org/wikipedia/commons/thumb/4/49/Flag_of_Ukraine.svg/23px-Flag_of_Ukraine.svg.png,Bogdan-63172 'Kozak',captured,https://i.postimg.cc/x8sypSG9/5g2.png,2,0,NA,NA,NA,NA,2022-10-04T21:08:09Z
"Trucks, Vehicles and Jeeps",Ukraine,https://upload.wikimedia.org/wikipedia/commons/thumb/a/a9/Flag_of_the_Soviet_Union.svg/23px-Flag_of_the_Soviet_Union.svg.png,9T217 transloader (for 9K33 Osa),destroyed,https://i.postimg.cc/3JNY4mLP/Screenshot-8124.png,2,0,NA,NA,NA,NA,2022-10-04T21:08:09Z
"Trucks, Vehicles and Jeeps",Ukraine,https://upload.wikimedia.org/wikipedia/commons/thumb/a/a9/Flag_of_the_Soviet_Union.svg/23px-Flag_of_the_Soviet_Union.svg.png,9T217 transloader (for 9K33 Osa),destroyed,https://i.postimg.cc/Fsftzq6V/3116.png,2,0,NA,NA,NA,NA,2022-10-04T21:08:09Z
"Trucks, Vehicles and Jeeps",Ukraine,https://upload.wikimedia.org/wikipedia/commons/thumb/a/a9/Flag_of_the_Soviet_Union.svg/23px-Flag_of_the_Soviet_Union.svg.png,GAZ-63,destroyed,https://i.postimg.cc/vZ7sdvHn/f4.png,1,0,NA,NA,NA,NA,2022-10-04T21:08:09Z
"Trucks, Vehicles and Jeeps",Ukraine,https://upload.wikimedia.org/wikipedia/commons/thumb/a/a9/Flag_of_the_Soviet_Union.svg/23px-Flag_of_the_Soviet_Union.svg.png,GAZ-66,destroyed,https://postimg.cc/PP20VdH5,55,0,NA,NA,NA,NA,2022-10-04T21:08:09Z
"Trucks, Vehicles and Jeeps",Ukraine,https://upload.wikimedia.org/wikipedia/commons/thumb/a/a9/Flag_of_the_Soviet_Union.svg/23px-Flag_of_the_Soviet_Union.svg.png,GAZ-66,destroyed,https://i.postimg.cc/hjdXLc6L/4f.png,55,0,NA,NA,NA,NA,2022-10-04T21:08:09Z
"Trucks, Vehicles and Jeeps",Ukraine,https://upload.wikimedia.org/wikipedia/commons/thumb/a/a9/Flag_of_the_Soviet_Union.svg/23px-Flag_of_the_Soviet_Union.svg.png,GAZ-66,destroyed,https://i.postimg.cc/8PzD9FYh/f23.png,55,0,NA,NA,NA,NA,2022-10-04T21:08:09Z
"Trucks, Vehicles and Jeeps",Ukraine,https://upload.wikimedia.org/wikipedia/commons/thumb/a/a9/Flag_of_the_Soviet_Union.svg/23px-Flag_of_the_Soviet_Union.svg.png,GAZ-66,destroyed,https://i.postimg.cc/4xrgYWx5/f235.png,55,0,NA,NA,NA,NA,2022-10-04T21:08:09Z
"Trucks, Vehicles and Jeeps",Ukraine,https://upload.wikimedia.org/wikipedia/commons/thumb/a/a9/Flag_of_the_Soviet_Union.svg/23px-Flag_of_the_Soviet_Union.svg.png,GAZ-66,destroyed,https://i.postimg.cc/SQ1Xb993/r3.png,55,0,NA,NA,NA,NA,2022-10-04T21:08:09Z
"Trucks, Vehicles and Jeeps",Ukraine,https://upload.wikimedia.org/wikipedia/commons/thumb/a/a9/Flag_of_the_Soviet_Union.svg/23px-Flag_of_the_Soviet_Union.svg.png,GAZ-66,destroyed,https://i.postimg.cc/PqdfwfZ1/r3.png,55,0,NA,NA,NA,NA,2022-10-04T21:08:09Z
"Trucks, Vehicles and Jeeps",Ukraine,https://upload.wikimedia.org/wikipedia/commons/thumb/a/a9/Flag_of_the_Soviet_Union.svg/23px-Flag_of_the_Soviet_Union.svg.png,GAZ-66,destroyed,https://i.postimg.cc/43VV4DVy/Screenshot-9318.png,55,0,NA,NA,NA,NA,2022-10-04T21:08:09Z
"Trucks, Vehicles and Jeeps",Ukraine,https://upload.wikimedia.org/wikipedia/commons/thumb/a/a9/Flag_of_the_Soviet_Union.svg/23px-Flag_of_the_Soviet_Union.svg.png,GAZ-66,destroyed,https://i.postimg.cc/0QHyTC2v/sa.png,55,0,NA,NA,NA,NA,2022-10-04T21:08:09Z
"Trucks, Vehicles and Jeeps",Ukraine,https://upload.wikimedia.org/wikipedia/commons/thumb/a/a9/Flag_of_the_Soviet_Union.svg/23px-Flag_of_the_Soviet_Union.svg.png,GAZ-66,destroyed,https://i.postimg.cc/Lsnxj6d4/g8.png,55,0,NA,NA,NA,NA,2022-10-04T21:08:09Z
"Trucks, Vehicles and Jeeps",Ukraine,https://upload.wikimedia.org/wikipedia/commons/thumb/a/a9/Flag_of_the_Soviet_Union.svg/23px-Flag_of_the_Soviet_Union.svg.png,GAZ-66,destroyed,https://i.postimg.cc/0QFPwLNj/33180.png,55,0,NA,NA,NA,NA,2022-10-04T21:08:09Z
"Trucks, Vehicles and Jeeps",Ukraine,https://upload.wikimedia.org/wikipedia/commons/thumb/a/a9/Flag_of_the_Soviet_Union.svg/23px-Flag_of_the_Soviet_Union.svg.png,GAZ-66,destroyed,https://i.postimg.cc/0QFPwLNj/33180.png,55,0,NA,NA,NA,NA,2022-10-04T21:08:09Z
"Trucks, Vehicles and Jeeps",Ukraine,https://upload.wikimedia.org/wikipedia/commons/thumb/a/a9/Flag_of_the_Soviet_Union.svg/23px-Flag_of_the_Soviet_Union.svg.png,GAZ-66,destroyed,https://i.postimg.cc/qqgqjtjy/16.png,55,0,NA,NA,NA,NA,2022-10-04T21:08:09Z
"Trucks, Vehicles and Jeeps",Ukraine,https://upload.wikimedia.org/wikipedia/commons/thumb/a/a9/Flag_of_the_Soviet_Union.svg/23px-Flag_of_the_Soviet_Union.svg.png,GAZ-66,destroyed,https://i.postimg.cc/s20y2R1W/542.png,55,0,NA,NA,NA,NA,2022-10-04T21:08:09Z
"Trucks, Vehicles and Jeeps",Ukraine,https://upload.wikimedia.org/wikipedia/commons/thumb/a/a9/Flag_of_the_Soviet_Union.svg/23px-Flag_of_the_Soviet_Union.svg.png,GAZ-66,destroyed,https://i.postimg.cc/28rLyFdN/798.jpg,55,0,NA,NA,NA,NA,2022-10-04T21:08:09Z
"Trucks, Vehicles and Jeeps",Ukraine,https://upload.wikimedia.org/wikipedia/commons/thumb/a/a9/Flag_of_the_Soviet_Union.svg/23px-Flag_of_the_Soviet_Union.svg.png,GAZ-66,destroyed,https://i.postimg.cc/MHYc7Wm7/588.png,55,0,NA,NA,NA,NA,2022-10-04T21:08:09Z
"Trucks, Vehicles and Jeeps",Ukraine,https://upload.wikimedia.org/wikipedia/commons/thumb/a/a9/Flag_of_the_Soviet_Union.svg/23px-Flag_of_the_Soviet_Union.svg.png,GAZ-66,destroyed,https://postimg.cc/zbPPNnZC,55,0,NA,NA,NA,NA,2022-10-04T21:08:09Z
"Trucks, Vehicles and Jeeps",Ukraine,https://upload.wikimedia.org/wikipedia/commons/thumb/a/a9/Flag_of_the_Soviet_Union.svg/23px-Flag_of_the_Soviet_Union.svg.png,GAZ-66,destroyed,https://i.postimg.cc/SN5W7BYL/d46.png,55,0,NA,NA,NA,NA,2022-10-04T21:08:09Z
"Trucks, Vehicles and Jeeps",Ukraine,https://upload.wikimedia.org/wikipedia/commons/thumb/a/a9/Flag_of_the_Soviet_Union.svg/23px-Flag_of_the_Soviet_Union.svg.png,GAZ-66,destroyed,https://i.postimg.cc/SN5W7BYL/d46.png,55,0,NA,NA,NA,NA,2022-10-04T21:08:09Z
"Trucks, Vehicles and Jeeps",Ukraine,https://upload.wikimedia.org/wikipedia/commons/thumb/a/a9/Flag_of_the_Soviet_Union.svg/23px-Flag_of_the_Soviet_Union.svg.png,GAZ-66,destroyed,https://i.postimg.cc/tTFdQZ3L/1004.png,55,0,NA,NA,NA,NA,2022-10-04T21:08:09Z
"Trucks, Vehicles and Jeeps",Ukraine,https://upload.wikimedia.org/wikipedia/commons/thumb/a/a9/Flag_of_the_Soviet_Union.svg/23px-Flag_of_the_Soviet_Union.svg.png,GAZ-66,destroyed,https://i.postimg.cc/tTFdQZ3L/1004.png,55,0,NA,NA,NA,NA,2022-10-04T21:08:09Z
"Trucks, Vehicles and Jeeps",Ukraine,https://upload.wikimedia.org/wikipedia/commons/thumb/a/a9/Flag_of_the_Soviet_Union.svg/23px-Flag_of_the_Soviet_Union.svg.png,GAZ-66,destroyed,https://i.postimg.cc/gj9TG17c/Screenshot-8228.png,55,0,NA,NA,NA,NA,2022-10-04T21:08:09Z
"Trucks, Vehicles and Jeeps",Ukraine,https://upload.wikimedia.org/wikipedia/commons/thumb/a/a9/Flag_of_the_Soviet_Union.svg/23px-Flag_of_the_Soviet_Union.svg.png,GAZ-66,destroyed,https://i.postimg.cc/jScSwHTb/Screenshot-8020.png,55,0,NA,NA,NA,NA,2022-10-04T21:08:09Z
"Trucks, Vehicles and Jeeps",Ukraine,https://upload.wikimedia.org/wikipedia/commons/thumb/a/a9/Flag_of_the_Soviet_Union.svg/23px-Flag_of_the_Soviet_Union.svg.png,GAZ-66,destroyed,https://postlmg.cc/NykN8HC4,55,0,NA,NA,NA,NA,2022-10-04T21:08:09Z
"Trucks, Vehicles and Jeeps",Ukraine,https://upload.wikimedia.org/wikipedia/commons/thumb/a/a9/Flag_of_the_Soviet_Union.svg/23px-Flag_of_the_Soviet_Union.svg.png,GAZ-66,damaged,https://i.postimg.cc/gjhmvGsF/g3.png,55,0,NA,NA,NA,NA,2022-10-04T21:08:09Z
"Trucks, Vehicles and Jeeps",Ukraine,https://upload.wikimedia.org/wikipedia/commons/thumb/a/a9/Flag_of_the_Soviet_Union.svg/23px-Flag_of_the_Soviet_Union.svg.png,GAZ-66,abandoned,https://i.postimg.cc/YC0mqTkH/58.png,55,0,NA,NA,NA,NA,2022-10-04T21:08:09Z
"Trucks, Vehicles and Jeeps",Ukraine,https://upload.wikimedia.org/wikipedia/commons/thumb/a/a9/Flag_of_the_Soviet_Union.svg/23px-Flag_of_the_Soviet_Union.svg.png,GAZ-66,abandoned,https://i.postimg.cc/gj9TG17c/Screenshot-8228.png,55,0,NA,NA,NA,NA,2022-10-04T21:08:09Z
"Trucks, Vehicles and Jeeps",Ukraine,https://upload.wikimedia.org/wikipedia/commons/thumb/a/a9/Flag_of_the_Soviet_Union.svg/23px-Flag_of_the_Soviet_Union.svg.png,GAZ-66,abandoned,https://i.postimg.cc/qvyKsBvd/Screenshot-8260.png,55,0,NA,NA,NA,NA,2022-10-04T21:08:09Z
"Trucks, Vehicles and Jeeps",Ukraine,https://upload.wikimedia.org/wikipedia/commons/thumb/a/a9/Flag_of_the_Soviet_Union.svg/23px-Flag_of_the_Soviet_Union.svg.png,GAZ-66,damaged,https://i.postimg.cc/prPjVJt8/688.jpg,55,0,NA,NA,NA,NA,2022-10-04T21:08:09Z
"Trucks, Vehicles and Jeeps",Ukraine,https://upload.wikimedia.org/wikipedia/commons/thumb/a/a9/Flag_of_the_Soviet_Union.svg/23px-Flag_of_the_Soviet_Union.svg.png,GAZ-66,damaged,https://i.postimg.cc/65xFtXnZ/2004.jpg,55,0,NA,NA,NA,NA,2022-10-04T21:08:09Z
"Trucks, Vehicles and Jeeps",Ukraine,https://upload.wikimedia.org/wikipedia/commons/thumb/a/a9/Flag_of_the_Soviet_Union.svg/23px-Flag_of_the_Soviet_Union.svg.png,GAZ-66,captured,https://i.postimg.cc/VLr5Xr51/542f.png,55,0,NA,NA,NA,NA,2022-10-04T21:08:09Z
"Trucks, Vehicles and Jeeps",Ukraine,https://upload.wikimedia.org/wikipedia/commons/thumb/a/a9/Flag_of_the_Soviet_Union.svg/23px-Flag_of_the_Soviet_Union.svg.png,GAZ-66,captured,https://i.postimg.cc/VLr5Xr51/542f.png,55,0,NA,NA,NA,NA,2022-10-04T21:08:09Z
"Trucks, Vehicles and Jeeps",Ukraine,https://upload.wikimedia.org/wikipedia/commons/thumb/a/a9/Flag_of_the_Soviet_Union.svg/23px-Flag_of_the_Soviet_Union.svg.png,GAZ-66,captured,https://i.postimg.cc/Z507F6Jx/659.png,55,0,NA,NA,NA,NA,2022-10-04T21:08:09Z
"Trucks, Vehicles and Jeeps",Ukraine,https://upload.wikimedia.org/wikipedia/commons/thumb/a/a9/Flag_of_the_Soviet_Union.svg/23px-Flag_of_the_Soviet_Union.svg.png,GAZ-66,captured,https://i.postimg.cc/gkG63gXS/g2.png,55,0,NA,NA,NA,NA,2022-10-04T21:08:09Z
"Trucks, Vehicles and Jeeps",Ukraine,https://upload.wikimedia.org/wikipedia/commons/thumb/a/a9/Flag_of_the_Soviet_Union.svg/23px-Flag_of_the_Soviet_Union.svg.png,GAZ-66,captured,https://i.postimg.cc/Y0MjfS9G/43.png,55,0,NA,NA,NA,NA,2022-10-04T21:08:09Z
"Trucks, Vehicles and Jeeps",Ukraine,https://upload.wikimedia.org/wikipedia/commons/thumb/a/a9/Flag_of_the_Soviet_Union.svg/23px-Flag_of_the_Soviet_Union.svg.png,GAZ-66,captured,https://i.postimg.cc/h40ThkyZ/4370.png,55,0,NA,NA,NA,NA,2022-10-04T21:08:09Z
"Trucks, Vehicles and Jeeps",Ukraine,https://upload.wikimedia.org/wikipedia/commons/thumb/a/a9/Flag_of_the_Soviet_Union.svg/23px-Flag_of_the_Soviet_Union.svg.png,GAZ-66,captured,https://i.postimg.cc/xdmGTg40/386.png,55,0,NA,NA,NA,NA,2022-10-04T21:08:09Z
"Trucks, Vehicles and Jeeps",Ukraine,https://upload.wikimedia.org/wikipedia/commons/thumb/a/a9/Flag_of_the_Soviet_Union.svg/23px-Flag_of_the_Soviet_Union.svg.png,GAZ-66,captured,https://i.postimg.cc/jSPZqkrv/776.png,55,0,NA,NA,NA,NA,2022-10-04T21:08:09Z
"Trucks, Vehicles and Jeeps",Ukraine,https://upload.wikimedia.org/wikipedia/commons/thumb/a/a9/Flag_of_the_Soviet_Union.svg/23px-Flag_of_the_Soviet_Union.svg.png,GAZ-66,captured,https://i.postimg.cc/jSPZqkrv/776.png,55,0,NA,NA,NA,NA,2022-10-04T21:08:09Z
"Trucks, Vehicles and Jeeps",Ukraine,https://upload.wikimedia.org/wikipedia/commons/thumb/a/a9/Flag_of_the_Soviet_Union.svg/23px-Flag_of_the_Soviet_Union.svg.png,GAZ-66,captured,https://i.postimg.cc/9MGPZgQM/Screenshot-8017.png,55,0,NA,NA,NA,NA,2022-10-04T21:08:09Z
"Trucks, Vehicles and Jeeps",Ukraine,https://upload.wikimedia.org/wikipedia/commons/thumb/a/a9/Flag_of_the_Soviet_Union.svg/23px-Flag_of_the_Soviet_Union.svg.png,GAZ-66,captured,https://i.postimg.cc/pddP8SJY/Screenshot-8138.png,55,0,NA,NA,NA,NA,2022-10-04T21:08:09Z
"Trucks, Vehicles and Jeeps",Ukraine,https://upload.wikimedia.org/wikipedia/commons/thumb/a/a9/Flag_of_the_Soviet_Union.svg/23px-Flag_of_the_Soviet_Union.svg.png,GAZ-66,captured,https://i.postimg.cc/Ls7FP8X2/Screenshot-8161.png,55,0,NA,NA,NA,NA,2022-10-04T21:08:09Z
"Trucks, Vehicles and Jeeps",Ukraine,https://upload.wikimedia.org/wikipedia/commons/thumb/a/a9/Flag_of_the_Soviet_Union.svg/23px-Flag_of_the_Soviet_Union.svg.png,GAZ-66,captured,https://i.postimg.cc/s21R1h3T/Screenshot-8160.png,55,0,NA,NA,NA,NA,2022-10-04T21:08:09Z
"Trucks, Vehicles and Jeeps",Ukraine,https://upload.wikimedia.org/wikipedia/commons/thumb/a/a9/Flag_of_the_Soviet_Union.svg/23px-Flag_of_the_Soviet_Union.svg.png,GAZ-66,captured,https://i.postimg.cc/6QKvXBw6/Screenshot-8148.png,55,0,NA,NA,NA,NA,2022-10-04T21:08:09Z
"Trucks, Vehicles and Jeeps",Ukraine,https://upload.wikimedia.org/wikipedia/commons/thumb/a/a9/Flag_of_the_Soviet_Union.svg/23px-Flag_of_the_Soviet_Union.svg.png,GAZ-66,captured,https://i.postimg.cc/6QCMtvY4/3d.jpg,55,0,NA,NA,NA,NA,2022-10-04T21:08:09Z
"Trucks, Vehicles and Jeeps",Ukraine,https://upload.wikimedia.org/wikipedia/commons/thumb/a/a9/Flag_of_the_Soviet_Union.svg/23px-Flag_of_the_Soviet_Union.svg.png,GAZ-66,captured,https://i.postimg.cc/tJz8byHq/46.png,55,0,NA,NA,NA,NA,2022-10-04T21:08:09Z
"Trucks, Vehicles and Jeeps",Ukraine,https://upload.wikimedia.org/wikipedia/commons/thumb/a/a9/Flag_of_the_Soviet_Union.svg/23px-Flag_of_the_Soviet_Union.svg.png,GAZ-66,captured,https://i.postimg.cc/Cxj4pQ45/87.png,55,0,NA,NA,NA,NA,2022-10-04T21:08:09Z
"Trucks, Vehicles and Jeeps",Ukraine,https://upload.wikimedia.org/wikipedia/commons/thumb/a/a9/Flag_of_the_Soviet_Union.svg/23px-Flag_of_the_Soviet_Union.svg.png,GAZ-66,captured,https://i.postimg.cc/rFZ5bm4k/588.png,55,0,NA,NA,NA,NA,2022-10-04T21:08:09Z
"Trucks, Vehicles and Jeeps",Ukraine,https://upload.wikimedia.org/wikipedia/commons/thumb/a/a9/Flag_of_the_Soviet_Union.svg/23px-Flag_of_the_Soviet_Union.svg.png,GAZ-66,captured,https://i.postimg.cc/NGCNSPrF/4433.png,55,0,NA,NA,NA,NA,2022-10-04T21:08:09Z
"Trucks, Vehicles and Jeeps",Ukraine,https://upload.wikimedia.org/wikipedia/commons/thumb/a/a9/Flag_of_the_Soviet_Union.svg/23px-Flag_of_the_Soviet_Union.svg.png,GAZ-66,captured,https://i.postimg.cc/NGCNSPrF/4433.png,55,0,NA,NA,NA,NA,2022-10-04T21:08:09Z
"Trucks, Vehicles and Jeeps",Ukraine,https://upload.wikimedia.org/wikipedia/commons/thumb/a/a9/Flag_of_the_Soviet_Union.svg/23px-Flag_of_the_Soviet_Union.svg.png,GAZ-66,captured,https://i.postimg.cc/ZKrb3H8r/14.png,55,0,NA,NA,NA,NA,2022-10-04T21:08:09Z
"Trucks, Vehicles and Jeeps",Ukraine,https://upload.wikimedia.org/wikipedia/commons/thumb/a/a9/Flag_of_the_Soviet_Union.svg/23px-Flag_of_the_Soviet_Union.svg.png,GAZ-66,captured,https://i.postimg.cc/R0vMzqRd/g544.png,55,0,NA,NA,NA,NA,2022-10-04T21:08:09Z
"Trucks, Vehicles and Jeeps",Ukraine,https://upload.wikimedia.org/wikipedia/commons/thumb/a/a9/Flag_of_the_Soviet_Union.svg/23px-Flag_of_the_Soviet_Union.svg.png,GAZ-66,captured,https://postimg.cc/JsnnQ5TW,55,0,NA,NA,NA,NA,2022-10-04T21:08:09Z
"Trucks, Vehicles and Jeeps",Ukraine,https://upload.wikimedia.org/wikipedia/commons/thumb/a/a9/Flag_of_the_Soviet_Union.svg/23px-Flag_of_the_Soviet_Union.svg.png,GAZ-66,captured,https://i.postimg.cc/yNymWq1g/2114.jpg,55,0,NA,NA,NA,NA,2022-10-04T21:08:09Z
"Trucks, Vehicles and Jeeps",Ukraine,https://upload.wikimedia.org/wikipedia/commons/thumb/a/a9/Flag_of_the_Soviet_Union.svg/23px-Flag_of_the_Soviet_Union.svg.png,GAZ-66,captured,https://i.postimg.cc/qR4Nyztq/113.png,55,0,NA,NA,NA,NA,2022-10-04T21:08:09Z
"Trucks, Vehicles and Jeeps",Ukraine,https://upload.wikimedia.org/wikipedia/commons/thumb/a/a9/Flag_of_the_Soviet_Union.svg/23px-Flag_of_the_Soviet_Union.svg.png,GAZ-66,captured,https://i.postimg.cc/JnVmfxgG/bl.png,55,0,NA,NA,NA,NA,2022-10-04T21:08:09Z
"Trucks, Vehicles and Jeeps",Ukraine,https://upload.wikimedia.org/wikipedia/commons/thumb/a/a9/Flag_of_the_Soviet_Union.svg/23px-Flag_of_the_Soviet_Union.svg.png,ZiL-130,destroyed,https://i.postimg.cc/SxLW3hgy/59.png,1,0,NA,NA,NA,NA,2022-10-04T21:08:09Z
"Trucks, Vehicles and Jeeps",Ukraine,https://upload.wikimedia.org/wikipedia/commons/thumb/a/a9/Flag_of_the_Soviet_Union.svg/23px-Flag_of_the_Soviet_Union.svg.png,ZiL-131,destroyed,https://i.postimg.cc/t4mkVgHr/36.png,75,0,NA,NA,NA,NA,2022-10-04T21:08:09Z
"Trucks, Vehicles and Jeeps",Ukraine,https://upload.wikimedia.org/wikipedia/commons/thumb/a/a9/Flag_of_the_Soviet_Union.svg/23px-Flag_of_the_Soviet_Union.svg.png,ZiL-131,destroyed,https://i.postimg.cc/kgPHnGM8/j8.png,75,0,NA,NA,NA,NA,2022-10-04T21:08:09Z
"Trucks, Vehicles and Jeeps",Ukraine,https://upload.wikimedia.org/wikipedia/commons/thumb/a/a9/Flag_of_the_Soviet_Union.svg/23px-Flag_of_the_Soviet_Union.svg.png,ZiL-131,destroyed,https://i.postimg.cc/yxvN7tc3/69.png,75,0,NA,NA,NA,NA,2022-10-04T21:08:09Z
"Trucks, Vehicles and Jeeps",Ukraine,https://upload.wikimedia.org/wikipedia/commons/thumb/a/a9/Flag_of_the_Soviet_Union.svg/23px-Flag_of_the_Soviet_Union.svg.png,ZiL-131,destroyed,https://i.postimg.cc/TPjprZk7/g7889.png,75,0,NA,NA,NA,NA,2022-10-04T21:08:09Z
"Trucks, Vehicles and Jeeps",Ukraine,https://upload.wikimedia.org/wikipedia/commons/thumb/a/a9/Flag_of_the_Soviet_Union.svg/23px-Flag_of_the_Soviet_Union.svg.png,ZiL-131,destroyed,https://i.postimg.cc/3wXqjPj0/Screenshot-8077.png,75,0,NA,NA,NA,NA,2022-10-04T21:08:09Z
"Trucks, Vehicles and Jeeps",Ukraine,https://upload.wikimedia.org/wikipedia/commons/thumb/a/a9/Flag_of_the_Soviet_Union.svg/23px-Flag_of_the_Soviet_Union.svg.png,ZiL-131,destroyed,https://i.postimg.cc/K8Zh5MxD/ty.png,75,0,NA,NA,NA,NA,2022-10-04T21:08:09Z
"Trucks, Vehicles and Jeeps",Ukraine,https://upload.wikimedia.org/wikipedia/commons/thumb/a/a9/Flag_of_the_Soviet_Union.svg/23px-Flag_of_the_Soviet_Union.svg.png,ZiL-131,destroyed,https://i.postimg.cc/qqgqjtjy/16.png,75,0,NA,NA,NA,NA,2022-10-04T21:08:09Z
"Trucks, Vehicles and Jeeps",Ukraine,https://upload.wikimedia.org/wikipedia/commons/thumb/a/a9/Flag_of_the_Soviet_Union.svg/23px-Flag_of_the_Soviet_Union.svg.png,ZiL-131,destroyed,https://i.postimg.cc/zfNvWFGV/1010.png,75,0,NA,NA,NA,NA,2022-10-04T21:08:09Z
"Trucks, Vehicles and Jeeps",Ukraine,https://upload.wikimedia.org/wikipedia/commons/thumb/a/a9/Flag_of_the_Soviet_Union.svg/23px-Flag_of_the_Soviet_Union.svg.png,ZiL-131,destroyed,https://i.postimg.cc/W4yTJ718/n89.jpg,75,0,NA,NA,NA,NA,2022-10-04T21:08:09Z
"Trucks, Vehicles and Jeeps",Ukraine,https://upload.wikimedia.org/wikipedia/commons/thumb/a/a9/Flag_of_the_Soviet_Union.svg/23px-Flag_of_the_Soviet_Union.svg.png,ZiL-131,destroyed,https://i.postimg.cc/kMyYwYw2/f25.png,75,0,NA,NA,NA,NA,2022-10-04T21:08:09Z
"Trucks, Vehicles and Jeeps",Ukraine,https://upload.wikimedia.org/wikipedia/commons/thumb/a/a9/Flag_of_the_Soviet_Union.svg/23px-Flag_of_the_Soviet_Union.svg.png,ZiL-131,destroyed,https://i.postimg.cc/kMyYwYw2/f25.png,75,0,NA,NA,NA,NA,2022-10-04T21:08:09Z
"Trucks, Vehicles and Jeeps",Ukraine,https://upload.wikimedia.org/wikipedia/commons/thumb/a/a9/Flag_of_the_Soviet_Union.svg/23px-Flag_of_the_Soviet_Union.svg.png,ZiL-131,destroyed,https://i.postimg.cc/W46c2YkQ/41.jpg,75,0,NA,NA,NA,NA,2022-10-04T21:08:09Z
"Trucks, Vehicles and Jeeps",Ukraine,https://upload.wikimedia.org/wikipedia/commons/thumb/a/a9/Flag_of_the_Soviet_Union.svg/23px-Flag_of_the_Soviet_Union.svg.png,ZiL-131,destroyed,https://i.postimg.cc/vmzFrynH/688.png,75,0,NA,NA,NA,NA,2022-10-04T21:08:09Z
"Trucks, Vehicles and Jeeps",Ukraine,https://upload.wikimedia.org/wikipedia/commons/thumb/a/a9/Flag_of_the_Soviet_Union.svg/23px-Flag_of_the_Soviet_Union.svg.png,ZiL-131,destroyed,https://i.postimg.cc/g0hRyMFD/4378.png,75,0,NA,NA,NA,NA,2022-10-04T21:08:09Z
"Trucks, Vehicles and Jeeps",Ukraine,https://upload.wikimedia.org/wikipedia/commons/thumb/a/a9/Flag_of_the_Soviet_Union.svg/23px-Flag_of_the_Soviet_Union.svg.png,ZiL-131,destroyed,https://i.postimg.cc/g0hRyMFD/4378.png,75,0,NA,NA,NA,NA,2022-10-04T21:08:09Z
"Trucks, Vehicles and Jeeps",Ukraine,https://upload.wikimedia.org/wikipedia/commons/thumb/a/a9/Flag_of_the_Soviet_Union.svg/23px-Flag_of_the_Soviet_Union.svg.png,ZiL-131,destroyed,https://i.postimg.cc/YC4h80sW/699.png,75,0,NA,NA,NA,NA,2022-10-04T21:08:09Z
"Trucks, Vehicles and Jeeps",Ukraine,https://upload.wikimedia.org/wikipedia/commons/thumb/a/a9/Flag_of_the_Soviet_Union.svg/23px-Flag_of_the_Soviet_Union.svg.png,ZiL-131,destroyed,https://i.postimg.cc/YC4h80sW/699.png,75,0,NA,NA,NA,NA,2022-10-04T21:08:09Z
"Trucks, Vehicles and Jeeps",Ukraine,https://upload.wikimedia.org/wikipedia/commons/thumb/a/a9/Flag_of_the_Soviet_Union.svg/23px-Flag_of_the_Soviet_Union.svg.png,ZiL-131,destroyed,https://i.postimg.cc/Sxs8sWC3/39.png,75,0,NA,NA,NA,NA,2022-10-04T21:08:09Z
"Trucks, Vehicles and Jeeps",Ukraine,https://upload.wikimedia.org/wikipedia/commons/thumb/a/a9/Flag_of_the_Soviet_Union.svg/23px-Flag_of_the_Soviet_Union.svg.png,ZiL-131,destroyed,https://i.postimg.cc/fRjwqY7k/438.png,75,0,NA,NA,NA,NA,2022-10-04T21:08:09Z
"Trucks, Vehicles and Jeeps",Ukraine,https://upload.wikimedia.org/wikipedia/commons/thumb/a/a9/Flag_of_the_Soviet_Union.svg/23px-Flag_of_the_Soviet_Union.svg.png,ZiL-131,destroyed,https://i.postimg.cc/8PbzrMFn/6588.jpg,75,0,NA,NA,NA,NA,2022-10-04T21:08:09Z
"Trucks, Vehicles and Jeeps",Ukraine,https://upload.wikimedia.org/wikipedia/commons/thumb/a/a9/Flag_of_the_Soviet_Union.svg/23px-Flag_of_the_Soviet_Union.svg.png,ZiL-131,destroyed,https://i.postimg.cc/L8LbrN1L/584.png,75,0,NA,NA,NA,NA,2022-10-04T21:08:09Z
"Trucks, Vehicles and Jeeps",Ukraine,https://upload.wikimedia.org/wikipedia/commons/thumb/a/a9/Flag_of_the_Soviet_Union.svg/23px-Flag_of_the_Soviet_Union.svg.png,ZiL-131,destroyed,https://i.postimg.cc/TY8njjkJ/2116.jpg,75,0,NA,NA,NA,NA,2022-10-04T21:08:09Z
"Trucks, Vehicles and Jeeps",Ukraine,https://upload.wikimedia.org/wikipedia/commons/thumb/a/a9/Flag_of_the_Soviet_Union.svg/23px-Flag_of_the_Soviet_Union.svg.png,ZiL-131,destroyed,https://i.postimg.cc/4ygjV7j4/2115.jpg,75,0,NA,NA,NA,NA,2022-10-04T21:08:09Z
"Trucks, Vehicles and Jeeps",Ukraine,https://upload.wikimedia.org/wikipedia/commons/thumb/a/a9/Flag_of_the_Soviet_Union.svg/23px-Flag_of_the_Soviet_Union.svg.png,ZiL-131,destroyed,https://i.postimg.cc/4ygjV7j4/2115.jpg,75,0,NA,NA,NA,NA,2022-10-04T21:08:09Z
"Trucks, Vehicles and Jeeps",Ukraine,https://upload.wikimedia.org/wikipedia/commons/thumb/a/a9/Flag_of_the_Soviet_Union.svg/23px-Flag_of_the_Soviet_Union.svg.png,ZiL-131,destroyed,https://i.postimg.cc/4ygjV7j4/2115.jpg,75,0,NA,NA,NA,NA,2022-10-04T21:08:09Z
"Trucks, Vehicles and Jeeps",Ukraine,https://upload.wikimedia.org/wikipedia/commons/thumb/a/a9/Flag_of_the_Soviet_Union.svg/23px-Flag_of_the_Soviet_Union.svg.png,ZiL-131,destroyed,https://i.postimg.cc/4ygjV7j4/2115.jpg,75,0,NA,NA,NA,NA,2022-10-04T21:08:09Z
"Trucks, Vehicles and Jeeps",Ukraine,https://upload.wikimedia.org/wikipedia/commons/thumb/a/a9/Flag_of_the_Soviet_Union.svg/23px-Flag_of_the_Soviet_Union.svg.png,ZiL-131,destroyed,https://i.postimg.cc/4ygjV7j4/2115.jpg,75,0,NA,NA,NA,NA,2022-10-04T21:08:09Z
"Trucks, Vehicles and Jeeps",Ukraine,https://upload.wikimedia.org/wikipedia/commons/thumb/a/a9/Flag_of_the_Soviet_Union.svg/23px-Flag_of_the_Soviet_Union.svg.png,ZiL-131,destroyed,https://postimg.cc/njV33h6t,75,0,NA,NA,NA,NA,2022-10-04T21:08:09Z
"Trucks, Vehicles and Jeeps",Ukraine,https://upload.wikimedia.org/wikipedia/commons/thumb/a/a9/Flag_of_the_Soviet_Union.svg/23px-Flag_of_the_Soviet_Union.svg.png,ZiL-131,destroyed,https://i.postimg.cc/CKNMhdv2/f4.png,75,0,NA,NA,NA,NA,2022-10-04T21:08:09Z
"Trucks, Vehicles and Jeeps",Ukraine,https://upload.wikimedia.org/wikipedia/commons/thumb/a/a9/Flag_of_the_Soviet_Union.svg/23px-Flag_of_the_Soviet_Union.svg.png,ZiL-131,destroyed,https://i.postimg.cc/0NBngdSQ/2022-09-27-UA-Zi-L-131-with-ZU-23.jpg,75,0,NA,NA,NA,NA,2022-10-04T21:08:09Z
"Trucks, Vehicles and Jeeps",Ukraine,https://upload.wikimedia.org/wikipedia/commons/thumb/a/a9/Flag_of_the_Soviet_Union.svg/23px-Flag_of_the_Soviet_Union.svg.png,ZiL-131,destroyed,https://i.postimg.cc/G2CKKhn3/2022-09-27-UA-Zi-L-131.jpg,75,0,NA,NA,NA,NA,2022-10-04T21:08:09Z
"Trucks, Vehicles and Jeeps",Ukraine,https://upload.wikimedia.org/wikipedia/commons/thumb/a/a9/Flag_of_the_Soviet_Union.svg/23px-Flag_of_the_Soviet_Union.svg.png,ZiL-131,destroyed,https://i.postimg.cc/xjvjNhqv/Zil-131-and-kung-destroyed.png,75,0,NA,NA,NA,NA,2022-10-04T21:08:09Z
"Trucks, Vehicles and Jeeps",Ukraine,https://upload.wikimedia.org/wikipedia/commons/thumb/a/a9/Flag_of_the_Soviet_Union.svg/23px-Flag_of_the_Soviet_Union.svg.png,ZiL-131,abandoned,https://i.postimg.cc/bvh79gN2/d240.png,75,0,NA,NA,NA,NA,2022-10-04T21:08:09Z
"Trucks, Vehicles and Jeeps",Ukraine,https://upload.wikimedia.org/wikipedia/commons/thumb/a/a9/Flag_of_the_Soviet_Union.svg/23px-Flag_of_the_Soviet_Union.svg.png,ZiL-131,abandoned,https://i.postimg.cc/0j3LGCqH/Screenshot-8103.png,75,0,NA,NA,NA,NA,2022-10-04T21:08:09Z
"Trucks, Vehicles and Jeeps",Ukraine,https://upload.wikimedia.org/wikipedia/commons/thumb/a/a9/Flag_of_the_Soviet_Union.svg/23px-Flag_of_the_Soviet_Union.svg.png,ZiL-131,captured,https://i.postimg.cc/P5Y9S2VJ/d23.png,75,0,NA,NA,NA,NA,2022-10-04T21:08:09Z
"Trucks, Vehicles and Jeeps",Ukraine,https://upload.wikimedia.org/wikipedia/commons/thumb/a/a9/Flag_of_the_Soviet_Union.svg/23px-Flag_of_the_Soviet_Union.svg.png,ZiL-131,captured,https://i.postimg.cc/FsT4y5HJ/287.png,75,0,NA,NA,NA,NA,2022-10-04T21:08:09Z
"Trucks, Vehicles and Jeeps",Ukraine,https://upload.wikimedia.org/wikipedia/commons/thumb/a/a9/Flag_of_the_Soviet_Union.svg/23px-Flag_of_the_Soviet_Union.svg.png,ZiL-131,captured,https://i.postimg.cc/YSjX5Wrj/dd11.png,75,0,NA,NA,NA,NA,2022-10-04T21:08:09Z
"Trucks, Vehicles and Jeeps",Ukraine,https://upload.wikimedia.org/wikipedia/commons/thumb/a/a9/Flag_of_the_Soviet_Union.svg/23px-Flag_of_the_Soviet_Union.svg.png,ZiL-131,captured,https://i.postimg.cc/Znf3n1fc/542f.png,75,0,NA,NA,NA,NA,2022-10-04T21:08:09Z
"Trucks, Vehicles and Jeeps",Ukraine,https://upload.wikimedia.org/wikipedia/commons/thumb/a/a9/Flag_of_the_Soviet_Union.svg/23px-Flag_of_the_Soviet_Union.svg.png,ZiL-131,captured,https://i.postimg.cc/0jN22LVY/d1h.png,75,0,NA,NA,NA,NA,2022-10-04T21:08:09Z
"Trucks, Vehicles and Jeeps",Ukraine,https://upload.wikimedia.org/wikipedia/commons/thumb/a/a9/Flag_of_the_Soviet_Union.svg/23px-Flag_of_the_Soviet_Union.svg.png,ZiL-131,captured,https://i.postimg.cc/0jN22LVY/d1h.png,75,0,NA,NA,NA,NA,2022-10-04T21:08:09Z
"Trucks, Vehicles and Jeeps",Ukraine,https://upload.wikimedia.org/wikipedia/commons/thumb/a/a9/Flag_of_the_Soviet_Union.svg/23px-Flag_of_the_Soviet_Union.svg.png,ZiL-131,captured,https://i.postimg.cc/0jN22LVY/d1h.png,75,0,NA,NA,NA,NA,2022-10-04T21:08:09Z
"Trucks, Vehicles and Jeeps",Ukraine,https://upload.wikimedia.org/wikipedia/commons/thumb/a/a9/Flag_of_the_Soviet_Union.svg/23px-Flag_of_the_Soviet_Union.svg.png,ZiL-131,captured,https://i.postimg.cc/kXMB2DzL/43.png,75,0,NA,NA,NA,NA,2022-10-04T21:08:09Z
"Trucks, Vehicles and Jeeps",Ukraine,https://upload.wikimedia.org/wikipedia/commons/thumb/a/a9/Flag_of_the_Soviet_Union.svg/23px-Flag_of_the_Soviet_Union.svg.png,ZiL-131,captured,https://i.postimg.cc/5tCYqTxz/5gh.png,75,0,NA,NA,NA,NA,2022-10-04T21:08:09Z
"Trucks, Vehicles and Jeeps",Ukraine,https://upload.wikimedia.org/wikipedia/commons/thumb/a/a9/Flag_of_the_Soviet_Union.svg/23px-Flag_of_the_Soviet_Union.svg.png,ZiL-131,captured,https://i.postimg.cc/gJR5my9Q/769.png,75,0,NA,NA,NA,NA,2022-10-04T21:08:09Z
"Trucks, Vehicles and Jeeps",Ukraine,https://upload.wikimedia.org/wikipedia/commons/thumb/a/a9/Flag_of_the_Soviet_Union.svg/23px-Flag_of_the_Soviet_Union.svg.png,ZiL-131,captured,https://i.postimg.cc/MpBn265v/Screenshot-8120.png,75,0,NA,NA,NA,NA,2022-10-04T21:08:09Z
"Trucks, Vehicles and Jeeps",Ukraine,https://upload.wikimedia.org/wikipedia/commons/thumb/a/a9/Flag_of_the_Soviet_Union.svg/23px-Flag_of_the_Soviet_Union.svg.png,ZiL-131,captured,https://i.postimg.cc/52B628K8/776.png,75,0,NA,NA,NA,NA,2022-10-04T21:08:09Z
"Trucks, Vehicles and Jeeps",Ukraine,https://upload.wikimedia.org/wikipedia/commons/thumb/a/a9/Flag_of_the_Soviet_Union.svg/23px-Flag_of_the_Soviet_Union.svg.png,ZiL-131,captured,https://i.postimg.cc/52B628K8/776.png,75,0,NA,NA,NA,NA,2022-10-04T21:08:09Z
"Trucks, Vehicles and Jeeps",Ukraine,https://upload.wikimedia.org/wikipedia/commons/thumb/a/a9/Flag_of_the_Soviet_Union.svg/23px-Flag_of_the_Soviet_Union.svg.png,ZiL-131,captured,https://i.postimg.cc/52B628K8/776.png,75,0,NA,NA,NA,NA,2022-10-04T21:08:09Z
"Trucks, Vehicles and Jeeps",Ukraine,https://upload.wikimedia.org/wikipedia/commons/thumb/a/a9/Flag_of_the_Soviet_Union.svg/23px-Flag_of_the_Soviet_Union.svg.png,ZiL-131,captured,https://i.postimg.cc/52B628K8/776.png,75,0,NA,NA,NA,NA,2022-10-04T21:08:09Z
"Trucks, Vehicles and Jeeps",Ukraine,https://upload.wikimedia.org/wikipedia/commons/thumb/a/a9/Flag_of_the_Soviet_Union.svg/23px-Flag_of_the_Soviet_Union.svg.png,ZiL-131,captured,https://i.postimg.cc/52B628K8/776.png,75,0,NA,NA,NA,NA,2022-10-04T21:08:09Z
"Trucks, Vehicles and Jeeps",Ukraine,https://upload.wikimedia.org/wikipedia/commons/thumb/a/a9/Flag_of_the_Soviet_Union.svg/23px-Flag_of_the_Soviet_Union.svg.png,ZiL-131,captured,https://i.postimg.cc/gjZJhhsy/14.png,75,0,NA,NA,NA,NA,2022-10-04T21:08:09Z
"Trucks, Vehicles and Jeeps",Ukraine,https://upload.wikimedia.org/wikipedia/commons/thumb/a/a9/Flag_of_the_Soviet_Union.svg/23px-Flag_of_the_Soviet_Union.svg.png,ZiL-131,captured,https://i.postimg.cc/Fsxkm2Wh/71.png,75,0,NA,NA,NA,NA,2022-10-04T21:08:09Z
"Trucks, Vehicles and Jeeps",Ukraine,https://upload.wikimedia.org/wikipedia/commons/thumb/a/a9/Flag_of_the_Soviet_Union.svg/23px-Flag_of_the_Soviet_Union.svg.png,ZiL-131,captured,https://i.postimg.cc/W3WjXwXL/Screenshot-8114.png,75,0,NA,NA,NA,NA,2022-10-04T21:08:09Z
"Trucks, Vehicles and Jeeps",Ukraine,https://upload.wikimedia.org/wikipedia/commons/thumb/a/a9/Flag_of_the_Soviet_Union.svg/23px-Flag_of_the_Soviet_Union.svg.png,ZiL-131,captured,https://i.postimg.cc/WpqbXQL5/Screenshot-8113.png,75,0,NA,NA,NA,NA,2022-10-04T21:08:09Z
"Trucks, Vehicles and Jeeps",Ukraine,https://upload.wikimedia.org/wikipedia/commons/thumb/a/a9/Flag_of_the_Soviet_Union.svg/23px-Flag_of_the_Soviet_Union.svg.png,ZiL-131,captured,https://i.postimg.cc/YCr7KPZK/Screenshot-8156.png,75,0,NA,NA,NA,NA,2022-10-04T21:08:09Z
"Trucks, Vehicles and Jeeps",Ukraine,https://upload.wikimedia.org/wikipedia/commons/thumb/a/a9/Flag_of_the_Soviet_Union.svg/23px-Flag_of_the_Soviet_Union.svg.png,ZiL-131,captured,https://i.postimg.cc/SxghyrbX/Screenshot-8159.png,75,0,NA,NA,NA,NA,2022-10-04T21:08:09Z
"Trucks, Vehicles and Jeeps",Ukraine,https://upload.wikimedia.org/wikipedia/commons/thumb/a/a9/Flag_of_the_Soviet_Union.svg/23px-Flag_of_the_Soviet_Union.svg.png,ZiL-131,captured,https://i.postimg.cc/jdK0P9sw/Screenshot-8123.png,75,0,NA,NA,NA,NA,2022-10-04T21:08:09Z
"Trucks, Vehicles and Jeeps",Ukraine,https://upload.wikimedia.org/wikipedia/commons/thumb/a/a9/Flag_of_the_Soviet_Union.svg/23px-Flag_of_the_Soviet_Union.svg.png,ZiL-131,captured,https://i.postimg.cc/Dwx8tLC6/Screenshot-8135.png,75,0,NA,NA,NA,NA,2022-10-04T21:08:09Z
"Trucks, Vehicles and Jeeps",Ukraine,https://upload.wikimedia.org/wikipedia/commons/thumb/a/a9/Flag_of_the_Soviet_Union.svg/23px-Flag_of_the_Soviet_Union.svg.png,ZiL-131,captured,https://i.postimg.cc/tTXvY0dp/Screenshot-8143.png,75,0,NA,NA,NA,NA,2022-10-04T21:08:09Z
"Trucks, Vehicles and Jeeps",Ukraine,https://upload.wikimedia.org/wikipedia/commons/thumb/a/a9/Flag_of_the_Soviet_Union.svg/23px-Flag_of_the_Soviet_Union.svg.png,ZiL-131,captured,https://i.postimg.cc/HLj4KptJ/Screenshot-8116.png,75,0,NA,NA,NA,NA,2022-10-04T21:08:09Z
"Trucks, Vehicles and Jeeps",Ukraine,https://upload.wikimedia.org/wikipedia/commons/thumb/a/a9/Flag_of_the_Soviet_Union.svg/23px-Flag_of_the_Soviet_Union.svg.png,ZiL-131,captured,https://i.postimg.cc/HLj4KptJ/Screenshot-8116.png,75,0,NA,NA,NA,NA,2022-10-04T21:08:09Z
"Trucks, Vehicles and Jeeps",Ukraine,https://upload.wikimedia.org/wikipedia/commons/thumb/a/a9/Flag_of_the_Soviet_Union.svg/23px-Flag_of_the_Soviet_Union.svg.png,ZiL-131,captured,https://i.postimg.cc/HLj4KptJ/Screenshot-8116.png,75,0,NA,NA,NA,NA,2022-10-04T21:08:09Z
"Trucks, Vehicles and Jeeps",Ukraine,https://upload.wikimedia.org/wikipedia/commons/thumb/a/a9/Flag_of_the_Soviet_Union.svg/23px-Flag_of_the_Soviet_Union.svg.png,ZiL-131,captured,https://i.postimg.cc/65Rmyxxy/5548.png,75,0,NA,NA,NA,NA,2022-10-04T21:08:09Z
"Trucks, Vehicles and Jeeps",Ukraine,https://upload.wikimedia.org/wikipedia/commons/thumb/a/a9/Flag_of_the_Soviet_Union.svg/23px-Flag_of_the_Soviet_Union.svg.png,ZiL-131,captured,https://i.postimg.cc/CMqVxGPy/tt3.png,75,0,NA,NA,NA,NA,2022-10-04T21:08:09Z
"Trucks, Vehicles and Jeeps",Ukraine,https://upload.wikimedia.org/wikipedia/commons/thumb/a/a9/Flag_of_the_Soviet_Union.svg/23px-Flag_of_the_Soviet_Union.svg.png,ZiL-131,captured,https://i.postimg.cc/66Rmy0HF/37.png,75,0,NA,NA,NA,NA,2022-10-04T21:08:09Z
"Trucks, Vehicles and Jeeps",Ukraine,https://upload.wikimedia.org/wikipedia/commons/thumb/a/a9/Flag_of_the_Soviet_Union.svg/23px-Flag_of_the_Soviet_Union.svg.png,ZiL-131,captured,https://i.postimg.cc/BbS3BJ4w/668.jpg,75,0,NA,NA,NA,NA,2022-10-04T21:08:09Z
"Trucks, Vehicles and Jeeps",Ukraine,https://upload.wikimedia.org/wikipedia/commons/thumb/a/a9/Flag_of_the_Soviet_Union.svg/23px-Flag_of_the_Soviet_Union.svg.png,ZiL-131,captured,https://i.postimg.cc/KzPKpVCk/Screenshot-8115.png,75,0,NA,NA,NA,NA,2022-10-04T21:08:09Z
"Trucks, Vehicles and Jeeps",Ukraine,https://upload.wikimedia.org/wikipedia/commons/thumb/a/a9/Flag_of_the_Soviet_Union.svg/23px-Flag_of_the_Soviet_Union.svg.png,ZiL-131,captured,https://i.postimg.cc/vBpfYjxd/g8.png,75,0,NA,NA,NA,NA,2022-10-04T21:08:09Z
"Trucks, Vehicles and Jeeps",Ukraine,https://upload.wikimedia.org/wikipedia/commons/thumb/a/a9/Flag_of_the_Soviet_Union.svg/23px-Flag_of_the_Soviet_Union.svg.png,ZiL-131,captured,https://i.postimg.cc/7LSW8dKp/35.png,75,0,NA,NA,NA,NA,2022-10-04T21:08:09Z
"Trucks, Vehicles and Jeeps",Ukraine,https://upload.wikimedia.org/wikipedia/commons/thumb/a/a9/Flag_of_the_Soviet_Union.svg/23px-Flag_of_the_Soviet_Union.svg.png,ZiL-131,captured,https://i.postimg.cc/fL9yXJ40/bf.png,75,0,NA,NA,NA,NA,2022-10-04T21:08:09Z
"Trucks, Vehicles and Jeeps",Ukraine,https://upload.wikimedia.org/wikipedia/commons/thumb/a/a9/Flag_of_the_Soviet_Union.svg/23px-Flag_of_the_Soviet_Union.svg.png,ZiL-131,captured,https://i.postimg.cc/Bb3Fnx8v/bl.png,75,0,NA,NA,NA,NA,2022-10-04T21:08:09Z
"Trucks, Vehicles and Jeeps",Ukraine,https://upload.wikimedia.org/wikipedia/commons/thumb/a/a9/Flag_of_the_Soviet_Union.svg/23px-Flag_of_the_Soviet_Union.svg.png,ZiL-131,captured,https://postimg.cc/87Yh4HSS,75,0,NA,NA,NA,NA,2022-10-04T21:08:09Z
"Trucks, Vehicles and Jeeps",Ukraine,https://upload.wikimedia.org/wikipedia/commons/thumb/a/a9/Flag_of_the_Soviet_Union.svg/23px-Flag_of_the_Soviet_Union.svg.png,ZiL-131,captured,https://i.postimg.cc/fLFKfwz9/s4.png,75,0,NA,NA,NA,NA,2022-10-04T21:08:09Z
"Trucks, Vehicles and Jeeps",Ukraine,https://upload.wikimedia.org/wikipedia/commons/thumb/a/a9/Flag_of_the_Soviet_Union.svg/23px-Flag_of_the_Soviet_Union.svg.png,ZiL-131,captured,https://i.postimg.cc/c1tQ8kcJ/2117.jpg,75,0,NA,NA,NA,NA,2022-10-04T21:08:09Z
"Trucks, Vehicles and Jeeps",Ukraine,https://upload.wikimedia.org/wikipedia/commons/thumb/a/a9/Flag_of_the_Soviet_Union.svg/23px-Flag_of_the_Soviet_Union.svg.png,ZiL-131,captured,https://i.postimg.cc/cChFLXF9/4333.png,75,0,NA,NA,NA,NA,2022-10-04T21:08:09Z
"Trucks, Vehicles and Jeeps",Ukraine,https://upload.wikimedia.org/wikipedia/commons/thumb/a/a9/Flag_of_the_Soviet_Union.svg/23px-Flag_of_the_Soviet_Union.svg.png,ZiL-4331,captured,https://i.postimg.cc/jdwPsc1f/1012.jpg,1,0,NA,NA,NA,NA,2022-10-04T21:08:09Z
"Trucks, Vehicles and Jeeps",Ukraine,https://upload.wikimedia.org/wikipedia/commons/thumb/a/a9/Flag_of_the_Soviet_Union.svg/23px-Flag_of_the_Soviet_Union.svg.png,ZiL-157,captured,https://i.postimg.cc/05h304Pd/Screenshot-8143.png,1,0,NA,NA,NA,NA,2022-10-04T21:08:09Z
"Trucks, Vehicles and Jeeps",Ukraine,https://upload.wikimedia.org/wikipedia/commons/thumb/a/a9/Flag_of_the_Soviet_Union.svg/23px-Flag_of_the_Soviet_Union.svg.png,ZiL-181,destroyed,https://i.postimg.cc/4dh6yP2f/d1.png,1,0,NA,NA,NA,NA,2022-10-04T21:08:09Z
"Trucks, Vehicles and Jeeps",Ukraine,https://upload.wikimedia.org/wikipedia/commons/thumb/a/a9/Flag_of_the_Soviet_Union.svg/23px-Flag_of_the_Soviet_Union.svg.png,Ural-375D,destroyed,https://i.postimg.cc/wMdN04Dt/3378.png,17,0,NA,NA,NA,NA,2022-10-04T21:08:09Z
"Trucks, Vehicles and Jeeps",Ukraine,https://upload.wikimedia.org/wikipedia/commons/thumb/a/a9/Flag_of_the_Soviet_Union.svg/23px-Flag_of_the_Soviet_Union.svg.png,Ural-375D,destroyed,https://i.postimg.cc/tJCFTn3L/truck1.jpg,17,0,NA,NA,NA,NA,2022-10-04T21:08:09Z
"Trucks, Vehicles and Jeeps",Ukraine,https://upload.wikimedia.org/wikipedia/commons/thumb/a/a9/Flag_of_the_Soviet_Union.svg/23px-Flag_of_the_Soviet_Union.svg.png,Ural-375D,destroyed,https://i.postimg.cc/Cxn2nXFK/311.png,17,0,NA,NA,NA,NA,2022-10-04T21:08:09Z
"Trucks, Vehicles and Jeeps",Ukraine,https://upload.wikimedia.org/wikipedia/commons/thumb/a/a9/Flag_of_the_Soviet_Union.svg/23px-Flag_of_the_Soviet_Union.svg.png,Ural-375D,destroyed,https://postimg.cc/zLGjfVk0,17,0,NA,NA,NA,NA,2022-10-04T21:08:09Z
"Trucks, Vehicles and Jeeps",Ukraine,https://upload.wikimedia.org/wikipedia/commons/thumb/a/a9/Flag_of_the_Soviet_Union.svg/23px-Flag_of_the_Soviet_Union.svg.png,Ural-375D,captured,https://i.postimg.cc/jdRM3Vky/f30.png,17,0,NA,NA,NA,NA,2022-10-04T21:08:09Z
"Trucks, Vehicles and Jeeps",Ukraine,https://upload.wikimedia.org/wikipedia/commons/thumb/a/a9/Flag_of_the_Soviet_Union.svg/23px-Flag_of_the_Soviet_Union.svg.png,Ural-375D,captured,https://i.postimg.cc/90crT04r/776.png,17,0,NA,NA,NA,NA,2022-10-04T21:08:09Z
"Trucks, Vehicles and Jeeps",Ukraine,https://upload.wikimedia.org/wikipedia/commons/thumb/a/a9/Flag_of_the_Soviet_Union.svg/23px-Flag_of_the_Soviet_Union.svg.png,Ural-375D,captured,https://i.postimg.cc/2SzvZzbq/443.png,17,0,NA,NA,NA,NA,2022-10-04T21:08:09Z
"Trucks, Vehicles and Jeeps",Ukraine,https://upload.wikimedia.org/wikipedia/commons/thumb/a/a9/Flag_of_the_Soviet_Union.svg/23px-Flag_of_the_Soviet_Union.svg.png,Ural-375D,captured,https://i.postimg.cc/3JrJjW1H/Screenshot-8172.png,17,0,NA,NA,NA,NA,2022-10-04T21:08:09Z
"Trucks, Vehicles and Jeeps",Ukraine,https://upload.wikimedia.org/wikipedia/commons/thumb/a/a9/Flag_of_the_Soviet_Union.svg/23px-Flag_of_the_Soviet_Union.svg.png,Ural-375D,captured,https://i.postimg.cc/L8n977GC/Screenshot-8173.png,17,0,NA,NA,NA,NA,2022-10-04T21:08:09Z
"Trucks, Vehicles and Jeeps",Ukraine,https://upload.wikimedia.org/wikipedia/commons/thumb/a/a9/Flag_of_the_Soviet_Union.svg/23px-Flag_of_the_Soviet_Union.svg.png,Ural-375D,captured,https://i.postimg.cc/cHZMXQ6m/Screenshot-8149.png,17,0,NA,NA,NA,NA,2022-10-04T21:08:09Z
"Trucks, Vehicles and Jeeps",Ukraine,https://upload.wikimedia.org/wikipedia/commons/thumb/a/a9/Flag_of_the_Soviet_Union.svg/23px-Flag_of_the_Soviet_Union.svg.png,Ural-375D,captured,https://i.postimg.cc/4y6PXBMj/Screenshot-8166.png,17,0,NA,NA,NA,NA,2022-10-04T21:08:09Z
"Trucks, Vehicles and Jeeps",Ukraine,https://upload.wikimedia.org/wikipedia/commons/thumb/a/a9/Flag_of_the_Soviet_Union.svg/23px-Flag_of_the_Soviet_Union.svg.png,Ural-375D,captured,https://i.postimg.cc/3wrx1NYG/Screenshot-8113.png,17,0,NA,NA,NA,NA,2022-10-04T21:08:09Z
"Trucks, Vehicles and Jeeps",Ukraine,https://upload.wikimedia.org/wikipedia/commons/thumb/a/a9/Flag_of_the_Soviet_Union.svg/23px-Flag_of_the_Soviet_Union.svg.png,Ural-375D,captured,https://i.postimg.cc/SsT2C89j/Screenshot-8133.png,17,0,NA,NA,NA,NA,2022-10-04T21:08:09Z
"Trucks, Vehicles and Jeeps",Ukraine,https://upload.wikimedia.org/wikipedia/commons/thumb/a/a9/Flag_of_the_Soviet_Union.svg/23px-Flag_of_the_Soviet_Union.svg.png,Ural-375D,captured,https://i.postimg.cc/NM5JHFdK/4331.png,17,0,NA,NA,NA,NA,2022-10-04T21:08:09Z
"Trucks, Vehicles and Jeeps",Ukraine,https://upload.wikimedia.org/wikipedia/commons/thumb/a/a9/Flag_of_the_Soviet_Union.svg/23px-Flag_of_the_Soviet_Union.svg.png,Ural-375D,captured,https://i.postimg.cc/tT4XMQ4W/6665.jpg,17,0,NA,NA,NA,NA,2022-10-04T21:08:09Z
"Trucks, Vehicles and Jeeps",Ukraine,https://upload.wikimedia.org/wikipedia/commons/thumb/a/a9/Flag_of_the_Soviet_Union.svg/23px-Flag_of_the_Soviet_Union.svg.png,Ural-375D,captured,https://i.postimg.cc/vHvy3FYx/31.png,17,0,NA,NA,NA,NA,2022-10-04T21:08:09Z
"Trucks, Vehicles and Jeeps",Ukraine,https://upload.wikimedia.org/wikipedia/commons/thumb/a/a9/Flag_of_the_Soviet_Union.svg/23px-Flag_of_the_Soviet_Union.svg.png,Ural-375D,captured,https://i.postimg.cc/P5WfMppV/399.png,17,0,NA,NA,NA,NA,2022-10-04T21:08:09Z
"Trucks, Vehicles and Jeeps",Ukraine,https://upload.wikimedia.org/wikipedia/commons/thumb/a/a9/Flag_of_the_Soviet_Union.svg/23px-Flag_of_the_Soviet_Union.svg.png,Ural-4320,destroyed,https://postimg.cc/yJNnspb7,26,0,NA,NA,NA,NA,2022-10-04T21:08:09Z
"Trucks, Vehicles and Jeeps",Ukraine,https://upload.wikimedia.org/wikipedia/commons/thumb/a/a9/Flag_of_the_Soviet_Union.svg/23px-Flag_of_the_Soviet_Union.svg.png,Ural-4320,destroyed,https://i.postimg.cc/vmqnP67C/223.png,26,0,NA,NA,NA,NA,2022-10-04T21:08:09Z
"Trucks, Vehicles and Jeeps",Ukraine,https://upload.wikimedia.org/wikipedia/commons/thumb/a/a9/Flag_of_the_Soviet_Union.svg/23px-Flag_of_the_Soviet_Union.svg.png,Ural-4320,destroyed,https://i.postimg.cc/rshQS3MH/f4.png,26,0,NA,NA,NA,NA,2022-10-04T21:08:09Z
"Trucks, Vehicles and Jeeps",Ukraine,https://upload.wikimedia.org/wikipedia/commons/thumb/a/a9/Flag_of_the_Soviet_Union.svg/23px-Flag_of_the_Soviet_Union.svg.png,Ural-4320,destroyed,https://i.postimg.cc/GmRQzM1X/g8k.png,26,0,NA,NA,NA,NA,2022-10-04T21:08:09Z
"Trucks, Vehicles and Jeeps",Ukraine,https://upload.wikimedia.org/wikipedia/commons/thumb/a/a9/Flag_of_the_Soviet_Union.svg/23px-Flag_of_the_Soviet_Union.svg.png,Ural-4320,destroyed,https://i.postimg.cc/YStP5QYc/16.png,26,0,NA,NA,NA,NA,2022-10-04T21:08:09Z
"Trucks, Vehicles and Jeeps",Ukraine,https://upload.wikimedia.org/wikipedia/commons/thumb/a/a9/Flag_of_the_Soviet_Union.svg/23px-Flag_of_the_Soviet_Union.svg.png,Ural-4320,destroyed,https://postimg.cc/zbPPNnZC,26,0,NA,NA,NA,NA,2022-10-04T21:08:09Z
"Trucks, Vehicles and Jeeps",Ukraine,https://upload.wikimedia.org/wikipedia/commons/thumb/a/a9/Flag_of_the_Soviet_Union.svg/23px-Flag_of_the_Soviet_Union.svg.png,Ural-4320,destroyed,https://i.postimg.cc/TY5V8GDn/36.png,26,0,NA,NA,NA,NA,2022-10-04T21:08:09Z
"Trucks, Vehicles and Jeeps",Ukraine,https://upload.wikimedia.org/wikipedia/commons/thumb/a/a9/Flag_of_the_Soviet_Union.svg/23px-Flag_of_the_Soviet_Union.svg.png,Ural-4320,destroyed,https://i.postimg.cc/JzB6VTpG/1009.png,26,0,NA,NA,NA,NA,2022-10-04T21:08:09Z
"Trucks, Vehicles and Jeeps",Ukraine,https://upload.wikimedia.org/wikipedia/commons/thumb/a/a9/Flag_of_the_Soviet_Union.svg/23px-Flag_of_the_Soviet_Union.svg.png,Ural-4320,destroyed,https://postimg.cc/K17djsQB,26,0,NA,NA,NA,NA,2022-10-04T21:08:09Z
"Trucks, Vehicles and Jeeps",Ukraine,https://upload.wikimedia.org/wikipedia/commons/thumb/a/a9/Flag_of_the_Soviet_Union.svg/23px-Flag_of_the_Soviet_Union.svg.png,Ural-4320,destroyed,https://i.postimg.cc/W1yLc2Qj/1011.png,26,0,NA,NA,NA,NA,2022-10-04T21:08:09Z
"Trucks, Vehicles and Jeeps",Ukraine,https://upload.wikimedia.org/wikipedia/commons/thumb/a/a9/Flag_of_the_Soviet_Union.svg/23px-Flag_of_the_Soviet_Union.svg.png,Ural-4320,destroyed,https://i.postimg.cc/rm84TwFg/2022-09-16-UA-Ural-4320.png,26,0,NA,NA,NA,NA,2022-10-04T21:08:09Z
"Trucks, Vehicles and Jeeps",Ukraine,https://upload.wikimedia.org/wikipedia/commons/thumb/a/a9/Flag_of_the_Soviet_Union.svg/23px-Flag_of_the_Soviet_Union.svg.png,Ural-4320,destroyed,https://i.postimg.cc/6p203Qjd/7.png,26,0,NA,NA,NA,NA,2022-10-04T21:08:09Z
"Trucks, Vehicles and Jeeps",Ukraine,https://upload.wikimedia.org/wikipedia/commons/thumb/a/a9/Flag_of_the_Soviet_Union.svg/23px-Flag_of_the_Soviet_Union.svg.png,Ural-4320,destroyed,https://i.postimg.cc/HxyLd7jM/1018-unkn-truck-2x.jpg,26,0,NA,NA,NA,NA,2022-10-04T21:08:09Z
"Trucks, Vehicles and Jeeps",Ukraine,https://upload.wikimedia.org/wikipedia/commons/thumb/a/a9/Flag_of_the_Soviet_Union.svg/23px-Flag_of_the_Soviet_Union.svg.png,Ural-4320,destroyed,https://i.postimg.cc/HxyLd7jM/1018-unkn-truck-2x.jpg,26,0,NA,NA,NA,NA,2022-10-04T21:08:09Z
"Trucks, Vehicles and Jeeps",Ukraine,https://upload.wikimedia.org/wikipedia/commons/thumb/a/a9/Flag_of_the_Soviet_Union.svg/23px-Flag_of_the_Soviet_Union.svg.png,Ural-4320,damaged,https://i.postimg.cc/GmVqtBjC/328.png,26,0,NA,NA,NA,NA,2022-10-04T21:08:09Z
"Trucks, Vehicles and Jeeps",Ukraine,https://upload.wikimedia.org/wikipedia/commons/thumb/a/a9/Flag_of_the_Soviet_Union.svg/23px-Flag_of_the_Soviet_Union.svg.png,Ural-4320,captured,https://i.postimg.cc/C5t52NPf/Screenshot-8111.png,26,0,NA,NA,NA,NA,2022-10-04T21:08:09Z
"Trucks, Vehicles and Jeeps",Ukraine,https://upload.wikimedia.org/wikipedia/commons/thumb/a/a9/Flag_of_the_Soviet_Union.svg/23px-Flag_of_the_Soviet_Union.svg.png,Ural-4320,captured,https://i.postimg.cc/SQtnjSSN/Screenshot-8112.png,26,0,NA,NA,NA,NA,2022-10-04T21:08:09Z
"Trucks, Vehicles and Jeeps",Ukraine,https://upload.wikimedia.org/wikipedia/commons/thumb/a/a9/Flag_of_the_Soviet_Union.svg/23px-Flag_of_the_Soviet_Union.svg.png,Ural-4320,captured,https://i.postimg.cc/2SHMm16F/456.png,26,0,NA,NA,NA,NA,2022-10-04T21:08:09Z
"Trucks, Vehicles and Jeeps",Ukraine,https://upload.wikimedia.org/wikipedia/commons/thumb/a/a9/Flag_of_the_Soviet_Union.svg/23px-Flag_of_the_Soviet_Union.svg.png,Ural-4320,captured,https://i.postimg.cc/02n6DFYg/314.png,26,0,NA,NA,NA,NA,2022-10-04T21:08:09Z
"Trucks, Vehicles and Jeeps",Ukraine,https://upload.wikimedia.org/wikipedia/commons/thumb/a/a9/Flag_of_the_Soviet_Union.svg/23px-Flag_of_the_Soviet_Union.svg.png,Ural-4320,captured,https://i.postimg.cc/2yMp268K/tt1.png,26,0,NA,NA,NA,NA,2022-10-04T21:08:09Z
"Trucks, Vehicles and Jeeps",Ukraine,https://upload.wikimedia.org/wikipedia/commons/thumb/a/a9/Flag_of_the_Soviet_Union.svg/23px-Flag_of_the_Soviet_Union.svg.png,Ural-4320,captured,https://i.postimg.cc/JnpvdY9K/32.png,26,0,NA,NA,NA,NA,2022-10-04T21:08:09Z
"Trucks, Vehicles and Jeeps",Ukraine,https://upload.wikimedia.org/wikipedia/commons/thumb/a/a9/Flag_of_the_Soviet_Union.svg/23px-Flag_of_the_Soviet_Union.svg.png,Ural-4320,captured,https://i.postimg.cc/JnpvdY9K/32.png,26,0,NA,NA,NA,NA,2022-10-04T21:08:09Z
"Trucks, Vehicles and Jeeps",Ukraine,https://upload.wikimedia.org/wikipedia/commons/thumb/a/a9/Flag_of_the_Soviet_Union.svg/23px-Flag_of_the_Soviet_Union.svg.png,Ural-4320,captured,https://i.postimg.cc/gjmtgKPy/470.png,26,0,NA,NA,NA,NA,2022-10-04T21:08:09Z
"Trucks, Vehicles and Jeeps",Ukraine,https://upload.wikimedia.org/wikipedia/commons/thumb/a/a9/Flag_of_the_Soviet_Union.svg/23px-Flag_of_the_Soviet_Union.svg.png,Ural-4320,captured,https://postimg.cc/dLpRmzC7,26,0,NA,NA,NA,NA,2022-10-04T21:08:09Z
"Trucks, Vehicles and Jeeps",Ukraine,https://upload.wikimedia.org/wikipedia/commons/thumb/a/a9/Flag_of_the_Soviet_Union.svg/23px-Flag_of_the_Soviet_Union.svg.png,Ural-4320,captured,https://i.postimg.cc/5tqNnVFZ/f3.png,26,0,NA,NA,NA,NA,2022-10-04T21:08:09Z
"Trucks, Vehicles and Jeeps",Ukraine,https://upload.wikimedia.org/wikipedia/commons/thumb/a/a9/Flag_of_the_Soviet_Union.svg/23px-Flag_of_the_Soviet_Union.svg.png,Ural-4320,captured,https://i.postimg.cc/nrdDz39r/5g2.png,26,0,NA,NA,NA,NA,2022-10-04T21:08:09Z
"Trucks, Vehicles and Jeeps",Ukraine,https://upload.wikimedia.org/wikipedia/commons/thumb/a/a9/Flag_of_the_Soviet_Union.svg/23px-Flag_of_the_Soviet_Union.svg.png,KamAZ,damaged,https://i.postimg.cc/yx42BBdm/u1.png,4,0,NA,NA,NA,NA,2022-10-04T21:08:09Z
"Trucks, Vehicles and Jeeps",Ukraine,https://upload.wikimedia.org/wikipedia/commons/thumb/a/a9/Flag_of_the_Soviet_Union.svg/23px-Flag_of_the_Soviet_Union.svg.png,KamAZ,captured,https://postimg.cc/zLGjfVk0,4,0,NA,NA,NA,NA,2022-10-04T21:08:09Z
"Trucks, Vehicles and Jeeps",Ukraine,https://upload.wikimedia.org/wikipedia/commons/thumb/a/a9/Flag_of_the_Soviet_Union.svg/23px-Flag_of_the_Soviet_Union.svg.png,KamAZ,captured,https://i.postimg.cc/2yMp268K/tt1.png,4,0,NA,NA,NA,NA,2022-10-04T21:08:09Z
"Trucks, Vehicles and Jeeps",Ukraine,https://upload.wikimedia.org/wikipedia/commons/thumb/a/a9/Flag_of_the_Soviet_Union.svg/23px-Flag_of_the_Soviet_Union.svg.png,KamAZ,captured,https://i.postimg.cc/cLZWjvBp/tt2.png,4,0,NA,NA,NA,NA,2022-10-04T21:08:09Z
"Trucks, Vehicles and Jeeps",Ukraine,https://upload.wikimedia.org/wikipedia/commons/thumb/a/a9/Flag_of_the_Soviet_Union.svg/23px-Flag_of_the_Soviet_Union.svg.png,MAZ-537,destroyed,https://i.postimg.cc/25RJZzWf/Screenshot-8076.png,2,0,NA,NA,NA,NA,2022-10-04T21:08:09Z
"Trucks, Vehicles and Jeeps",Ukraine,https://upload.wikimedia.org/wikipedia/commons/thumb/a/a9/Flag_of_the_Soviet_Union.svg/23px-Flag_of_the_Soviet_Union.svg.png,MAZ-537,captured,https://i.postimg.cc/7LSW8dKp/35.png,2,0,NA,NA,NA,NA,2022-10-04T21:08:09Z
"Trucks, Vehicles and Jeeps",Ukraine,https://upload.wikimedia.org/wikipedia/commons/thumb/8/85/Flag_of_Belarus.svg/23px-Flag_of_Belarus.svg.png,MAZ-5316,destroyed,https://i.postimg.cc/6pr9sdqZ/Screenshot-8019.png,7,0,NA,NA,NA,NA,2022-10-04T21:08:09Z
"Trucks, Vehicles and Jeeps",Ukraine,https://upload.wikimedia.org/wikipedia/commons/thumb/8/85/Flag_of_Belarus.svg/23px-Flag_of_Belarus.svg.png,MAZ-5316,destroyed,https://i.postimg.cc/52g8DrqH/n1.png,7,0,NA,NA,NA,NA,2022-10-04T21:08:09Z
"Trucks, Vehicles and Jeeps",Ukraine,https://upload.wikimedia.org/wikipedia/commons/thumb/8/85/Flag_of_Belarus.svg/23px-Flag_of_Belarus.svg.png,MAZ-5316,destroyed,https://i.postimg.cc/L6dvbgC5/v48.png,7,0,NA,NA,NA,NA,2022-10-04T21:08:09Z
"Trucks, Vehicles and Jeeps",Ukraine,https://upload.wikimedia.org/wikipedia/commons/thumb/8/85/Flag_of_Belarus.svg/23px-Flag_of_Belarus.svg.png,MAZ-5316,destroyed,https://i.postimg.cc/mrXBssWx/416.png,7,0,NA,NA,NA,NA,2022-10-04T21:08:09Z
"Trucks, Vehicles and Jeeps",Ukraine,https://upload.wikimedia.org/wikipedia/commons/thumb/8/85/Flag_of_Belarus.svg/23px-Flag_of_Belarus.svg.png,MAZ-5316,destroyed,https://postimg.cc/TyhVz2dc,7,0,NA,NA,NA,NA,2022-10-04T21:08:09Z
"Trucks, Vehicles and Jeeps",Ukraine,https://upload.wikimedia.org/wikipedia/commons/thumb/8/85/Flag_of_Belarus.svg/23px-Flag_of_Belarus.svg.png,MAZ-5316,destroyed,https://postimg.cc/TyhVz2dc,7,0,NA,NA,NA,NA,2022-10-04T21:08:09Z
"Trucks, Vehicles and Jeeps",Ukraine,https://upload.wikimedia.org/wikipedia/commons/thumb/8/85/Flag_of_Belarus.svg/23px-Flag_of_Belarus.svg.png,MAZ-5316,damaged,https://i.postimg.cc/L6ZKgBD7/4ff.png,7,0,NA,NA,NA,NA,2022-10-04T21:08:09Z
"Trucks, Vehicles and Jeeps",Ukraine,https://upload.wikimedia.org/wikipedia/commons/thumb/a/a9/Flag_of_the_Soviet_Union.svg/23px-Flag_of_the_Soviet_Union.svg.png,MAZ AC-8-500A Tanker,destroyed,https://i.postimg.cc/GmXZ5RDV/64.png,1,0,NA,NA,NA,NA,2022-10-04T21:08:09Z
"Trucks, Vehicles and Jeeps",Ukraine,https://upload.wikimedia.org/wikipedia/en/thumb/a/a4/Flag_of_the_United_States.svg/23px-Flag_of_the_United_States.svg.png,M1083A1P2 armored cargo truck,destroyed,https://i.postimg.cc/PrDcsPX5/2001.jpg,2,0,NA,NA,NA,NA,2022-10-04T21:08:09Z
"Trucks, Vehicles and Jeeps",Ukraine,https://upload.wikimedia.org/wikipedia/en/thumb/a/a4/Flag_of_the_United_States.svg/23px-Flag_of_the_United_States.svg.png,M1083A1P2 armored cargo truck,destroyed,https://twitter.com/UAWeapons/status/1564339685337583619,2,0,NA,NA,NA,NA,2022-10-04T21:08:09Z
"Trucks, Vehicles and Jeeps",Ukraine,https://upload.wikimedia.org/wikipedia/commons/thumb/a/a9/Flag_of_the_Soviet_Union.svg/23px-Flag_of_the_Soviet_Union.svg.png,UAZ-469 jeep,destroyed,https://postlmg.cc/yWHNY0kF,7,0,NA,NA,NA,NA,2022-10-04T21:08:09Z
"Trucks, Vehicles and Jeeps",Ukraine,https://upload.wikimedia.org/wikipedia/commons/thumb/a/a9/Flag_of_the_Soviet_Union.svg/23px-Flag_of_the_Soviet_Union.svg.png,UAZ-469 jeep,captured,https://i.postimg.cc/HLT8ySnD/1014.jpg,7,0,NA,NA,NA,NA,2022-10-04T21:08:09Z
"Trucks, Vehicles and Jeeps",Ukraine,https://upload.wikimedia.org/wikipedia/commons/thumb/a/a9/Flag_of_the_Soviet_Union.svg/23px-Flag_of_the_Soviet_Union.svg.png,UAZ-469 jeep,captured,https://i.postimg.cc/tgpMs65F/Screenshot-8026.png,7,0,NA,NA,NA,NA,2022-10-04T21:08:09Z
"Trucks, Vehicles and Jeeps",Ukraine,https://upload.wikimedia.org/wikipedia/commons/thumb/a/a9/Flag_of_the_Soviet_Union.svg/23px-Flag_of_the_Soviet_Union.svg.png,UAZ-469 jeep,captured,https://i.postimg.cc/kXMB2DzL/43.png,7,0,NA,NA,NA,NA,2022-10-04T21:08:09Z
"Trucks, Vehicles and Jeeps",Ukraine,https://upload.wikimedia.org/wikipedia/commons/thumb/a/a9/Flag_of_the_Soviet_Union.svg/23px-Flag_of_the_Soviet_Union.svg.png,UAZ-469 jeep,captured,https://i.postimg.cc/90crT04r/776.png,7,0,NA,NA,NA,NA,2022-10-04T21:08:09Z
"Trucks, Vehicles and Jeeps",Ukraine,https://upload.wikimedia.org/wikipedia/commons/thumb/a/a9/Flag_of_the_Soviet_Union.svg/23px-Flag_of_the_Soviet_Union.svg.png,UAZ-469 jeep,destroyed,https://i.postimg.cc/vHXz28qN/3f.jpg,7,0,NA,NA,NA,NA,2022-10-04T21:08:09Z
"Trucks, Vehicles and Jeeps",Ukraine,https://upload.wikimedia.org/wikipedia/commons/thumb/a/a9/Flag_of_the_Soviet_Union.svg/23px-Flag_of_the_Soviet_Union.svg.png,UAZ-469 jeep,destroyed,https://i.postimg.cc/C5hRYrst/4f76.png,7,0,NA,NA,NA,NA,2022-10-04T21:08:09Z
"Trucks, Vehicles and Jeeps",Ukraine,https://upload.wikimedia.org/wikipedia/commons/thumb/a/a9/Flag_of_the_Soviet_Union.svg/23px-Flag_of_the_Soviet_Union.svg.png,UAZ-452 van,destroyed,https://i.postimg.cc/Kc5kxLHn/hh6.jpg,6,0,NA,NA,NA,NA,2022-10-04T21:08:09Z
"Trucks, Vehicles and Jeeps",Ukraine,https://upload.wikimedia.org/wikipedia/commons/thumb/a/a9/Flag_of_the_Soviet_Union.svg/23px-Flag_of_the_Soviet_Union.svg.png,UAZ-452 van,destroyed,https://i.postimg.cc/k5mD2Xc6/76.jpg,6,0,NA,NA,NA,NA,2022-10-04T21:08:09Z
"Trucks, Vehicles and Jeeps",Ukraine,https://upload.wikimedia.org/wikipedia/commons/thumb/a/a9/Flag_of_the_Soviet_Union.svg/23px-Flag_of_the_Soviet_Union.svg.png,UAZ-452 van,destroyed,https://i.postimg.cc/3R9d5LPR/2000.jpg,6,0,NA,NA,NA,NA,2022-10-04T21:08:09Z
"Trucks, Vehicles and Jeeps",Ukraine,https://upload.wikimedia.org/wikipedia/commons/thumb/a/a9/Flag_of_the_Soviet_Union.svg/23px-Flag_of_the_Soviet_Union.svg.png,UAZ-452 van,destroyed,https://i.postimg.cc/3R9d5LPR/2000.jpg,6,0,NA,NA,NA,NA,2022-10-04T21:08:09Z
"Trucks, Vehicles and Jeeps",Ukraine,https://upload.wikimedia.org/wikipedia/commons/thumb/a/a9/Flag_of_the_Soviet_Union.svg/23px-Flag_of_the_Soviet_Union.svg.png,UAZ-452 van,captured,https://i.postimg.cc/NFjnSrgK/bl.png,6,0,NA,NA,NA,NA,2022-10-04T21:08:09Z
"Trucks, Vehicles and Jeeps",Ukraine,https://upload.wikimedia.org/wikipedia/commons/thumb/a/a9/Flag_of_the_Soviet_Union.svg/23px-Flag_of_the_Soviet_Union.svg.png,UAZ-452 van,captured,https://i.postimg.cc/d0vnz2LL/2dh.png,6,0,NA,NA,NA,NA,2022-10-04T21:08:09Z
"Trucks, Vehicles and Jeeps",Ukraine,https://upload.wikimedia.org/wikipedia/en/thumb/b/ba/Flag_of_Germany.svg/23px-Flag_of_Germany.svg.png,Armoured Volkswagen Amarok pickup truck,damaged,https://i.postimg.cc/tgB7S9GQ/65.png,1,0,NA,NA,NA,NA,2022-10-04T21:08:09Z
"Trucks, Vehicles and Jeeps",Ukraine,https://upload.wikimedia.org/wikipedia/commons/thumb/4/49/Flag_of_Ukraine.svg/23px-Flag_of_Ukraine.svg.png,Armed pickup truck,destroyed,https://i.postimg.cc/02vqMs8b/6690.jpg,3,0,NA,NA,NA,NA,2022-10-04T21:08:09Z
"Trucks, Vehicles and Jeeps",Ukraine,https://upload.wikimedia.org/wikipedia/commons/thumb/4/49/Flag_of_Ukraine.svg/23px-Flag_of_Ukraine.svg.png,Armed pickup truck,destroyed,https://i.postimg.cc/Vsn8k6Px/6689.jpg,3,0,NA,NA,NA,NA,2022-10-04T21:08:09Z
"Trucks, Vehicles and Jeeps",Ukraine,https://upload.wikimedia.org/wikipedia/commons/thumb/4/49/Flag_of_Ukraine.svg/23px-Flag_of_Ukraine.svg.png,Armed pickup truck,destroyed,https://i.postimg.cc/gjQnYBXn/87.jpg,3,0,NA,NA,NA,NA,2022-10-04T21:08:09Z
"Trucks, Vehicles and Jeeps",Ukraine,https://upload.wikimedia.org/wikipedia/commons/thumb/4/49/Flag_of_Ukraine.svg/23px-Flag_of_Ukraine.svg.png,Armed tactical buggy,destroyed,https://i.postimg.cc/J7jYBMN3/32d.jpg,1,0,NA,NA,NA,NA,2022-10-04T21:08:09Z
"Trucks, Vehicles and Jeeps",Ukraine,https://upload.wikimedia.org/wikipedia/en/thumb/a/a4/Flag_of_the_United_States.svg/23px-Flag_of_the_United_States.svg.png,Ford Ranger,damaged,https://i.postimg.cc/zvKMKtZ3/2005.jpg,1,0,NA,NA,NA,NA,2022-10-04T21:08:09Z
"Trucks, Vehicles and Jeeps",Ukraine,https://upload.wikimedia.org/wikipedia/en/thumb/c/c3/Flag_of_France.svg/23px-Flag_of_France.svg.png,Peugeot P4,destroyed,https://i.postimg.cc/gkd4DQVG/2000-Peugeot-P4.jpg,1,0,NA,NA,NA,NA,2022-10-04T21:08:09Z
"Trucks, Vehicles and Jeeps",Ukraine,https://upload.wikimedia.org/wikipedia/commons/thumb/4/49/Flag_of_Ukraine.svg/23px-Flag_of_Ukraine.svg.png,Unknown pickup,destroyed,https://i.postimg.cc/6qscrvxT/2000-pickup.jpg,1,0,NA,NA,NA,NA,2022-10-04T21:08:09Z
"Trucks, Vehicles and Jeeps",Ukraine,https://upload.wikimedia.org/wikipedia/commons/thumb/4/49/Flag_of_Ukraine.svg/23px-Flag_of_Ukraine.svg.png,Unknown truck,destroyed,https://i.postimg.cc/zfsjQf9B/79.png,51,0,NA,NA,NA,NA,2022-10-04T21:08:09Z
"Trucks, Vehicles and Jeeps",Ukraine,https://upload.wikimedia.org/wikipedia/commons/thumb/4/49/Flag_of_Ukraine.svg/23px-Flag_of_Ukraine.svg.png,Unknown truck,destroyed,https://i.postimg.cc/4yz0rXTH/6h6.jpg,51,0,NA,NA,NA,NA,2022-10-04T21:08:09Z
"Trucks, Vehicles and Jeeps",Ukraine,https://upload.wikimedia.org/wikipedia/commons/thumb/4/49/Flag_of_Ukraine.svg/23px-Flag_of_Ukraine.svg.png,Unknown truck,destroyed,https://i.postimg.cc/ryd7kXqN/1013.png,51,0,NA,NA,NA,NA,2022-10-04T21:08:09Z
"Trucks, Vehicles and Jeeps",Ukraine,https://upload.wikimedia.org/wikipedia/commons/thumb/4/49/Flag_of_Ukraine.svg/23px-Flag_of_Ukraine.svg.png,Unknown truck,destroyed,https://i.postimg.cc/QdnM0gx9/4fh.png,51,0,NA,NA,NA,NA,2022-10-04T21:08:09Z
"Trucks, Vehicles and Jeeps",Ukraine,https://upload.wikimedia.org/wikipedia/commons/thumb/4/49/Flag_of_Ukraine.svg/23px-Flag_of_Ukraine.svg.png,Unknown truck,destroyed,https://i.postimg.cc/BnNpxWwv/33.jpg,51,0,NA,NA,NA,NA,2022-10-04T21:08:09Z
"Trucks, Vehicles and Jeeps",Ukraine,https://upload.wikimedia.org/wikipedia/commons/thumb/4/49/Flag_of_Ukraine.svg/23px-Flag_of_Ukraine.svg.png,Unknown truck,destroyed,https://i.postimg.cc/BnNpxWwv/33.jpg,51,0,NA,NA,NA,NA,2022-10-04T21:08:09Z
"Trucks, Vehicles and Jeeps",Ukraine,https://upload.wikimedia.org/wikipedia/commons/thumb/4/49/Flag_of_Ukraine.svg/23px-Flag_of_Ukraine.svg.png,Unknown truck,destroyed,https://i.postimg.cc/BnNpxWwv/33.jpg,51,0,NA,NA,NA,NA,2022-10-04T21:08:09Z
"Trucks, Vehicles and Jeeps",Ukraine,https://upload.wikimedia.org/wikipedia/commons/thumb/4/49/Flag_of_Ukraine.svg/23px-Flag_of_Ukraine.svg.png,Unknown truck,destroyed,https://i.postimg.cc/02rY35Tx/580.png,51,0,NA,NA,NA,NA,2022-10-04T21:08:09Z
"Trucks, Vehicles and Jeeps",Ukraine,https://upload.wikimedia.org/wikipedia/commons/thumb/4/49/Flag_of_Ukraine.svg/23px-Flag_of_Ukraine.svg.png,Unknown truck,destroyed,https://i.postimg.cc/sfPqrvYP/f22.png,51,0,NA,NA,NA,NA,2022-10-04T21:08:09Z
"Trucks, Vehicles and Jeeps",Ukraine,https://upload.wikimedia.org/wikipedia/commons/thumb/4/49/Flag_of_Ukraine.svg/23px-Flag_of_Ukraine.svg.png,Unknown truck,destroyed,https://i.postimg.cc/J0jdMrPN/900.jpg,51,0,NA,NA,NA,NA,2022-10-04T21:08:09Z
"Trucks, Vehicles and Jeeps",Ukraine,https://upload.wikimedia.org/wikipedia/commons/thumb/4/49/Flag_of_Ukraine.svg/23px-Flag_of_Ukraine.svg.png,Unknown truck,destroyed,https://i.postimg.cc/xTtBCC95/6hk.jpg,51,0,NA,NA,NA,NA,2022-10-04T21:08:09Z
"Trucks, Vehicles and Jeeps",Ukraine,https://upload.wikimedia.org/wikipedia/commons/thumb/4/49/Flag_of_Ukraine.svg/23px-Flag_of_Ukraine.svg.png,Unknown truck,destroyed,https://i.postimg.cc/xTtBCC95/6hk.jpg,51,0,NA,NA,NA,NA,2022-10-04T21:08:09Z
"Trucks, Vehicles and Jeeps",Ukraine,https://upload.wikimedia.org/wikipedia/commons/thumb/4/49/Flag_of_Ukraine.svg/23px-Flag_of_Ukraine.svg.png,Unknown truck,destroyed,https://i.postimg.cc/xTtBCC95/6hk.jpg,51,0,NA,NA,NA,NA,2022-10-04T21:08:09Z
"Trucks, Vehicles and Jeeps",Ukraine,https://upload.wikimedia.org/wikipedia/commons/thumb/4/49/Flag_of_Ukraine.svg/23px-Flag_of_Ukraine.svg.png,Unknown truck,destroyed,https://i.postimg.cc/nV9FvX5k/f60.jpg,51,0,NA,NA,NA,NA,2022-10-04T21:08:09Z
"Trucks, Vehicles and Jeeps",Ukraine,https://upload.wikimedia.org/wikipedia/commons/thumb/4/49/Flag_of_Ukraine.svg/23px-Flag_of_Ukraine.svg.png,Unknown truck,destroyed,https://i.postimg.cc/nV9FvX5k/f60.jpg,51,0,NA,NA,NA,NA,2022-10-04T21:08:09Z
"Trucks, Vehicles and Jeeps",Ukraine,https://upload.wikimedia.org/wikipedia/commons/thumb/4/49/Flag_of_Ukraine.svg/23px-Flag_of_Ukraine.svg.png,Unknown truck,destroyed,https://i.postimg.cc/xjHhH1Wr/ku4.png,51,0,NA,NA,NA,NA,2022-10-04T21:08:09Z
"Trucks, Vehicles and Jeeps",Ukraine,https://upload.wikimedia.org/wikipedia/commons/thumb/4/49/Flag_of_Ukraine.svg/23px-Flag_of_Ukraine.svg.png,Unknown truck,destroyed,https://i.postimg.cc/xjHhH1Wr/ku4.png,51,0,NA,NA,NA,NA,2022-10-04T21:08:09Z
"Trucks, Vehicles and Jeeps",Ukraine,https://upload.wikimedia.org/wikipedia/commons/thumb/4/49/Flag_of_Ukraine.svg/23px-Flag_of_Ukraine.svg.png,Unknown truck,destroyed,https://i.postimg.cc/J0bFWpb7/ku3.png,51,0,NA,NA,NA,NA,2022-10-04T21:08:09Z
"Trucks, Vehicles and Jeeps",Ukraine,https://upload.wikimedia.org/wikipedia/commons/thumb/4/49/Flag_of_Ukraine.svg/23px-Flag_of_Ukraine.svg.png,Unknown truck,destroyed,https://i.postimg.cc/fLSF8zy9/ku1.png,51,0,NA,NA,NA,NA,2022-10-04T21:08:09Z
"Trucks, Vehicles and Jeeps",Ukraine,https://upload.wikimedia.org/wikipedia/commons/thumb/4/49/Flag_of_Ukraine.svg/23px-Flag_of_Ukraine.svg.png,Unknown truck,destroyed,https://i.postimg.cc/J46gfsKt/16.png,51,0,NA,NA,NA,NA,2022-10-04T21:08:09Z
"Trucks, Vehicles and Jeeps",Ukraine,https://upload.wikimedia.org/wikipedia/commons/thumb/4/49/Flag_of_Ukraine.svg/23px-Flag_of_Ukraine.svg.png,Unknown truck,destroyed,https://i.postimg.cc/L8GZd2sh/321.png,51,0,NA,NA,NA,NA,2022-10-04T21:08:09Z
"Trucks, Vehicles and Jeeps",Ukraine,https://upload.wikimedia.org/wikipedia/commons/thumb/4/49/Flag_of_Ukraine.svg/23px-Flag_of_Ukraine.svg.png,Unknown truck,destroyed,https://i.postimg.cc/vB4Tf41M/764.jpg,51,0,NA,NA,NA,NA,2022-10-04T21:08:09Z
"Trucks, Vehicles and Jeeps",Ukraine,https://upload.wikimedia.org/wikipedia/commons/thumb/4/49/Flag_of_Ukraine.svg/23px-Flag_of_Ukraine.svg.png,Unknown truck,destroyed,https://twitter.com/RALee85/status/1512670441722327045,51,0,NA,NA,NA,NA,2022-10-04T21:08:09Z
"Trucks, Vehicles and Jeeps",Ukraine,https://upload.wikimedia.org/wikipedia/commons/thumb/4/49/Flag_of_Ukraine.svg/23px-Flag_of_Ukraine.svg.png,Unknown truck,destroyed,https://i.postimg.cc/xdxy9bDS/t1.jpg,51,0,NA,NA,NA,NA,2022-10-04T21:08:09Z
"Trucks, Vehicles and Jeeps",Ukraine,https://upload.wikimedia.org/wikipedia/commons/thumb/4/49/Flag_of_Ukraine.svg/23px-Flag_of_Ukraine.svg.png,Unknown truck,destroyed,https://i.postimg.cc/nzXKrcp9/t2.jpg,51,0,NA,NA,NA,NA,2022-10-04T21:08:09Z
"Trucks, Vehicles and Jeeps",Ukraine,https://upload.wikimedia.org/wikipedia/commons/thumb/4/49/Flag_of_Ukraine.svg/23px-Flag_of_Ukraine.svg.png,Unknown truck,destroyed,https://i.postimg.cc/mg7VFFRp/668.jpg,51,0,NA,NA,NA,NA,2022-10-04T21:08:09Z
"Trucks, Vehicles and Jeeps",Ukraine,https://upload.wikimedia.org/wikipedia/commons/thumb/4/49/Flag_of_Ukraine.svg/23px-Flag_of_Ukraine.svg.png,Unknown truck,destroyed,https://postimg.cc/67ZynDH1,51,0,NA,NA,NA,NA,2022-10-04T21:08:09Z
"Trucks, Vehicles and Jeeps",Ukraine,https://upload.wikimedia.org/wikipedia/commons/thumb/4/49/Flag_of_Ukraine.svg/23px-Flag_of_Ukraine.svg.png,Unknown truck,destroyed,https://i.postimg.cc/8CzFgs7w/g1.jpg,51,0,NA,NA,NA,NA,2022-10-04T21:08:09Z
"Trucks, Vehicles and Jeeps",Ukraine,https://upload.wikimedia.org/wikipedia/commons/thumb/4/49/Flag_of_Ukraine.svg/23px-Flag_of_Ukraine.svg.png,Unknown truck,destroyed,https://i.postimg.cc/4nRZf2Bs/g2.jpg,51,0,NA,NA,NA,NA,2022-10-04T21:08:09Z
"Trucks, Vehicles and Jeeps",Ukraine,https://upload.wikimedia.org/wikipedia/commons/thumb/4/49/Flag_of_Ukraine.svg/23px-Flag_of_Ukraine.svg.png,Unknown truck,destroyed,https://twitter.com/UAWeapons/status/1543548850559926272,51,0,NA,NA,NA,NA,2022-10-04T21:08:09Z
"Trucks, Vehicles and Jeeps",Ukraine,https://upload.wikimedia.org/wikipedia/commons/thumb/4/49/Flag_of_Ukraine.svg/23px-Flag_of_Ukraine.svg.png,Unknown truck,destroyed,https://i.postimg.cc/zvgJtQfW/2002.jpg,51,0,NA,NA,NA,NA,2022-10-04T21:08:09Z
"Trucks, Vehicles and Jeeps",Ukraine,https://upload.wikimedia.org/wikipedia/commons/thumb/4/49/Flag_of_Ukraine.svg/23px-Flag_of_Ukraine.svg.png,Unknown truck,destroyed,https://twitter.com/UAWeapons/status/1545021770008240130,51,0,NA,NA,NA,NA,2022-10-04T21:08:09Z
"Trucks, Vehicles and Jeeps",Ukraine,https://upload.wikimedia.org/wikipedia/commons/thumb/4/49/Flag_of_Ukraine.svg/23px-Flag_of_Ukraine.svg.png,Unknown truck,destroyed,https://twitter.com/UAWeapons/status/1545729747384156162,51,0,NA,NA,NA,NA,2022-10-04T21:08:09Z
"Trucks, Vehicles and Jeeps",Ukraine,https://upload.wikimedia.org/wikipedia/commons/thumb/4/49/Flag_of_Ukraine.svg/23px-Flag_of_Ukraine.svg.png,Unknown truck,destroyed,https://twitter.com/RALee85/status/1545905428776747016,51,0,NA,NA,NA,NA,2022-10-04T21:08:09Z
"Trucks, Vehicles and Jeeps",Ukraine,https://upload.wikimedia.org/wikipedia/commons/thumb/4/49/Flag_of_Ukraine.svg/23px-Flag_of_Ukraine.svg.png,Unknown truck,destroyed,https://postimg.cc/2VyHQjMk,51,0,NA,NA,NA,NA,2022-10-04T21:08:09Z
"Trucks, Vehicles and Jeeps",Ukraine,https://upload.wikimedia.org/wikipedia/commons/thumb/4/49/Flag_of_Ukraine.svg/23px-Flag_of_Ukraine.svg.png,Unknown truck,destroyed,https://postimg.cc/m12m6TrS,51,0,NA,NA,NA,NA,2022-10-04T21:08:09Z
"Trucks, Vehicles and Jeeps",Ukraine,https://upload.wikimedia.org/wikipedia/commons/thumb/4/49/Flag_of_Ukraine.svg/23px-Flag_of_Ukraine.svg.png,Unknown truck,destroyed,https://twitter.com/UAWeapons/status/1550486419243761666,51,0,NA,NA,NA,NA,2022-10-04T21:08:09Z
"Trucks, Vehicles and Jeeps",Ukraine,https://upload.wikimedia.org/wikipedia/commons/thumb/4/49/Flag_of_Ukraine.svg/23px-Flag_of_Ukraine.svg.png,Unknown truck,destroyed,https://postimg.cc/0zmXQ3ph,51,0,NA,NA,NA,NA,2022-10-04T21:08:09Z
"Trucks, Vehicles and Jeeps",Ukraine,https://upload.wikimedia.org/wikipedia/commons/thumb/4/49/Flag_of_Ukraine.svg/23px-Flag_of_Ukraine.svg.png,Unknown truck,destroyed,https://postimg.cc/YLhbwyrn,51,0,NA,NA,NA,NA,2022-10-04T21:08:09Z
"Trucks, Vehicles and Jeeps",Ukraine,https://upload.wikimedia.org/wikipedia/commons/thumb/4/49/Flag_of_Ukraine.svg/23px-Flag_of_Ukraine.svg.png,Unknown truck,destroyed,https://postimg.cc/1fVJCTY4,51,0,NA,NA,NA,NA,2022-10-04T21:08:09Z
"Trucks, Vehicles and Jeeps",Ukraine,https://upload.wikimedia.org/wikipedia/commons/thumb/4/49/Flag_of_Ukraine.svg/23px-Flag_of_Ukraine.svg.png,Unknown truck,destroyed,https://twitter.com/UAWeapons/status/1552699448614060033,51,0,NA,NA,NA,NA,2022-10-04T21:08:09Z
"Trucks, Vehicles and Jeeps",Ukraine,https://upload.wikimedia.org/wikipedia/commons/thumb/4/49/Flag_of_Ukraine.svg/23px-Flag_of_Ukraine.svg.png,Unknown truck,destroyed,https://twitter.com/UAWeapons/status/1554424738914734081,51,0,NA,NA,NA,NA,2022-10-04T21:08:09Z
"Trucks, Vehicles and Jeeps",Ukraine,https://upload.wikimedia.org/wikipedia/commons/thumb/4/49/Flag_of_Ukraine.svg/23px-Flag_of_Ukraine.svg.png,Unknown truck,destroyed,https://i.postimg.cc/15GCKJtS/2003-unkn-truck.jpg,51,0,NA,NA,NA,NA,2022-10-04T21:08:09Z
"Trucks, Vehicles and Jeeps",Ukraine,https://upload.wikimedia.org/wikipedia/commons/thumb/4/49/Flag_of_Ukraine.svg/23px-Flag_of_Ukraine.svg.png,Unknown truck,destroyed,https://i.postimg.cc/gjNYh2K4/d35.png,51,0,NA,NA,NA,NA,2022-10-04T21:08:09Z
"Trucks, Vehicles and Jeeps",Ukraine,https://upload.wikimedia.org/wikipedia/commons/thumb/4/49/Flag_of_Ukraine.svg/23px-Flag_of_Ukraine.svg.png,Unknown truck,destroyed,https://i.postimg.cc/W3smp5Yr/4ff2.png,51,0,NA,NA,NA,NA,2022-10-04T21:08:09Z
"Trucks, Vehicles and Jeeps",Ukraine,https://upload.wikimedia.org/wikipedia/commons/thumb/4/49/Flag_of_Ukraine.svg/23px-Flag_of_Ukraine.svg.png,Unknown truck,destroyed,https://i.postimg.cc/VvC9w4xL/2000-unkn-truck.jpg,51,0,NA,NA,NA,NA,2022-10-04T21:08:09Z
"Trucks, Vehicles and Jeeps",Ukraine,https://upload.wikimedia.org/wikipedia/commons/thumb/4/49/Flag_of_Ukraine.svg/23px-Flag_of_Ukraine.svg.png,Unknown truck,destroyed,https://i.postimg.cc/Yqv4XN4z/2006-truck.jpg,51,0,NA,NA,NA,NA,2022-10-04T21:08:09Z
"Trucks, Vehicles and Jeeps",Ukraine,https://upload.wikimedia.org/wikipedia/commons/thumb/4/49/Flag_of_Ukraine.svg/23px-Flag_of_Ukraine.svg.png,Unknown truck,damaged,https://i.postimg.cc/4xBF4TJG/37.jpg,51,0,NA,NA,NA,NA,2022-10-04T21:08:09Z
"Trucks, Vehicles and Jeeps",Ukraine,https://upload.wikimedia.org/wikipedia/commons/thumb/4/49/Flag_of_Ukraine.svg/23px-Flag_of_Ukraine.svg.png,Unknown truck,damaged,https://i.postimg.cc/4xBF4TJG/37.jpg,51,0,NA,NA,NA,NA,2022-10-04T21:08:09Z
"Trucks, Vehicles and Jeeps",Ukraine,https://upload.wikimedia.org/wikipedia/commons/thumb/4/49/Flag_of_Ukraine.svg/23px-Flag_of_Ukraine.svg.png,Unknown truck,abandoned,https://i.postimg.cc/3Jzj3bLL/bnm.png,51,0,NA,NA,NA,NA,2022-10-04T21:08:09Z
"Trucks, Vehicles and Jeeps",Ukraine,https://upload.wikimedia.org/wikipedia/commons/thumb/4/49/Flag_of_Ukraine.svg/23px-Flag_of_Ukraine.svg.png,Unknown truck,captured,https://i.postimg.cc/JnP8Cxr0/Screenshot-8249.png,51,0,NA,NA,NA,NA,2022-10-04T21:08:09Z
